timestamp,trade_id,timestamp,pnl,fee_paid,balance,equity,qty,price,psize,pprice,type,pcost,wallet_exposure,mins_since_prev_fill
1637904420000.0,2739,1637904420000.0,0.0,-0.007930350000000001,999.99206965,1000.08881965,4.5,8.8115,4.5,8.8115,long_ientry_normal,39.65175,0.03965206445474935,
1637907240000.0,2786,1637907240000.0,0.10589999999999833,-0.00266463,1000.09530502,1000.26180502,-1.5,8.8821,3.0,8.8115,long_nclose,26.4345,0.02643198089953173,47.0
1637907300000.0,2787,1637907300000.0,0.07059999999999889,-0.00177642,1000.1641285999999,1000.3091285999999,-1.0,8.8821,2.0,8.8115,long_nclose,17.623,0.017620108036336152,1.0
1637907480000.0,2790,1637907480000.0,0.04235999999999933,-0.001065852,1000.2054227479999,1000.284522748,-0.6,8.8821,1.4,8.8115,long_nclose,12.3361,0.012333566404896466,3.0
1637907600000.0,2792,1637907600000.0,0.028239999999999557,-0.000710568,1000.2329521799999,1000.3144521799999,-0.4,8.8821,1.0,8.8115,long_nclose,8.8115,0.008809447819925754,2.0
1637907720000.0,2794,1637907720000.0,0.021179999999999664,-0.000532926,1000.2535992539998,1000.3001492539998,-0.3,8.8821,0.7,8.8115,long_nclose,6.16805,0.006166486183704013,2.0
1637907900000.0,2797,1637907900000.0,0.014119999999999779,-0.000355284,1000.2673639699999,1000.3076139699999,-0.2,8.8821,0.5,8.8115,long_nclose,4.40575,0.00440457237604339,3.0
1637908080000.0,2800,1637908080000.0,0.007059999999999889,-0.000177642,1000.2742463279999,1000.2996463279999,-0.1,8.8821,0.4,8.8115,long_nclose,3.5246000000000004,0.0035236336564085135,3.0
1637908140000.0,2801,1637908140000.0,0.007059999999999889,-0.000177642,1000.2811286859999,1000.2980786859998,-0.1,8.8821,0.3,8.8115,long_nclose,2.64345,0.002642707059236954,1.0
1637908200000.0,2802,1637908200000.0,0.007059999999999889,-0.000177642,1000.2880110439999,1000.3031110439998,-0.1,8.8821,0.2,8.8115,long_nclose,1.7623000000000002,0.001761792584278491,1.0
1637909280000.0,2820,1637909280000.0,0.0,-0.0077318560000000005,1000.2802791879999,1000.3938991879999,4.4,8.7862,4.6,8.7873,long_ientry_partial,40.42158,0.04041025384686493,18.0
1637910540000.0,2841,1637910540000.0,0.10559999999999903,-0.00265731,1000.3832218779999,1000.6085918779999,-1.5,8.8577,3.1,8.7873,long_nclose,27.24063,0.02723019479361289,21.0
1637911500000.0,2857,1637911500000.0,0.07039999999999935,-0.00177154,1000.4518503379998,1000.6003203379997,-1.0,8.8577,2.1,8.7873,long_nclose,18.45333,0.018444995622493573,16.0
1637911800000.0,2862,1637911800000.0,0.049279999999999546,-0.001240078,1000.4998902599997,1000.6058702599997,-0.7,8.8577,1.4,8.7873,long_nclose,12.30222,0.012296073312714732,5.0
1637913120000.0,2884,1637913120000.0,0.0,-0.005610048000000001,1000.4942802119997,1000.2906202119997,3.2,8.7657,4.6,8.77227391304348,long_ientry_partial,40.35246,0.04033252443127363,22.0
1637913540000.0,2891,1637913540000.0,0.0,-0.008034086000000001,1000.4862461259997,999.9247561259997,4.7,8.5469,9.3,8.658375268817206,long_rentry,80.52289000000002,0.0804837550858836,7.0
1637914440000.0,2906,1637914440000.0,0.0,-0.008030784,1000.4782153419998,998.6221053419997,4.8,8.3654,14.1,8.5586390070922,long_rentry,120.67681000000002,0.12061912808241237,15.0
1637914800000.0,2912,1637914800000.0,0.0,-0.011971124000000001,1000.4662442179998,995.0714142179999,7.3,8.1994,21.4,8.436094859813085,long_rentry,180.53243,0.18044829702486426,6.0
1637915160000.0,2918,1637915160000.0,0.0,-0.017714934,1000.4485292839998,990.0089292839998,11.1,7.9797,32.5,8.280218461538462,long_rentry,269.1071,0.2689864516994136,6.0
1637915340000.0,2921,1637915340000.0,0.0,-0.025970568,1000.4225587159998,980.9040187159998,16.9,7.6836,49.4,8.076112145748988,long_rentry,398.95994,0.3987914272065679,3.0
1637915520000.0,2924,1637915520000.0,1.0608808097166018,-0.026701824,1001.4567377017164,998.2190368919997,-16.4,8.1408,33.0,8.076112145748988,long_nclose,266.5117008097166,0.2661240279049349,3.0
1637915580000.0,2925,1637915580000.0,0.7115663967611354,-0.01790976,1002.1503943384776,1004.0179271319998,-11.0,8.1408,22.0,8.076112145748988,long_nclose,177.67446720647774,0.1772932168766557,1.0
1637916240000.0,2936,1637916240000.0,0.47222133603238986,-0.011885568000000001,1002.6107301065099,1003.3440815639998,-7.3,8.1408,14.7,8.076112145748988,long_nclose,118.71884854251012,0.11840971274055516,11.0
1637917920000.0,2964,1637917920000.0,0.31697048582996035,-0.007977984,1002.9197226083398,1003.8006235799998,-4.9,8.1408,9.8,8.076112145748988,long_nclose,79.1458990283401,0.07891548769476951,28.0
1637918100000.0,2967,1637918100000.0,0.6736904858299559,-0.008049328,1003.5853637661698,1004.2169142519998,-4.9,8.2136,4.9,8.076112145748988,long_nclose,39.57294951417005,0.03943157298116031,3.0
1637918160000.0,2968,1637918160000.0,0.32997085020242733,-0.003942528,1003.9113920883723,1004.2536117239998,-2.4,8.2136,2.5,8.076112145748988,long_nclose,20.19028036437247,0.020111615948865694,1.0
1637918220000.0,2969,1637918220000.0,0.0,-0.0039422400000000005,1003.9074498483723,1004.2055694839999,2.4,8.213000000000001,4.9,8.143159258035197,long_ientry_partial,39.90148036437247,0.039746174182091275,1.0
1637918220000.0,2969,1637918220000.0,0.08452889035776252,-0.001971264,1003.9900074747301,1004.2151182199998,-1.2,8.2136,3.7,8.143159258035197,long_nclose,30.12968925473023,0.030009949332576977,0.0
1637918280000.0,2970,1637918280000.0,0.0,-0.0019689600000000005,1003.9880385147301,1004.2229492599998,1.2,8.204,4.9,8.158059031577597,long_ientry_partial,39.97448925473023,0.03981570269887607,1.0
1637918280000.0,2970,1637918280000.0,0.06040916210688252,-0.0019700159999999998,1004.046477660837,1004.2238592439999,-1.2,8.2084,3.7,8.158059031577597,long_nclose,30.18481841683711,0.03006316847718022,0.0
1637918340000.0,2971,1637918340000.0,0.0,-0.00196944,1004.044508220837,1003.9670898039999,1.2,8.206,4.9,8.169799676905532,long_ientry_partial,40.03201841683711,0.03987076079702253,1.0
1637919240000.0,2986,1637919240000.0,0.0,-0.007960600000000002,1004.0365476208369,1002.6293292039999,5.0,7.9606,9.9,8.064143274427991,long_rentry,79.83501841683712,0.07951405614269125,15.0
1637919360000.0,2988,1637919360000.0,0.0,-0.008104616,1004.028443004837,1001.4805445879998,5.2,7.7929,15.1,7.970734994492524,long_rentry,120.35809841683711,0.11987518805406719,2.0
1637919960000.0,2998,1637919960000.0,0.319325027537376,-0.0080346,1004.3397334323744,1004.9484099879999,-5.0,8.0346,10.1,7.970734994492524,long_nclose,80.5044234443745,0.0801565653180395,10.0
1637920020000.0,2999,1637920020000.0,0.21075451817466817,-0.005302835999999999,1004.545185114549,1004.9957871519998,-3.3,8.0346,6.8,7.970734994492524,long_nclose,54.20099796254916,0.0539557590496724,1.0
1637924580000.0,3075,1637924580000.0,0.0,-0.008053656000000001,1004.537131458549,1003.0318534959998,5.2,7.7439,12.0,7.87243983021243,long_rentry,94.46927796254917,0.09404259434928347,76.0
1637924940000.0,3081,1637924940000.0,0.0,-0.009404656,1004.527726802549,1000.9729688399998,6.2,7.5844,18.2,7.774316371568635,long_rentry,141.49255796254914,0.14085480588268628,6.0
1637928360000.0,3138,1637928360000.0,0.0,-0.013942268000000002,1004.5137845345489,996.2802865719998,9.4,7.4161,27.6,7.652315143570622,long_rentry,211.20389796254918,0.21025485285939857,57.0
1637928480000.0,3140,1637928480000.0,0.0,-0.020569406000000002,1004.4932151285489,992.3736871659997,14.3,7.1921,41.9,7.495248877387809,long_rentry,314.05092796254917,0.3126461415892778,2.0
1637928960000.0,3148,1637928960000.0,0.8347106043094569,-0.021003734,1005.3069219988582,1007.2319534319996,-13.9,7.5553,28.0,7.495248877387809,long_nclose,209.86696856685865,0.20875910030498826,8.0
1637929080000.0,3150,1637929080000.0,0.5584754402933777,-0.014052858000000001,1005.8513445811516,1007.8101905739995,-9.3,7.5553,18.7,7.495248877387809,long_nclose,140.16115400715202,0.13934579375197514,2.0
1637929140000.0,3151,1637929140000.0,1.1862254402933767,-0.014178408000000002,1007.0233916134449,1008.0550521659995,-9.3,7.6228,9.4,7.495248877387809,long_nclose,70.45533944744541,0.06996395519131132,1.0
1637929200000.0,3152,1637929200000.0,0.5994902762772979,-0.007165432,1007.6157164577222,1008.2772467339995,-4.7,7.6228,4.7,7.495248877387809,long_nclose,35.227669723722705,0.03496141351145826,1.0
1637929320000.0,3154,1637929320000.0,0.9167402762772974,-0.007228882000000001,1008.5252278519995,1008.5252278519995,-4.7,7.6903,0.0,7.495248877387809,long_nclose,0.0,0.0,2.0
1637929380000.0,3155,1637929380000.0,0.0,-0.00802984,1008.5171980119995,1008.4391980119996,5.2,7.721,5.2,7.721,long_ientry_normal,40.1492,0.03981012924632575,1.0
1637929500000.0,3157,1637929500000.0,0.10522999999999935,-0.002646186,1008.6197818259996,1008.6547818259995,-1.7,7.7829,3.5,7.721,long_nclose,27.0235,0.026792554029702657,2.0
1637929560000.0,3158,1637929560000.0,0.0,-0.00262854,1008.6171532859995,1008.8809532859995,1.7,7.731,5.2,7.724269230769231,long_ientry_partial,40.1662,0.039823038770599443,1.0
1637929560000.0,3158,1637929560000.0,0.06449384615384571,-0.001712238,1008.6799348941533,1008.8879310479995,-1.1,7.7829,4.1,7.724269230769231,long_nclose,31.669503846153845,0.03139698010298689,0.0
1637929620000.0,3159,1637929620000.0,0.0,-0.0017104999999999998,1008.6782243941534,1008.7614205479996,1.1,7.774999999999999,5.2,7.735000739644969,long_ientry_partial,40.22200384615384,0.039875951392043335,1.0
1637929920000.0,3164,1637929920000.0,0.10539874260355271,-0.00265098,1008.780972156757,1009.0434695679996,-1.7,7.797,3.5,7.735000739644969,long_nclose,27.07250258875739,0.026836848965218714,5.0
1637929980000.0,3165,1637929980000.0,0.0,-0.0026553999999999996,1008.778316756757,1008.9160141679996,1.7,7.809999999999999,5.2,7.75951972860719,long_ientry_partial,40.34950258875739,0.039998384103339835,1.0
1637930040000.0,3166,1637930040000.0,0.10570646136777721,-0.002659378,1008.8813638401248,1009.0475447899996,-1.7,7.8217,3.5,7.75951972860719,long_nclose,27.158319050125165,0.02691923948991577,1.0
1637930100000.0,3167,1637930100000.0,0.06839829853209115,-0.0017207740000000002,1008.9480413646569,1009.2347940159997,-1.1,7.8217,2.4,7.75951972860719,long_nclose,18.622847348657256,0.01845768720009491,1.0
1637930160000.0,3168,1637930160000.0,0.0,-0.00425466,1008.9437867046569,1009.3427393559996,2.7,7.879,5.1,7.822773989932796,long_ientry_partial,39.89614734865726,0.039542487772250744,1.0
1637930160000.0,3168,1637930160000.0,0.08259121208064535,-0.001893984,1009.0244839327374,1009.3295653719995,-1.2,7.8916,3.9,7.822773989932796,long_nclose,30.508818560737904,0.030235954673595068,0.0
1637930220000.0,3169,1637930220000.0,0.0,-0.00189624,1009.0225876927375,1009.2970691319996,1.2,7.901,5.1,7.841180109948609,long_ientry_partial,39.9900185607379,0.039632431472302644,1.0
1637930280000.0,3170,1637930280000.0,0.10679381308736469,-0.00268736,1009.1266941458249,1009.4150817719997,-1.7,7.904,3.4,7.841180109948609,long_nclose,26.66001237382527,0.026418895197685394,1.0
1637930340000.0,3171,1637930340000.0,0.0,-0.00269484,1009.1239993058249,1009.3868869319996,1.7,7.926,5.1,7.869453406632407,long_ientry_partial,40.13421237382527,0.03977133870707023,1.0
1637931540000.0,3191,1637931540000.0,0.10717920872490846,-0.0026970500000000003,1009.2284814645498,1009.4989398819996,-1.7,7.9325,3.4,7.869453406632407,long_nclose,26.756141582550182,0.026511480872718533,20.0
1637931600000.0,3192,1637931600000.0,0.22770920872490688,-0.0027211559999999997,1009.4534695172747,1009.6532987259997,-1.7,8.0034,1.7,7.869453406632407,long_nclose,13.378070791275091,0.013252785982966154,1.0
1637931660000.0,3193,1637931660000.0,0.10715727469407384,-0.001280544,1009.5593462479687,1009.6903381819996,-0.8,8.0034,0.9,7.869453406632407,long_nclose,7.082508065969166,0.007015444998148286,1.0
1637931660000.0,3193,1637931660000.0,0.18436193403083304,-0.001453374,1009.7422548079995,1009.7422548079995,-0.9,8.0743,0.0,7.869453406632407,long_nclose,0.0,0.0,0.0
1637932080000.0,3200,1637932080000.0,0.0,-0.008129196,1009.7341256119995,1009.8779456119995,5.1,7.9698,5.1,7.9698,long_ientry_normal,40.64598,0.04025414113380043,7.0
1637933940000.0,3231,1637933940000.0,0.10862999999999898,-0.002731458,1009.8400241539995,1010.1467041539995,-1.7,8.0337,3.4,7.9698,long_nclose,27.09732,0.026833279877870722,31.0
1637934120000.0,3234,1637934120000.0,0.23051999999999875,-0.002755836,1010.0677883179994,1010.3316283179994,-1.7,8.1054,1.7,7.9698,long_nclose,13.54866,0.013413614567950639,3.0
1637934480000.0,3240,1637934480000.0,0.3525799999999982,-0.0027802479999999995,1010.4175880699994,1010.4175880699994,-1.7,8.1772,0.0,7.9698,long_nclose,0.0,0.0,6.0
1637940060000.0,3333,1637940060000.0,0.0,-0.008064018,1010.4095240519994,1010.4049340519994,5.1,7.9059,5.1,7.9059,long_ientry_normal,40.32008999999999,0.03990470105458445,93.0
1637943180000.0,3385,1637943180000.0,0.10760999999999984,-0.002709528,1010.5144245239994,1010.6881645239994,-1.7,7.9692,3.4,7.9059,long_nclose,26.88006,0.026600372392172226,52.0
1637943480000.0,3390,1637943480000.0,0.0,-0.00267427,1010.5117502539994,1010.1984402539994,1.7,7.8655,5.1,7.892433333333335,long_ientry_partial,40.25141000000001,0.03983269862016204,5.0
1637945880000.0,3430,1637945880000.0,0.1075533333333313,-0.002704938,1010.6165986493328,1010.8599253159995,-1.7,7.9557,3.4,7.892433333333335,long_nclose,26.83427333333334,0.026552377399299363,40.0
1637946060000.0,3433,1637946060000.0,0.06959333333333202,-0.0017502540000000003,1010.6844417286662,1010.8513450619996,-1.1,7.9557,2.3,7.892433333333335,long_nclose,18.152596666666668,0.01796069664990451,3.0
1637946420000.0,3439,1637946420000.0,0.14780333333333148,-0.001765896,1010.8304791659995,1011.0051591659994,-1.1,8.0268,1.2,7.892433333333335,long_nclose,9.470920000000001,0.009369444427332783,6.0
1637946960000.0,3448,1637946960000.0,0.24655999999999734,-0.0019434959999999999,1011.0750956699995,1011.0750956699995,-1.2,8.0979,0.0,7.892433333333335,long_nclose,0.0,0.0,9.0
1637968920000.0,3814,1637968920000.0,0.0,-0.008092476,1011.0670031939995,1010.9303231939996,5.1,7.9338,5.1,7.9338,long_ientry_normal,40.462379999999996,0.040019484240092676,366.0
1637970900000.0,3847,1637970900000.0,0.0,-0.008039616000000001,1011.0589635779995,1010.0999035779995,5.2,7.7304,10.3,7.831112621359223,long_rentry,80.66046,0.07977819583791004,33.0
1637972760000.0,3878,1637972760000.0,0.21347708737864365,-0.005367852,1011.2670728133783,1011.6940957259997,-3.4,7.8939,6.9,7.831112621359223,long_nclose,54.03467708737864,0.05343264755674521,31.0
1637972880000.0,3880,1637972880000.0,0.14441097087378835,-0.0036311940000000003,1011.407852590252,1011.7339345319996,-2.3,7.8939,4.6,7.831112621359223,long_nclose,36.02311805825242,0.03561680677680712,2.0
1637973240000.0,3886,1637973240000.0,0.30656097087378836,-0.0036636240000000003,1011.7107499371258,1012.0393909079996,-2.3,7.9644,2.3,7.831112621359223,long_nclose,18.01155902912621,0.017803071708238312,6.0
1637973480000.0,3890,1637973480000.0,0.14661611650485531,-0.0017521680000000003,1011.8556138856306,1012.0402787399996,-1.1,7.9644,1.2,7.831112621359223,long_nclose,9.397335145631066,0.009287229340502766,4.0
1637973780000.0,3895,1637973780000.0,0.07997242718446652,-0.0009557280000000001,1011.9346305848151,1012.0263630119995,-0.6,7.9644,0.6,7.831112621359223,long_nclose,4.698667572815533,0.004643252074593088,5.0
1637973900000.0,3897,1637973900000.0,0.12227242718446653,-0.000964188,1012.0559388239996,1012.0559388239996,-0.6,8.0349,0.0,7.831112621359223,long_nclose,0.0,0.0,2.0
1637998260000.0,4303,1637998260000.0,0.0,-0.008049432,1012.0478893919995,1012.0958293919996,5.1,7.8916,5.1,7.8916,long_ientry_normal,40.24716,0.03976803906401997,406.0
1637998740000.0,4311,1637998740000.0,0.10743999999999873,-0.0027046319999999998,1012.1526247599995,1012.3647847599996,-1.7,7.9548,3.4,7.8916,long_nclose,26.83144,0.02650928263547431,8.0
1637998800000.0,4312,1637998800000.0,0.0695199999999992,-0.001750056,1012.2203947039995,1012.3961147039995,-1.1,7.9548,2.3,7.8916,long_nclose,18.15068,0.017931549388814427,1.0
1637999040000.0,4316,1637999040000.0,0.044239999999999474,-0.001113672,1012.2635210319995,1012.3505610319995,-0.7,7.9548,1.6,7.8916,long_nclose,12.626560000000001,0.0124735898683055,4.0
1637999100000.0,4317,1637999100000.0,0.03159999999999963,-0.00079548,1012.2943255519996,1012.3772655519996,-0.5,7.9548,1.1,7.8916,long_nclose,8.680760000000001,0.008575332075744296,1.0
1637999220000.0,4319,1637999220000.0,0.018959999999999776,-0.00047728800000000003,1012.3128082639996,1012.3499282639996,-0.3,7.9548,0.8,7.8916,long_nclose,6.313280000000001,0.006236491278645928,2.0
1637999280000.0,4320,1637999280000.0,0.012639999999999853,-0.000318192,1012.3251300719996,1012.3631700719997,-0.2,7.9548,0.6,7.8916,long_nclose,4.73496,0.004677311527041945,1.0
1637999460000.0,4323,1637999460000.0,0.012639999999999853,-0.000318192,1012.3374518799997,1012.3656118799996,-0.2,7.9548,0.4,7.8916,long_nclose,3.1566400000000003,0.0031181697309902367,3.0
1637999580000.0,4325,1637999580000.0,0.006319999999999926,-0.000159096,1012.3436127839997,1012.3551327839997,-0.1,7.9548,0.3,7.8916,long_nclose,2.36748,0.00233861306586338,2.0
1637999640000.0,4326,1637999640000.0,0.006319999999999926,-0.000159096,1012.3497736879997,1012.3642536879997,-0.1,7.9548,0.2,7.8916,long_nclose,1.5783200000000002,0.001559065889104875,1.0
1638000120000.0,4334,1638000120000.0,0.006319999999999926,-0.000159096,1012.3559345919997,1012.3667745919997,-0.1,7.9548,0.1,7.8916,long_nclose,0.7891600000000001,0.0007795282005414902,8.0
1638000180000.0,4335,1638000180000.0,0.013429999999999965,-0.000160518,1012.3692040739996,1012.3692040739996,-0.1,8.0259,0.0,7.8916,long_nclose,0.0,0.0,1.0
1638024720000.0,4744,1638024720000.0,0.0,-0.008022402,1012.3611816719996,1012.4065716719996,5.1,7.8651,5.1,7.8651,long_ientry_normal,40.11201,0.03962223238721149,409.0
1638029280000.0,4820,1638029280000.0,0.10709999999999953,-0.002695554,1012.4655861179996,1012.9684461179996,-1.7,7.9281,3.4,7.8651,long_nclose,26.74134,0.026412097721298138,76.0
1638029280000.0,4820,1638029280000.0,0.22762999999999947,-0.0027196599999999996,1012.6904964579995,1012.9419264579996,-1.7,7.999,1.7,7.8651,long_nclose,13.37067,0.013203115904380898,0.0
1638029640000.0,4826,1638029640000.0,0.10711999999999976,-0.0012798400000000002,1012.7963366179995,1012.9141466179994,-0.8,7.999,0.9,7.8651,long_nclose,7.07859,0.006989154427273428,6.0
1638029700000.0,4827,1638029700000.0,0.05355999999999988,-0.0006399200000000001,1012.8492566979994,1012.9182066979994,-0.4,7.999,0.5,7.8651,long_nclose,3.93255,0.0038826606960452813,1.0
1638029820000.0,4829,1638029820000.0,0.02677999999999994,-0.00031996000000000005,1012.8757167379995,1012.9161867379995,-0.2,7.999,0.3,7.8651,long_nclose,2.35953,0.002329535559998364,2.0
1638030720000.0,4844,1638030720000.0,0.01338999999999997,-0.00015998000000000002,1012.8889467579994,1012.9141267579994,-0.1,7.999,0.2,7.8651,long_nclose,1.57302,0.0015530034215842103,15.0
1638030780000.0,4845,1638030780000.0,0.01338999999999997,-0.00015998000000000002,1012.9021767779993,1012.9148667779994,-0.1,7.999,0.1,7.8651,long_nclose,0.78651,0.0007764915685163758,1.0
1638031140000.0,4851,1638031140000.0,0.01338999999999997,-0.00015998000000000002,1012.9154067979993,1012.9154067979993,-0.1,7.999,0.0,7.8651,long_nclose,0.0,0.0,6.0
1638064380000.0,5405,1638064380000.0,0.0,-0.008034208000000001,1012.9073725899992,1012.8283325899993,5.2,7.7252,5.2,7.7252,long_ientry_normal,40.171040000000005,0.03965914464348586,554.0
1638066720000.0,5444,1638066720000.0,0.0,-0.008130024000000001,1012.8992425659992,1011.8960825659992,5.4,7.5278,10.6,7.624637735849057,long_rentry,80.82116,0.0797919048643516,39.0
1638070740000.0,5511,1638070740000.0,0.0,-0.00810447,1012.8911380959992,1008.9005280959991,5.5,7.3677,16.1,7.5368639751552795,long_rentry,121.34351000000001,0.11979916245303292,67.0
1638078420000.0,5639,1638078420000.0,0.0,-0.011988188000000002,1012.8791499079991,1007.6162999079991,8.3,7.2218,24.4,7.429690573770493,long_rentry,181.28445000000002,0.1789793481448071,128.0
1638081840000.0,5696,1638081840000.0,0.48202635245900716,-0.012132504,1013.3490437564582,1013.9897874039991,-8.1,7.4892,16.3,7.429690573770493,long_nclose,121.10395635245905,0.11950863041576462,57.0
1638081900000.0,5697,1638081900000.0,0.3213509016393381,-0.008088336000000002,1013.6623063220975,1014.3632790679991,-5.4,7.4892,10.9,7.429690573770493,long_nclose,80.98362725409838,0.07989211668325105,1.0
1638083160000.0,5718,1638083160000.0,0.2142339344262254,-0.005392224,1013.8711480325237,1014.3333068439991,-3.6,7.4892,7.3,7.429690573770493,long_nclose,54.2367411885246,0.053494708172507094,21.0
1638085680000.0,5760,1638085680000.0,0.14282262295081694,-0.0035948160000000002,1014.0103758394745,1014.398992027999,-2.4,7.4892,4.9,7.429690573770493,long_nclose,36.40548381147542,0.0359024766204549,42.0
1638085920000.0,5764,1638085920000.0,0.09521508196721129,-0.002396544,1014.1031943774417,1014.3055154839991,-1.6,7.4892,3.3,7.429690573770493,long_nclose,24.517978893442628,0.024177005880051707,4.0
1638086280000.0,5770,1638086280000.0,0.06546036885245776,-0.001647624,1014.1670071222941,1014.310687859999,-1.1,7.4892,2.2,7.429690573770493,long_nclose,16.345319262295085,0.016116989753664972,6.0
1638087000000.0,5782,1638087000000.0,0.04165659836065494,-0.0010484880000000002,1014.2076152326547,1014.287579371999,-0.7,7.4892,1.5,7.429690573770493,long_nclose,11.14453586065574,0.010988416664668045,12.0
1638087240000.0,5786,1638087240000.0,0.029754713114753528,-0.00074892,1014.2366210257694,1014.2979304519989,-0.5,7.4892,1.0,7.429690573770493,long_nclose,7.429690573770493,0.007325401607226842,4.0
1638087900000.0,5797,1638087900000.0,0.06320471311475329,-0.00075561,1014.2990701288841,1014.3607248419988,-0.5,7.5561,0.5,7.429690573770493,long_nclose,3.7148452868852466,0.0036624752957855043,11.0
1638087960000.0,5798,1638087960000.0,0.025281885245901317,-0.000302244,1014.32404977013,1014.3634425979989,-0.2,7.5561,0.3,7.429690573770493,long_nclose,2.228907172131148,0.0021974310602575885,1.0
1638088860000.0,5813,1638088860000.0,0.012640942622950659,-0.000151122,1014.336539590753,1014.3544014759989,-0.1,7.5561,0.2,7.429690573770493,long_nclose,1.4859381147540986,0.0014649360017668488,15.0
1638089400000.0,5822,1638089400000.0,0.012640942622950659,-0.000151122,1014.3490294113759,1014.3607603539989,-0.1,7.5561,0.1,7.429690573770493,long_nclose,0.7429690573770493,0.0007324589819030954,9.0
1638091500000.0,5857,1638091500000.0,0.005950942622950706,-0.000149784,1014.3548305699989,1014.3548305699989,-0.1,7.4892,0.0,7.429690573770493,long_nclose,0.0,0.0,35.0
1638105360000.0,6088,1638105360000.0,0.0,-0.00806212,1014.3467684499989,1013.8066684499988,5.5,7.3292,5.5,7.3292,long_ientry_normal,40.3106,0.039740452923804105,231.0
1638105360000.0,6088,1638105360000.0,0.0,-0.008141652000000001,1014.3386267979989,1014.3069667979989,5.7,7.1418,11.2,7.233826785714287,long_rentry,81.01886,0.07987358250937884,0.0
1638105420000.0,6089,1638105420000.0,0.21450089285713894,-0.005395932000000001,1014.547731758856,1014.7740308659988,-3.7,7.2918,7.5,7.233826785714287,long_nclose,54.253700892857154,0.05347575002587706,1.0
1638109020000.0,6149,1638109020000.0,0.0,-0.008153292,1014.539578466856,1013.1248175739988,5.8,7.0287,13.3,7.144372999462944,long_rentry,95.02016089285716,0.09365840713326234,60.0
1638109620000.0,6159,1638109620000.0,0.25179880236304586,-0.006337408000000001,1014.785039861219,1015.1466201659988,-4.4,7.2016,8.9,7.144372999462944,long_nclose,63.58491969522021,0.06265851111080235,10.0
1638109680000.0,6160,1638109680000.0,0.16595830155746202,-0.004176928000000001,1014.9468212347765,1015.3525832379988,-2.9,7.2016,6.0,7.144372999462944,long_nclose,42.86623799677766,0.04223495960569336,1.0
1638109800000.0,6162,1638109800000.0,0.11445400107411174,-0.0028806400000000003,1015.0583945958507,1015.372902597999,-2.0,7.2016,4.0,7.144372999462944,long_nclose,28.577491997851777,0.028153544810818505,2.0
1638109860000.0,6163,1638109860000.0,0.0,-0.0023113600000000006,1015.0560832358507,1015.247391237999,1.6,7.223000000000001,5.6,7.166837856759246,long_ientry_partial,40.134291997851776,0.03953898967819543,1.0
1638110040000.0,6166,1638110040000.0,0.10343185783335809,-0.0026007480000000004,1015.1569143456841,1015.4653304899989,-1.8,7.2243,3.8,7.166837856759246,long_nclose,27.233983855685132,0.026827363800441338,3.0
1638111360000.0,6188,1638111360000.0,0.2317280721574331,-0.002769744,1015.3858726738415,1015.5799807459989,-1.9,7.2888,1.9,7.166837856759246,long_nclose,13.616991927842566,0.01341065726272574,22.0
1638111480000.0,6190,1638111480000.0,0.10976592891667884,-0.001311984,1015.4943266187581,1015.6374887619988,-0.9,7.2888,1.0,7.166837856759246,long_nclose,7.166837856759246,0.007057486850391687,2.0
1638111840000.0,6196,1638111840000.0,0.18656214324075382,-0.00147068,1015.6794180819988,1015.6794180819988,-1.0,7.3534,0.0,7.166837856759246,long_nclose,0.0,0.0,6.0
1638123480000.0,6390,1638123480000.0,0.0,-0.008138118,1015.6712799639988,1015.6672899639988,5.7,7.1387,5.7,7.1387,long_ientry_normal,40.69059,0.040062755344861485,194.0
1638126840000.0,6446,1638126840000.0,0.10867999999999983,-0.002734442,1015.7772255219988,1016.0253655219989,-1.9,7.1959,3.8,7.1387,long_nclose,27.12706,0.02670571786649346,56.0
1638126960000.0,6448,1638126960000.0,0.0686399999999999,-0.001727016,1015.8441385059988,1016.0087185059988,-1.2,7.1959,2.6,7.1387,long_nclose,18.56062,0.0182711296905223,2.0
1638127080000.0,6450,1638127080000.0,0.04575999999999994,-0.0011513440000000001,1015.8887471619987,1015.9828871619987,-0.8,7.1959,1.8,7.1387,long_nclose,12.84966,0.012648688191395951,2.0
1638127140000.0,6451,1638127140000.0,0.03431999999999995,-0.000863508,1015.9222036539987,1016.0077636539987,-0.6,7.1959,1.2,7.1387,long_nclose,8.56644,0.008432181095352402,1.0
1638127500000.0,6457,1638127500000.0,0.02287999999999997,-0.0005756720000000001,1015.9445079819988,1015.9831479819987,-0.4,7.1959,0.8,7.1387,long_nclose,5.71096,0.0056213306486038814,6.0
1638127560000.0,6458,1638127560000.0,0.011439999999999985,-0.00028783600000000003,1015.9556601459988,1015.9870401459988,-0.2,7.1959,0.6,7.1387,long_nclose,4.28322,0.0042159517073653355,1.0
1638127920000.0,6464,1638127920000.0,0.011439999999999985,-0.00028783600000000003,1015.9668123099988,1015.9869323099988,-0.2,7.1959,0.4,7.1387,long_nclose,2.85548,0.0028106036195291745,6.0
1638127980000.0,6465,1638127980000.0,0.0057199999999999925,-0.00014391800000000001,1015.9723883919987,1015.9937783919987,-0.1,7.1959,0.3,7.1387,long_nclose,2.14161,0.0021079411453194825,1.0
1638128100000.0,6467,1638128100000.0,0.0057199999999999925,-0.00014391800000000001,1015.9779644739987,1015.9906244739987,-0.1,7.1959,0.2,7.1387,long_nclose,1.42774,0.0014052863840793854,2.0
1638128580000.0,6475,1638128580000.0,0.012150000000000017,-0.00014520400000000004,1015.9899692699987,1016.0007992699988,-0.1,7.2602,0.1,7.1387,long_nclose,0.71387,0.0007026348897055789,8.0
1638128640000.0,6476,1638128640000.0,0.012150000000000017,-0.00014520400000000004,1016.0019740659988,1016.0019740659988,-0.1,7.2602,0.0,7.1387,long_nclose,0.0,0.0,1.0
1638292260000.0,9203,1638292260000.0,0.0,-0.00813858,1015.9938354859987,1015.9326354859987,5.1,7.979,5.1,7.979,long_ientry_normal,40.692899999999995,0.040052309943922663,2727.0
1638292500000.0,9207,1638292500000.0,0.10862999999999898,-0.002734586,1016.0997308999987,1016.1813308999987,-1.7,8.0429,3.4,7.979,long_nclose,27.1286,0.02669875719381517,4.0
1638292860000.0,9213,1638292860000.0,0.07028999999999935,-0.001769438,1016.1682514619987,1016.3039514619987,-1.1,8.0429,2.3,7.979,long_nclose,18.351699999999997,0.018059706129960988,6.0
1638292920000.0,9214,1638292920000.0,0.044729999999999576,-0.001126006,1016.2118554559986,1016.3350554559986,-0.7,8.0429,1.6,7.979,long_nclose,12.7664,0.012562734759939808,1.0
1638293040000.0,9216,1638293040000.0,0.0319499999999997,-0.00080429,1016.2430011659986,1016.3090011659987,-0.5,8.0429,1.1,7.979,long_nclose,8.776900000000001,0.008636615445252483,2.0
1638293100000.0,9217,1638293100000.0,0.01916999999999982,-0.000482574,1016.2616885919987,1016.3256885919986,-0.3,8.0429,0.8,7.979,long_nclose,6.3832,0.006281059368521252,1.0
1638293640000.0,9226,1638293640000.0,0.012779999999999882,-0.000321716,1016.2741468759987,1016.3155468759986,-0.2,8.0429,0.6,7.979,long_nclose,4.7874,0.004710736777784171,9.0
1638293940000.0,9231,1638293940000.0,0.012779999999999882,-0.000321716,1016.2866051599987,1016.3174051599987,-0.2,8.0429,0.4,7.979,long_nclose,3.1916,0.003140452687062162,5.0
1638294960000.0,9248,1638294960000.0,0.027160000000000118,-0.00032459200000000007,1016.3134405679987,1016.3366405679986,-0.2,8.1148,0.2,7.979,long_nclose,1.5958,0.0015701848822427629,17.0
1638295260000.0,9253,1638295260000.0,0.006389999999999941,-0.000160858,1016.3196697099987,1016.3257697099987,-0.1,8.0429,0.1,7.979,long_nclose,0.7979,0.0007850876291980814,5.0
1638295320000.0,9254,1638295320000.0,0.006389999999999941,-0.000160858,1016.3258988519988,1016.3258988519988,-0.1,8.0429,0.0,7.979,long_nclose,0.0,0.0,1.0
1638325200000.0,9752,1638325200000.0,0.0,-0.008165406,1016.3177334459988,1016.2346034459988,5.1,8.0053,5.1,8.0053,long_ientry_normal,40.82703,0.04017152181490427,498.0
1638325680000.0,9760,1638325680000.0,0.10896999999999969,-0.002743596,1016.4239598499988,1016.6031398499988,-1.7,8.0694,3.4,8.0053,long_nclose,27.21802,0.02677821566112704,8.0
1638325740000.0,9761,1638325740000.0,0.07050999999999981,-0.0017752680000000002,1016.4926945819989,1016.6208045819989,-1.1,8.0694,2.3,8.0053,long_nclose,18.41219,0.018113450394812176,1.0
1638325800000.0,9762,1638325800000.0,0.044869999999999875,-0.001129716,1016.5364348659988,1016.6911548659988,-0.7,8.0694,1.6,8.0053,long_nclose,12.808480000000001,0.012600118953619633,1.0
1638326160000.0,9768,1638326160000.0,0.03204999999999991,-0.00080694,1016.5676779259989,1016.6190479259989,-0.5,8.0694,1.1,8.0053,long_nclose,8.80583,0.00866231554594147,6.0
1638326220000.0,9769,1638326220000.0,0.019229999999999945,-0.00048416400000000004,1016.5864237619988,1016.5909837619988,-0.3,8.0694,0.8,8.0053,long_nclose,6.404240000000001,0.006299749682176897,1.0
1638326460000.0,9773,1638326460000.0,0.012819999999999965,-0.000322776,1016.5989209859989,1016.6377409859989,-0.2,8.0694,0.6,8.0053,long_nclose,4.80318,0.004724754178709336,4.0
1638326580000.0,9775,1638326580000.0,0.0,-0.007198380000000001,1016.5917226059989,1016.744542605999,4.5,7.9982,5.1,7.999035294117648,long_ientry_partial,40.79508,0.04012926634443095,2.0
1638329160000.0,9818,1638329160000.0,0.10890999999999958,-0.002741454,1016.697891151999,1016.884771151999,-1.7,8.0631,3.4,7.999035294117648,long_nclose,27.196720000000003,0.026750050567316483,43.0
1638329280000.0,9820,1638329280000.0,0.07047117647058797,-0.0017738820000000005,1016.7665884464697,1016.879207269999,-1.1,8.0631,2.3,7.999035294117648,long_nclose,18.397781176470588,0.018094399821477994,2.0
1638330300000.0,9837,1638330300000.0,0.04484529411764688,-0.001128834,1016.8103049065872,1016.899848435999,-0.7,8.0631,1.6,7.999035294117648,long_nclose,12.798456470588237,0.012586867391911425,17.0
1638330360000.0,9838,1638330360000.0,0.032032352941176345,-0.0008063100000000001,1016.8415309495284,1016.907492125999,-0.5,8.0631,1.1,7.999035294117648,long_nclose,8.798938823529413,0.008653205593710309,1.0
1638330420000.0,9839,1638330420000.0,0.019219411764705808,-0.00048378600000000005,1016.860266575293,1016.9266383399989,-0.3,8.0631,0.8,7.999035294117648,long_nclose,6.399228235294118,0.006293124478986897,1.0
1638335580000.0,9925,1638335580000.0,0.01281294117647054,-0.00032252400000000003,1016.8727569924695,1016.9159358159989,-0.2,8.0631,0.6,7.999035294117648,long_nclose,4.799421176470588,0.004719785384619298,86.0
1638335700000.0,9927,1638335700000.0,0.01281294117647054,-0.00032252400000000003,1016.8852474096459,1016.9064332919988,-0.2,8.0631,0.4,7.999035294117648,long_nclose,3.199614117647059,0.00314648494094842,2.0
1638335760000.0,9928,1638335760000.0,0.00640647058823527,-0.00016126200000000002,1016.8914926182341,1016.9121820299988,-0.1,8.0631,0.3,7.999035294117648,long_nclose,2.399710588235294,0.0023598492126791783,1.0
1638336840000.0,9946,1638336840000.0,0.00640647058823527,-0.00016126200000000002,1016.8977378268223,1016.9035307679987,-0.1,8.0631,0.2,7.999035294117648,long_nclose,1.5998070588235296,0.0015732231465500385,18.0
1638337140000.0,9951,1638337140000.0,0.00640647058823527,-0.00016126200000000002,1016.9039830354105,1016.9101795059987,-0.1,8.0631,0.1,7.999035294117648,long_nclose,0.7999035294117648,0.0007866067423829833,5.0
1638337200000.0,9952,1638337200000.0,0.00640647058823527,-0.00016126200000000002,1016.9102282439987,1016.9102282439987,-0.1,8.0631,0.0,7.999035294117648,long_nclose,0.0,0.0,1.0
1638366900000.0,10447,1638366900000.0,0.0,-0.008176792,1016.9020514519988,1017.0668914519988,5.2,7.8623,5.2,7.8623,long_ientry_normal,40.88396,0.040204422777614844,495.0
1638370920000.0,10514,1638370920000.0,0.0,-0.00812013,1016.8939313219988,1016.1753213219988,5.3,7.6605,10.5,7.760439047619048,long_rentry,81.48461,0.08013088434313603,67.0
1638371160000.0,10518,1638371160000.0,0.0,-0.008098272,1016.8858330499988,1014.6845630499988,5.4,7.4984,15.9,7.6714446540880505,long_rentry,121.97597,0.11995050578505072,4.0
1638377580000.0,10625,1638377580000.0,0.3257133333333315,-0.008196874,1017.2033495093322,1017.4636361759988,-5.3,7.7329,10.6,7.6714446540880505,long_nclose,81.31731333333333,0.07994204243680314,107.0
1638378180000.0,10635,1638378180000.0,0.2150937106918227,-0.00541303,1017.413030190024,1017.8713731459987,-3.5,7.7329,7.1,7.6714446540880505,long_nclose,54.46725704402515,0.053535049608959905,10.0
1638378300000.0,10637,1638378300000.0,0.1413472955974835,-0.003557134,1017.5508203516215,1017.8942860119988,-2.3,7.7329,4.8,7.6714446540880505,long_nclose,36.82293433962264,0.0361878086117588,2.0
1638378660000.0,10643,1638378660000.0,0.09832855345911895,-0.002474528,1017.6466743770807,1017.7988514839989,-1.6,7.7329,3.2,7.6714446540880505,long_nclose,24.548622893081763,0.024122933343351614,6.0
1638378720000.0,10644,1638378720000.0,0.061455345911949344,-0.00154658,1017.7065831429926,1017.8112049039989,-1.0,7.7329,2.2,7.6714446540880505,long_nclose,16.87717823899371,0.016583540402059466,1.0
1638378840000.0,10646,1638378840000.0,0.04301874213836454,-0.001082606,1017.748519279131,1017.8393522979989,-0.7,7.7329,1.5,7.6714446540880505,long_nclose,11.507166981132077,0.011306493463908529,2.0
1638379020000.0,10649,1638379020000.0,0.030727672955974672,-0.00077329,1017.778473662087,1017.849029007999,-0.5,7.7329,1.0,7.6714446540880505,long_nclose,7.6714446540880505,0.007537440467261297,3.0
1638379560000.0,10658,1638379560000.0,0.0,-0.006559650000000001,1017.771914012087,1017.974419357999,4.3,7.6275,5.3,7.635791444167558,long_ientry_partial,40.46969465408806,0.03976302951272778,9.0
1638381480000.0,10690,1638381480000.0,0.1040545449151514,-0.00261698,1017.8733515770022,1018.151302377999,-1.7,7.697,3.6,7.635791444167558,long_nclose,27.48884919900321,0.027006158631046228,32.0
1638381600000.0,10692,1638381600000.0,0.0734502669989304,-0.00184728,1017.9449545640011,1018.130255097999,-1.2,7.697,2.4,7.635791444167558,long_nclose,18.325899466002138,0.018002839332163453,2.0
1638381720000.0,10694,1638381720000.0,0.04896684466595361,-0.00123152,1017.9926898886671,1018.093823577999,-0.8,7.697,1.6,7.635791444167558,long_nclose,12.217266310668094,0.012001330099928554,2.0
1638381960000.0,10698,1638381960000.0,0.030604277916221,-0.0007697,1018.0225244665834,1018.0898538779991,-0.5,7.697,1.1,7.635791444167558,long_nclose,8.399370588584315,0.008250672639080713,4.0
1638383880000.0,10730,1638383880000.0,0.0,-0.00652611,1018.0159983565834,1017.820877767999,4.3,7.5885,5.4,7.598133442330427,long_ientry_partial,41.02992058858431,0.04030380726316704,32.0
1638392520000.0,10874,1638392520000.0,0.0,-0.00814319,1018.0078551665833,1016.9219845779991,5.5,7.4029,10.9,7.4996211549159915,long_rentry,81.74587058858431,0.080299842652204,144.0
1638400740000.0,11011,1638400740000.0,0.21628384230243186,-0.0054429840000000005,1018.2186960248858,1018.7032615939991,-3.6,7.5597,7.3,7.4996211549159915,long_nclose,54.747234430886735,0.053767657817146076,137.0
1638400860000.0,11013,1638400860000.0,0.14418922820162122,-0.0036286560000000005,1018.3592565970874,1018.562012937999,-2.4,7.5597,4.9,7.4996211549159915,long_nclose,36.74814365908836,0.03608563816848352,2.0
1638400920000.0,11014,1638400920000.0,0.09612615213441417,-0.002419104,1018.4529636452219,1018.553213833999,-1.6,7.5597,3.3,7.4996211549159915,long_nclose,24.74874981122277,0.02430033658367751,1.0
1638404220000.0,11069,1638404220000.0,0.0,-0.003365958,1018.4495976872219,1017.879857875999,2.3,7.3173,5.6,7.424739252004066,long_ientry_partial,41.57853981122277,0.040825328917250985,55.0
1638405360000.0,11088,1638405360000.0,0.10702934639268147,-0.0026943120000000004,1018.5539327216145,1018.9349235639991,-1.8,7.4842,3.8,7.424739252004066,long_nclose,28.21400915761545,0.02770006403315979,19.0
1638405900000.0,11097,1638405900000.0,0.24008542119227394,-0.002869418,1018.7911487248067,1018.962644145999,-1.9,7.5511,1.9,7.424739252004066,long_nclose,14.107004578807725,0.013846807165987927,9.0
1638406380000.0,11105,1638406380000.0,0.03567644879756049,-0.000898104,1018.8259270696042,1018.8990660419989,-0.6,7.4842,1.3,7.424739252004066,long_nclose,9.652161027605286,0.009473807812652838,8.0
1638406500000.0,11107,1638406500000.0,0.02378429919837366,-0.0005987360000000001,1018.8491126328025,1018.8997473059989,-0.4,7.4842,0.9,7.424739252004066,long_nclose,6.68226532680366,0.006558640768244921,2.0
1638406560000.0,11108,1638406560000.0,0.017838224398780245,-0.000449052,1018.8665018052013,1018.9056582539989,-0.3,7.4842,0.6,7.424739252004066,long_nclose,4.45484355120244,0.00437235255385221,1.0
1638407460000.0,11123,1638407460000.0,0.01189214959918683,-0.00029936800000000005,1018.8780945868004,1018.8985988859988,-0.2,7.4842,0.4,7.424739252004066,long_nclose,2.9698957008016267,0.0029148685368547934,15.0
1638409260000.0,11153,1638409260000.0,0.005946074799593415,-0.00014968400000000003,1018.8838909776,1018.8971692019987,-0.1,7.4842,0.3,7.424739252004066,long_nclose,2.22742177560122,0.0021861389657108527,30.0
1638409320000.0,11154,1638409320000.0,0.005946074799593415,-0.00014968400000000003,1018.8896873683996,1018.9045395179987,-0.1,7.4842,0.2,7.424739252004066,long_nclose,1.4849478504008133,0.0014574176859480778,1.0
1638411240000.0,11186,1638411240000.0,0.012636074799593368,-0.00015102200000000003,1018.9021724211992,1018.9120984959989,-0.1,7.5511,0.1,7.424739252004066,long_nclose,0.7424739252004067,0.0007286999137866975,32.0
1638412080000.0,11200,1638412080000.0,0.012636074799593368,-0.00015102200000000003,1018.9146574739989,1018.9146574739989,-0.1,7.5511,0.0,7.424739252004066,long_nclose,0.0,0.0,14.0
1638414720000.0,11244,1638414720000.0,0.0,-0.008166703999999999,1018.9064907699989,1018.9865707699988,5.6,7.2917,5.6,7.2917,long_ientry_normal,40.83351999999999,0.04007582675142412,44.0
1638433380000.0,11555,1638433380000.0,0.0,-0.008241452,1018.8982493179989,1017.9456693179989,5.8,7.1047,11.4,7.196559649122806,long_rentry,82.04077999999998,0.0805191097883563,311.0
1638446040000.0,11766,1638446040000.0,0.21903333333333758,-0.005513191999999999,1019.1117694593322,1019.4647161259988,-3.8,7.2542,7.6,7.196559649122806,long_nclose,54.69385333333332,0.05366815983525533,211.0
1638446100000.0,11767,1638446100000.0,0.14410087719298525,-0.0036271000000000003,1019.2522432365251,1019.5859890259989,-2.5,7.2542,5.1,7.196559649122806,long_nclose,36.702454210526305,0.03600919640263105,1.0
1638446280000.0,11770,1638446280000.0,0.3061008771929852,-0.0036595,1019.5546846137181,1019.8028295259988,-2.5,7.319,2.6,7.196559649122806,long_nclose,18.711055087719295,0.018352183919206268,3.0
1638448620000.0,11809,1638448620000.0,0.046112280701755284,-0.0011606720000000002,1019.5996362224199,1019.6976288539988,-0.8,7.2542,1.8,7.196559649122806,long_nclose,12.953807368421051,0.012704797950315521,39.0
1638449340000.0,11821,1638449340000.0,0.03458421052631646,-0.000870504,1019.6333499289462,1019.7034783499989,-0.6,7.2542,1.2,7.196559649122806,long_nclose,8.635871578947366,0.00846958524801995,12.0
1638471000000.0,12182,1638471000000.0,0.0,-0.0064772580000000005,1019.6268726709462,1019.4622110919988,4.7,6.8907,5.9,6.952908742194468,long_ientry_partial,41.02216157894737,0.04023252297331911,361.0
1638473700000.0,12227,1638473700000.0,0.0,-0.008129280000000001,1019.6187433909462,1017.3112818119988,6.0,6.7744,11.9,6.862904334365325,long_rentry,81.66856157894738,0.08009715602848005,45.0
1638473700000.0,12227,1638473700000.0,0.0,-0.008222688,1019.6105207029461,1017.5374191239988,6.2,6.6312,18.1,6.78353599883687,long_rentry,122.78200157894736,0.12042049300775971,0.0
1638492180000.0,12535,1638492180000.0,0.32618400697878336,-0.008205480000000001,1019.9284992299249,1020.0914136439987,-6.0,6.8379,12.1,6.78353599883687,long_nclose,82.08078558592612,0.08047699975821782,308.0
1638492360000.0,12538,1638492360000.0,0.21745600465252224,-0.005470320000000001,1020.1404849145774,1020.3791433239987,-4.0,6.8379,8.1,6.78353599883687,long_nclose,54.94664159057864,0.05386183805378497,3.0
1638492600000.0,12542,1638492600000.0,0.14678280314045253,-0.0036924660000000006,1020.2835752517179,1020.5614808579988,-2.7,6.8379,5.4,6.78353599883687,long_nclose,36.631094393719096,0.03590285611005911,4.0
1638492660000.0,12543,1638492660000.0,0.097855202093635,-0.0024616440000000002,1020.3789688098116,1020.6794392139989,-1.8,6.8379,3.6,6.78353599883687,long_nclose,24.42072959581273,0.023932999740574338,1.0
1638492900000.0,12547,1638492900000.0,0.20783520209363449,-0.00248364,1020.5843203719052,1020.7795555739988,-1.8,6.899,1.8,6.78353599883687,long_nclose,12.210364797906365,0.011964092093298923,4.0
1638492960000.0,12548,1638492960000.0,0.10391760104681724,-0.00124182,1020.686996152952,1020.7918137539988,-0.9,6.899,0.9,6.78353599883687,long_nclose,6.105182398953183,0.005981444284059742,1.0
1638493740000.0,12561,1638493740000.0,0.04618560046525211,-0.0005519200000000001,1020.7326298334173,1020.7888618339988,-0.4,6.899,0.5,6.78353599883687,long_nclose,3.391767999418435,0.0033228760404886526,13.0
1638494340000.0,12571,1638494340000.0,0.023092800232626054,-0.00027596000000000006,1020.7554466736499,1020.7963858739988,-0.2,6.899,0.3,6.78353599883687,long_nclose,2.035060799651061,0.0019936810587518707,10.0
1638495120000.0,12584,1638495120000.0,0.011546400116313027,-0.00013798000000000003,1020.7668550937663,1020.7885478939988,-0.1,6.899,0.2,6.78353599883687,long_nclose,1.356707199767374,0.0013291058511522191,13.0
1638495480000.0,12590,1638495480000.0,0.011546400116313027,-0.00013798000000000003,1020.7782635138826,1020.7904099139989,-0.1,6.899,0.1,6.78353599883687,long_nclose,0.678353599883687,0.0006645454984009477,6.0
1638495660000.0,12593,1638495660000.0,0.011546400116313027,-0.00013798000000000003,1020.789671933999,1020.789671933999,-0.1,6.899,0.0,6.78353599883687,long_nclose,0.0,0.0,3.0
1638499200000.0,12652,1638499200000.0,0.0,-0.008211900000000001,1020.781460033999,1020.815560033999,6.2,6.6225,6.2,6.6225,long_ientry_normal,41.0595,0.040223594968733505,59.0
1638499260000.0,12653,1638499260000.0,0.10620000000000118,-0.0026702400000000004,1020.884989793999,1020.929089793999,-2.0,6.6756,4.2,6.6225,long_nclose,27.8145,0.027245478460421475,1.0
1638499320000.0,12654,1638499320000.0,0.0,-0.00264848,1020.8823413139991,1020.950041313999,2.0,6.6212,6.2,6.62208064516129,long_ientry_partial,41.0569,0.04021707334770313,1.0
1638499440000.0,12656,1638499440000.0,0.10603870967741891,-0.00267004,1020.9857099836764,1021.312971273999,-2.0,6.6751,4.2,6.62208064516129,long_nclose,27.81273870967742,0.02724106560719845,2.0
1638499560000.0,12658,1638499560000.0,0.07422709677419323,-0.0018690279999999998,1021.0580680524506,1021.217442245999,-1.4,6.6751,2.8,6.62208064516129,long_nclose,18.541825806451612,0.018159423432026728,2.0
1638500040000.0,12666,1638500040000.0,0.0,-0.004499084,1021.0535689684506,1020.917723161999,3.4,6.6163,6.2,6.618910613943807,long_ientry_partial,41.03724580645161,0.040191080129038374,8.0
1638503460000.0,12723,1638503460000.0,0.10597877211238504,-0.00266876,1021.156878980563,1021.358854401999,-2.0,6.6719,4.2,6.618910613943807,long_nclose,27.799424578563993,0.027223461106501673,57.0
1638503580000.0,12725,1638503580000.0,0.07418514047866953,-0.001868132,1021.2291959890416,1021.372246269999,-1.4,6.6719,2.8,6.618910613943807,long_nclose,18.53294971904266,0.01814768887516366,2.0
1638503640000.0,12726,1638503640000.0,0.04769044745057327,-0.0012009420000000002,1021.2756854944922,1021.363255327999,-0.9,6.6719,1.9,6.618910613943807,long_nclose,12.575930166493233,0.012313942596610518,1.0
1638503700000.0,12727,1638503700000.0,0.03179363163371551,-0.0008006280000000001,1021.306678498126,1021.375694699999,-0.6,6.6719,1.3,6.618910613943807,long_nclose,8.60458379812695,0.00842507346645412,1.0
1638503820000.0,12729,1638503820000.0,0.02119575442247701,-0.0005337520000000001,1021.3273405005484,1021.373320947999,-0.4,6.6719,0.9,6.618910613943807,long_nclose,5.9570195525494265,0.00583262516954644,2.0
1638503880000.0,12730,1638503880000.0,0.015896815816857757,-0.00040031400000000003,1021.3428370023653,1021.373490633999,-0.3,6.6719,0.6,6.618910613943807,long_nclose,3.971346368366284,0.0038883577820177997,1.0
1638503940000.0,12731,1638503940000.0,0.010597877211238504,-0.00026687600000000004,1021.3531680035766,1021.3748037579991,-0.2,6.6719,0.4,6.618910613943807,long_nclose,2.6475642455775232,0.0025922123008172353,1.0
1638505200000.0,12752,1638505200000.0,0.005298938605619252,-0.00013343800000000002,1021.3583335041822,1021.371860319999,-0.1,6.6719,0.3,6.618910613943807,long_nclose,1.985673184183142,0.0019441493930641251,21.0
1638505260000.0,12753,1638505260000.0,0.005298938605619252,-0.00013343800000000002,1021.3634990047877,1021.3727168819989,-0.1,6.6719,0.2,6.618910613943807,long_nclose,1.3237821227887616,0.0012960930404098533,1.0
1638505920000.0,12764,1638505920000.0,0.005298938605619252,-0.00013343800000000002,1021.3686645053933,1021.373373443999,-0.1,6.6719,0.1,6.618910613943807,long_nclose,0.6618910613943808,0.0006480432427549629,11.0
1638506280000.0,12770,1638506280000.0,0.005298938605619252,-0.00013343800000000002,1021.3738300059989,1021.3738300059989,-0.1,6.6719,0.0,6.618910613943807,long_nclose,0.0,0.0,6.0
1638547620000.0,13459,1638547620000.0,0.0,-0.0081809,1021.365649105999,1021.511349105999,6.2,6.5975,6.2,6.5975,long_ientry_normal,40.9045,0.04004883073540186,689.0
1638547980000.0,13465,1638547980000.0,0.0,-0.008228224000000001,1021.3574208819989,1020.9850008819989,6.4,6.4283,12.6,6.511557142857144,long_rentry,82.04562000000001,0.08032997883262949,6.0
1638548700000.0,13477,1638548700000.0,0.21899999999999586,-0.005513508,1021.5709073739989,1020.4742273739989,-4.2,6.5637,8.4,6.511557142857144,long_nclose,54.69708000000001,0.05354212772229555,12.0
1638549600000.0,13492,1638549600000.0,0.0,-0.00822484,1021.5626825339989,1019.7604025339989,6.5,6.3268,14.9,6.430958389261745,long_rentry,95.82128,0.09379872781013704,15.0
1638560040000.0,13666,1638560040000.0,0.0,-0.00954184,1021.5531406939989,1017.3290606939988,7.7,6.196,22.6,6.350906194690266,long_rentry,143.53048,0.14050221597135087,174.0
1638560700000.0,13677,1638560700000.0,0.0,-0.014177358,1021.5389633359989,1016.1115933359988,11.7,6.0587,34.3,6.251232361516037,long_rentry,214.41727000000003,0.20989632084104373,11.0
1638562740000.0,13711,1638562740000.0,0.0,-0.020917492000000003,1021.518045843999,1011.9873158439989,17.8,5.8757,52.1,6.1229314779270645,long_rentry,319.00473000000005,0.31228496774761516,34.0
1638568860000.0,13813,1638568860000.0,0.8488854318617793,-0.021355120000000002,1022.3455761558607,1023.8443607239989,-17.3,6.172,34.8,6.1229314779270645,long_nclose,213.07801543186181,0.20842073404675956,102.0
1638569040000.0,13816,1638569040000.0,0.5691948560460485,-0.014319039999999998,1022.9004519719067,1024.0620416839988,-11.6,6.172,23.2,6.1229314779270645,long_nclose,142.0520102879079,0.138871783675592,3.0
1638569160000.0,13818,1638569160000.0,0.3778276199616012,-0.00950488,1023.2687747118683,1024.1998368039988,-7.7,6.172,15.5,6.1229314779270645,long_nclose,94.9054379078695,0.0927473213815138,2.0
1638569820000.0,13829,1638569820000.0,0.25024946257196956,-0.006295439999999999,1023.5127287344403,1023.8774413639989,-5.1,6.172,10.4,6.1229314779270645,long_nclose,63.678487370441474,0.062215628181956334,11.0
1638569880000.0,13830,1638569880000.0,0.16683297504797973,-0.0041969600000000004,1023.6753647494884,1023.9768444039989,-3.4,6.172,7.0,6.1229314779270645,long_nclose,42.86052034548945,0.04186925056653892,1.0
1638570000000.0,13832,1638570000000.0,0.11285760076775099,-0.00283912,1023.7853832302561,1024.077105283999,-2.3,6.172,4.7,6.1229314779270645,long_nclose,28.777777946257203,0.028109190087728466,2.0
1638570180000.0,13835,1638570180000.0,0.07360278310940283,-0.0018516,1023.8571344133655,1024.004553683999,-1.5,6.172,3.2,6.1229314779270645,long_nclose,19.593380729366608,0.019136830785081098,3.0
1638570240000.0,13836,1638570240000.0,0.04906852207293522,-0.0012344,1023.9049685354385,1024.0327192839989,-1.0,6.172,2.2,6.1229314779270645,long_nclose,13.470449251439543,0.013155956524663857,1.0
1638570360000.0,13838,1638570360000.0,0.034347965451054646,-0.0008640799999999999,1023.9384524208895,1024.030055203999,-0.7,6.172,1.5,6.1229314779270645,long_nclose,9.184397216890597,0.008969677030075392,2.0
1638570480000.0,13840,1638570480000.0,0.02453426103646761,-0.0006172,1023.962369481926,1024.014438003999,-0.5,6.172,1.0,6.1229314779270645,long_nclose,6.1229314779270645,0.005979645014713738,2.0
1638570720000.0,13844,1638570720000.0,0.014720556621880564,-0.00037032,1023.9767197185479,1024.015267683999,-0.3,6.172,0.7,6.1229314779270645,long_nclose,4.286052034548945,0.004185692850250557,4.0
1638570840000.0,13846,1638570840000.0,0.009813704414587045,-0.00024688,1023.9862865429625,1024.006320803999,-0.2,6.172,0.5,6.1229314779270645,long_nclose,3.0614657389635322,0.0029897526746175667,2.0
1638570900000.0,13847,1638570900000.0,0.004906852207293522,-0.00012344,1023.9910699551698,1024.010297363999,-0.1,6.172,0.4,6.1229314779270645,long_nclose,2.449172591170826,0.002391790966768929,1.0
1638570960000.0,13848,1638570960000.0,0.004906852207293522,-0.00012344,1023.9958533673771,1024.011173923999,-0.1,6.172,0.3,6.1229314779270645,long_nclose,1.8368794433781193,0.001793834845461142,1.0
1638571080000.0,13850,1638571080000.0,0.004906852207293522,-0.00012344,1024.0006367795843,1024.010450483999,-0.1,6.172,0.2,6.1229314779270645,long_nclose,1.224586295585413,0.0011958843106159168,2.0
1638571140000.0,13851,1638571140000.0,0.004906852207293522,-0.00012344,1024.0054201917917,1024.010327043999,-0.1,6.172,0.1,6.1229314779270645,long_nclose,0.6122931477927065,0.0005979393621549647,1.0
1638571320000.0,13854,1638571320000.0,0.004906852207293522,-0.00012344,1024.0102036039991,1024.0102036039991,-0.1,6.172,0.0,6.1229314779270645,long_nclose,0.0,0.0,3.0
1638579420000.0,13989,1638579420000.0,0.0,-0.008141572000000001,1024.002062031999,1023.969902031999,6.7,6.0758,6.7,6.0758,long_ientry_normal,40.707860000000004,0.03975368947912131,135.0
1638588120000.0,14134,1638588120000.0,0.0,-0.008170152,1023.993891879999,1022.906471879999,6.9,5.9204,13.6,5.996957352941177,long_rentry,81.55862,0.07964756493836371,145.0
1638589860000.0,14163,1638589860000.0,0.0,-0.008229042,1023.9856628379989,1021.6109328379989,7.1,5.7951,20.7,5.927721256038647,long_rentry,122.70383,0.11982963673526797,29.0
1638590400000.0,14172,1638590400000.0,0.0,-0.012154986,1023.9735078519989,1017.088347851999,10.7,5.6799,31.4,5.843272611464967,long_rentry,183.47875999999997,0.1791831122514932,9.0
1638593700000.0,14227,1638593700000.0,0.0,-0.018023236,1023.9554846159989,1012.3289446159989,16.3,5.5286,47.7,5.7357429769392025,long_rentry,273.59493999999995,0.26719417407349777,55.0
1638594240000.0,14236,1638594240000.0,0.0,-0.026303524000000002,1023.9291810919989,990.4458210919989,24.7,5.3246,72.4,5.595477348066297,long_rentry,405.11256,0.3956450968297983,9.0
1638595320000.0,14254,1638595320000.0,0.0,-0.0378645,1023.8913165919989,992.034356591999,37.5,5.0486,109.9,5.408872247497724,long_rentry,594.4350599999999,0.5805646071680388,18.0
1638599400000.0,14322,1638599400000.0,1.5857957415833075,-0.03991010400000001,1025.4372022295822,1029.478066487999,-36.6,5.4522,73.3,5.408872247497724,long_nclose,396.47033574158314,0.3866354125630977,68.0
1638599580000.0,14325,1638599580000.0,3.368215741583282,-0.040266588000000006,1028.7651513831656,1032.3664398999992,-36.6,5.5009,36.7,5.408872247497724,long_nclose,198.5056114831665,0.19295522521955322,3.0
1638600360000.0,14338,1638600360000.0,1.684107870791641,-0.020133294000000003,1030.4291259599572,1031.701076605999,-18.3,5.5009,18.4,5.408872247497724,long_nclose,99.52324935395812,0.09658427430536899,13.0
1638602400000.0,14372,1638602400000.0,0.8466553230209342,-0.010121656,1031.2656596269783,1032.1316349499991,-9.2,5.5009,9.2,5.408872247497724,long_nclose,49.76162467697906,0.04825296393072806,34.0
1638605940000.0,14431,1638605940000.0,0.4233276615104671,-0.005060828,1031.6839264604887,1032.121514121999,-4.6,5.5009,4.6,5.408872247497724,long_nclose,24.88081233848953,0.0241167005711244,59.0
1638606000000.0,14432,1638606000000.0,0.0,-0.00319232,1031.6807341404888,1032.1258218019993,2.9,5.504,7.5,5.445654978465271,long_ientry_partial,40.84241233848953,0.03958822820561446,1.0
1638606480000.0,14440,1638606480000.0,0.34315657967849883,-0.0040984160000000006,1032.0197923041671,1032.397303385999,-3.7,5.5384,3.8,5.445654978465271,long_nclose,20.69348891816803,0.020051445788618207,8.0
1638606660000.0,14443,1638606660000.0,0.0,-0.004097084000000001,1032.0156952201671,1032.3042863019991,3.7,5.5366,7.5,5.490521189089071,long_ientry_partial,41.178908918168034,0.0399014366824945,3.0
1638606720000.0,14444,1638606720000.0,0.10994702727732397,-0.0027672500000000006,1032.1228749974443,1032.320269051999,-2.5,5.5345,5.0,5.490521189089071,long_nclose,27.452605945445356,0.026598195438225638,1.0
1638606780000.0,14445,1638606780000.0,0.0,-0.002765,1032.1201099974444,1032.332504051999,2.5,5.529999999999999,7.5,5.503680792726047,long_ientry_partial,41.27760594544535,0.03999302556516175,1.0
1638607860000.0,14463,1638607860000.0,0.11029801818488227,-0.0027738999999999997,1032.2276341156294,1032.419230151999,-2.5,5.5478,5.0,5.503680792726047,long_nclose,27.518403963630234,0.026659239739504632,18.0
1638607920000.0,14464,1638607920000.0,0.07059073163832466,-0.001775296,1032.2964495512676,1032.4777348559992,-1.6,5.5478,3.4,5.503680792726047,long_nclose,18.71251469526856,0.01812707454666028,1.0
1638608340000.0,14471,1638608340000.0,0.1593226523657212,-0.001903116,1032.4538690876334,1032.5819117399992,-1.7,5.5974,1.7,5.503680792726047,long_nclose,9.35625734763428,0.009062155344434214,7.0
1638608400000.0,14472,1638608400000.0,0.07497536581916293,-0.000895584,1032.5279488694525,1032.609236155999,-0.8,5.5974,0.9,5.503680792726047,long_nclose,4.9533127134534425,0.004797267443343283,1.0
1638614160000.0,14568,1638614160000.0,0.0,-0.007225944,1032.5207229254524,1032.477690211999,6.6,5.4742,7.5,5.477737695127125,long_ientry_partial,41.083032713453434,0.03978906360063401,96.0
1638617460000.0,14623,1638617460000.0,0.0,-0.008219904000000002,1032.5125030214524,1031.482750307999,7.7,5.3376,15.2,5.40674688904299,long_rentry,82.18255271345345,0.07959472885118753,55.0
1638618240000.0,14636,1638618240000.0,0.0,-0.008255184,1032.5042478374523,1030.020475123999,7.9,5.2248,23.1,5.344522628288027,long_rentry,123.45847271345345,0.11957187873273484,13.0
1638620460000.0,14673,1638620460000.0,0.3301557621821924,-0.008296596000000002,1032.8261070036344,1033.7728585279988,-7.7,5.3874,15.4,5.344522628288027,long_nclose,82.30564847563562,0.07968974439890489,37.0
1638620580000.0,14675,1638620580000.0,0.21867459573106246,-0.005495148000000001,1033.0392864513656,1033.4047033799989,-5.1,5.3874,10.3,5.344522628288027,long_nclose,55.048583071366686,0.0532879860362971,2.0
1638620700000.0,14677,1638620700000.0,0.1457830638207083,-0.0036634320000000003,1033.1814060831864,1033.281299947999,-3.4,5.3874,6.9,5.344522628288027,long_nclose,36.87720613518739,0.035692866633159515,2.0
1638622620000.0,14709,1638622620000.0,0.0,-0.008235276000000001,1033.1731708071864,1032.049984671999,7.9,5.2122,14.8,5.273890955080229,long_rentry,78.05358613518739,0.07554743806810868,32.0
1638624000000.0,14732,1638624000000.0,0.0,-0.008263134,1033.1649076731865,1030.539851537999,8.1,5.1007,22.9,5.212631272278926,long_rentry,119.36925613518738,0.11553746671866888,23.0
1638628320000.0,14804,1638628320000.0,0.3174423306801682,-0.007986688,1033.4743633158666,1034.183804849999,-7.6,5.2544,15.3,5.212631272278926,long_nclose,79.75325846586756,0.07717004049329487,72.0
1638628740000.0,14811,1638628740000.0,0.21302051137748126,-0.005359488000000001,1033.682024339244,1034.471185361999,-5.1,5.2544,10.2,5.212631272278926,long_nclose,53.16883897724504,0.05143635830489741,7.0
1638628740000.0,14811,1638628740000.0,0.45272051137747976,-0.005407428,1034.1293374226216,1034.523917933999,-5.1,5.3014,5.1,5.212631272278926,long_nclose,26.58441948862252,0.02570705474315169,0.0
1638628800000.0,14812,1638628800000.0,0.22192181930268617,-0.0026507,1034.3486085419242,1034.536767233999,-2.5,5.3014,2.6,5.212631272278926,long_nclose,13.552841307925208,0.013102779078544952,1.0
1638628920000.0,14814,1638628920000.0,0.11539934603739681,-0.001378364,1034.4626295239616,1034.569708869999,-1.3,5.3014,1.3,5.212631272278926,long_nclose,6.776420653962604,0.006550667429214889,2.0
1638628980000.0,14815,1638628980000.0,0.05326123663264468,-0.000636168,1034.5152545925941,1034.5771127019989,-0.6,5.3014,0.7,5.212631272278926,long_nclose,3.6488418905952478,0.003527103031489091,1.0
1638629040000.0,14816,1638629040000.0,0.02663061831632234,-0.000318084,1034.5415671269106,1034.5769146179991,-0.3,5.3014,0.4,5.212631272278926,long_nclose,2.0850525089115703,0.002015436184649495,1.0
1638629100000.0,14817,1638629100000.0,0.017753745544214893,-0.00021205600000000004,1034.559108816455,1034.576982561999,-0.2,5.3014,0.2,5.212631272278926,long_nclose,1.0425262544557852,0.001007701005743833,1.0
1638629580000.0,14825,1638629580000.0,0.027133745544214882,-0.000213932,1034.5860286299992,1034.5860286299992,-0.2,5.3483,0.0,5.212631272278926,long_nclose,0.0,0.0,8.0
1638713160000.0,16218,1638713160000.0,0.0,-0.00826848,1034.5777601499992,1034.6713601499991,7.2,5.742,7.2,5.742,long_ientry_normal,41.3424,0.03996065022121289,1393.0
1638716280000.0,16270,1638716280000.0,0.0,-0.008280452,1034.5694796979992,1033.4534196979992,7.4,5.5949,14.6,5.667442465753425,long_rentry,82.74466,0.07997979993006749,52.0
1638717480000.0,16290,1638717480000.0,0.0,-0.008323976,1034.5611557219993,1032.2522157219992,7.6,5.4763,22.2,5.602006306306307,long_rentry,124.36454,0.12020994535911075,20.0
1638718860000.0,16313,1638718860000.0,0.0,-0.012344790000000001,1034.5488109319992,1030.0359209319993,11.5,5.3673,33.7,5.521913649851632,long_rentry,186.08849,0.17987405527280778,23.0
1638728160000.0,16468,1638728160000.0,0.49600712166172795,-0.012468288000000001,1035.032349765661,1036.0467926439992,-11.2,5.5662,22.5,5.521913649851632,long_nclose,124.2430571216617,0.1200378492032556,155.0
1638728340000.0,16471,1638728340000.0,0.33214762611276427,-0.0083493,1035.3561480917738,1036.0624433439993,-7.5,5.5662,15.0,5.521913649851632,long_nclose,82.82870474777448,0.0800002056301428,3.0
1638728520000.0,16474,1638728520000.0,0.22143175074184285,-0.005566200000000001,1035.5720136425157,1035.9428771439993,-5.0,5.5662,10.0,5.521913649851632,long_nclose,55.21913649851632,0.05332235302911365,3.0
1638728700000.0,16477,1638728700000.0,0.14614495548961629,-0.003673692,1035.7144849060055,1036.0165634519997,-3.3,5.5662,6.7,5.521913649851632,long_nclose,36.99682145400593,0.03572106212009144,3.0
1638729180000.0,16485,1638729180000.0,0.09742997032641086,-0.0024491280000000005,1035.8094657483318,1036.0123543239995,-2.2,5.5662,4.5,5.521913649851632,long_nclose,24.848611424332343,0.023989558162977584,8.0
1638729720000.0,16494,1638729720000.0,0.06642952522255285,-0.00166986,1035.8742254135543,1035.9224844639994,-1.5,5.5662,3.0,5.521913649851632,long_nclose,16.565740949554893,0.015992038939805955,9.0
1638729960000.0,16498,1638729960000.0,0.0,-0.004950090000000001,1035.8692753235543,1035.8180843739995,4.5,5.5001,7.5,5.5088254599406525,long_ientry_partial,41.316190949554894,0.03988552603478828,4.0
1638748800000.0,16812,1638748800000.0,0.1104363501483685,-0.0027765000000000003,1035.9769351737027,1036.2678078739993,-2.5,5.553,5.0,5.5088254599406525,long_nclose,27.544127299703263,0.02658758739168737,314.0
1638748860000.0,16813,1638748860000.0,0.23443635014836817,-0.0028013,1036.208570223851,1036.5165065739993,-2.5,5.6026,2.5,5.5088254599406525,long_nclose,13.772063649851631,0.013290821988546638,1.0
1638748980000.0,16815,1638748980000.0,0.11252944807121672,-0.001344624,1036.3197550479222,1036.6670819499993,-1.2,5.6026,1.3,5.5088254599406525,long_nclose,7.1614730979228485,0.006910485941273679,2.0
1638748980000.0,16815,1638748980000.0,0.18638690207715128,-0.001469572,1036.5046723779994,1036.5046723779994,-1.3,5.6522,0.0,5.5088254599406525,long_nclose,0.0,0.0,0.0
1638752280000.0,16870,1638752280000.0,0.0,-0.008265334000000001,1036.4964070439994,1036.6265370439994,7.7,5.3671,7.7,5.3671,long_ientry_normal,41.32667,0.039871503383075095,55.0
1638771780000.0,17195,1638771780000.0,0.0,-0.008262926,1036.4881441179994,1034.9200441179994,7.9,5.2297,15.6,5.297519230769232,long_rentry,82.64130000000002,0.07973202633236458,325.0
1638774720000.0,17244,1638774720000.0,0.0,-0.008292942000000001,1036.4798511759993,1033.6704411759993,8.1,5.1191,23.7,5.236540506329114,long_rentry,124.10601000000001,0.11973798608741716,49.0
1638778320000.0,17304,1638778320000.0,0.0,-0.012343542,1036.4675076339993,1032.4077876339993,12.3,5.0177,36.0,5.161770000000001,long_rentry,185.82372000000004,0.17928562027399195,60.0
1638779100000.0,17317,1638779100000.0,0.0,-0.018265038,1036.4492425959993,1024.3765325959994,18.7,4.8837,54.7,5.066707678244972,long_rentry,277.14891,0.26740229874241,13.0
1638779520000.0,17324,1638779520000.0,0.0,-0.026714744,1036.4225278519993,1019.8431978519993,28.4,4.7033,83.1,4.9425105896510235,long_rentry,410.72263000000004,0.39628879049090976,7.0
1638783600000.0,17392,1638783600000.0,0.0,-0.038434856,1036.3840929959993,996.3391829959992,43.1,4.4588,126.2,4.777313074484945,long_rentry,602.89691,0.5817311497488676,68.0
1638806100000.0,17767,1638806100000.0,1.6080508716323134,-0.04045104,1037.9516928276314,1041.7143319559991,-42.0,4.8156,84.2,4.777313074484945,long_nclose,402.24976087163236,0.38754189010069123,375.0
1638806340000.0,17771,1638806340000.0,1.0720339144215423,-0.02696736,1038.996759382053,1041.227164595999,-28.0,4.8156,56.2,4.777313074484945,long_nclose,268.4849947860539,0.2584079231832603,4.0
1638806580000.0,17775,1638806580000.0,0.71596550713153,-0.018010343999999998,1039.6947145451845,1041.1079742519992,-18.7,4.8156,37.5,4.777313074484945,long_nclose,179.14924029318544,0.17230946525639929,4.0
1638806640000.0,17776,1638806640000.0,0.4785865689381885,-0.012039000000000001,1040.1612621141228,1041.778435251999,-12.5,4.8156,25.0,4.777313074484945,long_nclose,119.43282686212362,0.11482145241534661,1.0
1638806760000.0,17778,1638806760000.0,1.0160865689381904,-0.012146500000000001,1041.165202183061,1042.0487887519992,-12.5,4.8586,12.5,4.777313074484945,long_nclose,59.71641343106181,0.05735536810666698,2.0
1638806820000.0,17779,1638806820000.0,0.5039789381933425,-0.006024664,1041.6631564572542,1042.171484087999,-6.2,4.8586,6.3,4.777313074484945,long_nclose,30.09707236925515,0.028893286839112867,1.0
1638806880000.0,17780,1638806880000.0,0.25198946909667125,-0.003012332,1041.912133594351,1042.183131755999,-3.1,4.8586,3.2,4.777313074484945,long_nclose,15.287401838351824,0.014672448228061128,1.0
1638807600000.0,17792,1638807600000.0,0.3980381616481765,-0.003137088,1042.3070346679992,1042.3070346679992,-3.2,4.9017,0.0,4.777313074484945,long_nclose,0.0,0.0,12.0
1639016400000.0,21272,1639016400000.0,0.0,-0.0083718,1042.2986628679992,1042.462162867999,7.5,5.5812,7.5,5.5812,long_ientry_normal,41.859,0.04016027410494835,3480.0
1639017780000.0,21295,1639017780000.0,0.11174999999999935,-0.0028129500000000003,1042.4075999179993,1042.7365999179992,-2.5,5.6259,5.0,5.5812,long_nclose,27.906,0.026770718097407595,23.0
1639017900000.0,21297,1639017900000.0,0.23749999999999938,-0.0028381,1042.6422618179993,1042.8442618179993,-2.5,5.6762,2.5,5.5812,long_nclose,13.953,0.013382346477756334,2.0
1639017960000.0,21298,1639017960000.0,0.1139999999999997,-0.001362288,1042.7548995299992,1042.9028395299993,-1.2,5.6762,1.3,5.5812,long_nclose,7.25556,0.006958068481164939,1.0
1639018080000.0,21300,1639018080000.0,0.1888899999999997,-0.00148889,1042.942300639999,1042.942300639999,-1.3,5.7265,0.0,5.5812,long_nclose,0.0,0.0,2.0
1639028940000.0,21481,1639028940000.0,0.0,-0.008384550000000001,1042.933916089999,1043.018666089999,7.5,5.5897,7.5,5.5897,long_ientry_normal,41.92275,0.04019693803531682,181.0
1639030860000.0,21513,1639030860000.0,0.0,-0.008387148,1042.925528941999,1041.831038941999,7.7,5.4462,15.2,5.5170059210526325,long_rentry,83.85849000000002,0.08040697794124446,32.0
1639033620000.0,21559,1639033620000.0,0.0,-0.008422032000000001,1042.917106909999,1040.3255569099988,7.9,5.3304,23.1,5.453188311688312,long_rentry,125.96865000000003,0.1207849110589676,46.0
1639034160000.0,21568,1639034160000.0,0.0,-0.01253784,1042.9045690699988,1040.4171190699988,12.0,5.2241,35.1,5.374867521367522,long_rentry,188.65785000000002,0.18089656100388363,9.0
1639035300000.0,21587,1639035300000.0,0.503480000000001,-0.012677886,1043.395371183999,1043.866471183999,-11.7,5.4179,23.4,5.374867521367522,long_nclose,125.7719,0.1205409794537229,19.0
1639035360000.0,21588,1639035360000.0,0.335653333333334,-0.008451924000000001,1043.7225725933324,1044.582639259999,-7.8,5.4179,15.6,5.374867521367522,long_nclose,83.84793333333333,0.080335460336933,1.0
1639035540000.0,21591,1639035540000.0,0.22376888888888935,-0.005634616000000001,1043.9407068662213,1044.5452846439991,-5.2,5.4179,10.4,5.374867521367522,long_nclose,55.89862222222223,0.05354578268149238,3.0
1639039860000.0,21663,1639039860000.0,0.0,-0.00835568,1043.9323511862212,1042.634528963999,8.0,5.2223,18.4,5.308533816425122,long_rentry,97.67702222222223,0.0935664290039788,72.0
1639041360000.0,21688,1639041360000.0,0.0,-0.00971812,1043.9226330662214,1040.6146108439991,9.5,5.1148,27.9,5.242567104739148,long_rentry,146.26762222222223,0.14011346970474556,25.0
1639043580000.0,21725,1639043580000.0,0.3909059259259233,-0.009829356000000003,1044.3037096361472,1045.148761487999,-9.3,5.2846,18.6,5.242567104739148,long_nclose,97.51174814814816,0.09337489395888757,37.0
1639048620000.0,21809,1639048620000.0,0.0,-0.00969888,1044.2940107561471,1040.472262607999,9.6,5.0515,28.2,5.1775229839768855,long_rentry,146.00614814814816,0.13981325818619678,84.0
1639052460000.0,21873,1639052460000.0,0.3898839506172793,-0.009811720000000001,1044.6740829867645,1045.829850887999,-9.4,5.219,18.8,5.1775229839768855,long_nclose,97.33743209876545,0.09317492764870158,64.0
1639052580000.0,21875,1639052580000.0,0.2571574993433119,-0.006471560000000001,1044.9247689261078,1045.459979327999,-6.2,5.219,12.6,5.1775229839768855,long_nclose,65.23678959810876,0.06243204442857072,2.0
1639053240000.0,21886,1639053240000.0,0.5555152009456203,-0.0066347820000000005,1045.4736493450534,1046.031054545999,-6.3,5.2657,6.3,5.1775229839768855,long_nclose,32.61839479905438,0.031199633600988864,11.0
1639053540000.0,21891,1639053540000.0,0.8490952009456187,-0.006693498,1046.316051047999,1046.316051047999,-6.3,5.3123,0.0,5.1775229839768855,long_nclose,0.0,0.0,5.0
1639063740000.0,22061,1639063740000.0,0.0,-0.008383014,1046.307668033999,1046.2209980339992,8.1,5.1747,8.1,5.1747,long_ientry_normal,41.91506999999999,0.04005998549046091,170.0
1639064520000.0,22074,1639064520000.0,0.11205000000000026,-0.0028167480000000004,1046.416901285999,1046.672321285999,-2.7,5.2162,5.4,5.1747,long_nclose,27.94338,0.026703869142077934,13.0
1639064940000.0,22081,1639064940000.0,0.237870000000002,-0.0028419120000000003,1046.651929373999,1046.866039373999,-2.7,5.2628,2.7,5.1747,long_nclose,13.97169,0.013348936363549673,7.0
1639065000000.0,22082,1639065000000.0,0.11453000000000095,-0.0013683280000000003,1046.7650910459993,1046.9055110459992,-1.3,5.2628,1.4,5.1747,long_nclose,7.244579999999999,0.006920922432329797,1.0
1639065780000.0,22095,1639065780000.0,0.18858000000000066,-0.001486632,1046.9521844139992,1046.9521844139992,-1.4,5.3094,0.0,5.1747,long_nclose,0.0,0.0,13.0
1639080960000.0,22348,1639080960000.0,0.0,-0.00836672,1046.9438176939993,1047.1502176939994,8.0,5.2292,8.0,5.2292,long_ientry_normal,41.8336,0.039957827051448444,253.0
1639091100000.0,22517,1639091100000.0,0.10894000000000013,-0.002740972,1047.0500167219993,1047.2811367219992,-2.6,5.2711,5.4,5.2292,long_nclose,28.23768,0.026968797620961545,169.0
1639091220000.0,22519,1639091220000.0,0.07542000000000008,-0.001897596,1047.1235391259993,1047.2884191259993,-1.8,5.2711,3.6,5.2292,long_nclose,18.82512,0.017977936028171736,2.0
1639091400000.0,22522,1639091400000.0,0.050280000000000054,-0.001265064,1047.172554061999,1047.304074061999,-1.2,5.2711,2.4,5.2292,long_nclose,12.55008,0.01198472969074489,3.0
1639094460000.0,22573,1639094460000.0,0.03352000000000004,-0.000843376,1047.2052306859991,1047.2689106859991,-0.8,5.2711,1.6,5.2292,long_nclose,8.366719999999999,0.007989570482300933,51.0
1639094520000.0,22574,1639094520000.0,0.020950000000000024,-0.00052711,1047.2256535759993,1047.2881335759994,-0.5,5.2711,1.1,5.2292,long_nclose,5.75212,0.005492722585966098,1.0
1639094640000.0,22576,1639094640000.0,0.012570000000000013,-0.000316266,1047.2379073099994,1047.2841473099993,-0.3,5.2711,0.8,5.2292,long_nclose,4.1833599999999995,0.0039946605931651565,2.0
1639094940000.0,22581,1639094940000.0,0.00838000000000001,-0.000210844,1047.2460764659993,1047.2753564659993,-0.2,5.2711,0.6,5.2292,long_nclose,3.13752,0.002995972074288182,5.0
1639096320000.0,22604,1639096320000.0,0.026700000000000123,-0.000319092,1047.2724573739993,1047.3047973739992,-0.3,5.3182,0.3,5.2292,long_nclose,1.56876,0.0014979483027116108,23.0
1639096680000.0,22610,1639096680000.0,0.040830000000000234,-0.00032191800000000003,1047.3129654559991,1047.3129654559991,-0.3,5.3653,0.0,5.2292,long_nclose,0.0,0.0,6.0
1639119660000.0,22993,1639119660000.0,0.0,-0.008429832,1047.304535623999,1047.251075623999,8.1,5.2036,8.1,5.2036,long_ientry_normal,42.149159999999995,0.04024537139513763,383.0
1639121760000.0,23028,1639121760000.0,0.0,-0.0084162,1047.296119423999,1046.263159423999,8.3,5.07,16.4,5.135985365853659,long_rentry,84.23016,0.08042630774410357,35.0
1639122720000.0,23044,1639122720000.0,0.0,-0.00843591,1047.2876835139991,1044.4317735139991,8.5,4.9623,24.9,5.076695180722892,long_rentry,126.40970999999999,0.12070199238460753,16.0
1639126560000.0,23108,1639126560000.0,0.3378499999999983,-0.008494884000000001,1047.6170386299991,1048.3524986299992,-8.3,5.1174,16.6,5.076695180722892,long_nclose,84.27314000000001,0.08044269698992924,64.0
1639138080000.0,23300,1639138080000.0,0.22387650602409526,-0.0056291399999999995,1047.835285996023,1048.1494694899989,-5.5,5.1174,11.1,5.076695180722892,long_nclose,56.3513165060241,0.05377879258232766,192.0
1639138200000.0,23302,1639138200000.0,0.15060783132530045,-0.0037868760000000002,1047.9821069513482,1048.3173626139987,-3.7,5.1174,7.4,5.076695180722892,long_nclose,37.5675443373494,0.03584750549476075,2.0
1639141680000.0,23360,1639141680000.0,0.09769156626505975,-0.002456352,1048.0773421656131,1048.3088662619987,-2.4,5.1174,5.0,5.076695180722892,long_nclose,25.38347590361446,0.02421908659065684,58.0
1639143300000.0,23387,1639143300000.0,0.06512771084337317,-0.001637568,1048.1408323084565,1048.2744686939986,-1.6,5.1174,3.4,5.076695180722892,long_nclose,17.260763614457833,0.016467981288776065,27.0
1639143360000.0,23388,1639143360000.0,0.044775301204819054,-0.0011258280000000002,1048.1844817816611,1048.3392828659985,-1.1,5.1174,2.3,5.076695180722892,long_nclose,11.67639891566265,0.011139641082851736,1.0
1639143600000.0,23392,1639143600000.0,0.09504530120481915,-0.0011358820000000002,1048.278391200866,1048.4215569839985,-1.1,5.1631,1.2,5.076695180722892,long_nclose,6.09203421686747,0.005811465988427632,4.0
1639144260000.0,23403,1639144260000.0,0.15852578313253005,-0.001250112,1048.4356668719986,1048.4356668719986,-1.2,5.2088,0.0,5.076695180722892,long_nclose,0.0,0.0,11.0
1639148760000.0,23478,1639148760000.0,0.0,-0.008388912,1048.4272779599985,1048.0291179599985,8.4,4.9934,8.4,4.9934,long_ientry_normal,41.94456,0.04000712389095274,75.0
1639148880000.0,23480,1639148880000.0,0.11200000000000009,-0.002818704,1048.5364592559986,1049.1502192559985,-2.8,5.0334,5.6,4.9934,long_nclose,27.96304,0.026668638704124323,2.0
1639148880000.0,23480,1639148880000.0,0.23799999999999988,-0.002843904,1048.7716153519987,1049.0784953519988,-2.8,5.0784,2.8,4.9934,long_nclose,13.98152,0.013331329524309628,0.0
1639149420000.0,23489,1639149420000.0,0.03600000000000003,-0.0009060120000000002,1048.8067093399986,1048.9807493399987,-0.9,5.0334,1.9,4.9934,long_nclose,9.48746,0.009045956624333901,9.0
1639149420000.0,23489,1639149420000.0,0.07649999999999997,-0.0009141120000000001,1048.8822952279986,1048.9738952279986,-0.9,5.0784,1.0,4.9934,long_nclose,4.9934,0.004760686706905059,0.0
1639149900000.0,23497,1639149900000.0,0.01200000000000001,-0.00030200400000000003,1048.8939932239985,1048.9336132239985,-0.3,5.0334,0.7,4.9934,long_nclose,3.49538,0.003332443528688926,8.0
1639150920000.0,23514,1639150920000.0,0.025499999999999988,-0.000304704,1048.9191885199984,1048.9542285199984,-0.3,5.0784,0.4,4.9934,long_nclose,1.9973600000000002,0.0019042077043306173,17.0
1639153020000.0,23549,1639153020000.0,0.0,-0.00795296,1048.9112355599984,1048.7626755599983,8.0,4.9706,8.4,4.971685714285714,long_ientry_partial,41.76216,0.039814770386841926,35.0
1639153380000.0,23555,1639153380000.0,0.0,-0.008429256,1048.9028063039984,1047.2282663039985,8.7,4.8444,17.1,4.906926315789473,long_rentry,83.90844,0.07999639193994226,6.0
1639158960000.0,23648,1639158960000.0,0.0,-0.008439692,1048.8943666119985,1045.0134666119984,8.9,4.7414,26.0,4.850265384615384,long_rentry,126.1069,0.1202284081354484,93.0
1639159200000.0,23652,1639159200000.0,0.0,-0.01254717,1048.8818194419985,1043.5955694419986,13.5,4.6471,39.5,4.78082911392405,long_rentry,188.84275,0.18004197088711452,4.0
1639162860000.0,23713,1639162860000.0,0.5026586075949445,-0.012626304000000001,1049.3718517455934,1049.7723631379986,-13.1,4.8192,26.4,4.78082911392405,long_nclose,126.21388860759492,0.1202756567156271,61.0
1639163700000.0,23727,1639163700000.0,0.33766379746835967,-0.008481792000000002,1049.7010337510617,1050.4432413459983,-8.8,4.8192,17.6,4.78082911392405,long_nclose,84.1425924050633,0.08015862583690457,14.0
1639163820000.0,23729,1639163820000.0,0.22255113924050976,-0.005590272,1049.9179946183021,1050.3566110739982,-5.8,4.8192,11.8,4.78082911392405,long_nclose,56.4137835443038,0.053731609357560384,2.0
1639164000000.0,23732,1639164000000.0,0.14964645569620486,-0.0037589760000000007,1050.0638820979984,1050.3575320979985,-3.9,4.8192,7.9,4.78082911392405,long_nclose,37.76855,0.03596785933112896,3.0
1639164060000.0,23733,1639164060000.0,0.09976430379746991,-0.002505984,1050.1611404177959,1050.3740461139985,-2.6,4.8192,5.3,4.78082911392405,long_nclose,25.338394303797465,0.024128101229985374,1.0
1639164540000.0,23741,1639164540000.0,0.211564303797468,-0.002528344,1050.3701763775935,1050.7054377699985,-2.6,4.8622,2.7,4.78082911392405,long_nclose,12.908238607594937,0.012289228024458499,8.0
1639164660000.0,23743,1639164660000.0,0.3360713924050651,-0.0026488620000000005,1050.7035989079986,1050.7035989079986,-2.7,4.9053,0.0,4.78082911392405,long_nclose,0.0,0.0,2.0
1639177500000.0,23957,1639177500000.0,0.0,-0.008410336000000001,1050.6951885719986,1050.7075085719987,8.8,4.7786,8.8,4.7786,long_ientry_normal,42.051680000000005,0.04002272063047372,214.0
1639181520000.0,24024,1639181520000.0,0.11107000000000129,-0.002793802,1050.8034647699985,1051.0005247699985,-2.9,4.8169,5.9,4.7786,long_nclose,28.193740000000002,0.026830650017100097,67.0
1639181580000.0,24025,1639181580000.0,0.07277000000000085,-0.0018304220000000002,1050.8744043479985,1051.1400043479985,-1.9,4.8169,4.0,4.7786,long_nclose,19.1144,0.018189043258560744,1.0
1639182540000.0,24041,1639182540000.0,0.1625999999999994,-0.00194396,1051.0350603879986,1051.1998603879986,-2.0,4.8599,2.0,4.7786,long_nclose,9.5572,0.009093131485520453,16.0
1639183260000.0,24053,1639183260000.0,0.24879999999999924,-0.0019611999999999997,1051.2818991879985,1051.2818991879985,-2.0,4.903,0.0,4.7786,long_nclose,0.0,0.0,12.0
1639208220000.0,24469,1639208220000.0,0.0,-0.008432216,1051.2734669719985,1051.2093869719984,8.9,4.7372,8.9,4.7372,long_ientry_normal,42.16108,0.040104769429249745,416.0
1639211400000.0,24522,1639211400000.0,0.11020000000000074,-0.002769616,1051.3808973559985,1051.5116973559984,-2.9,4.7752,6.0,4.7372,long_nclose,28.423199999999998,0.027034160570615615,53.0
1639211460000.0,24523,1639211460000.0,0.07600000000000051,-0.00191008,1051.4549872759985,1051.6181872759985,-2.0,4.7752,4.0,4.7372,long_nclose,18.9488,0.018021503753661013,1.0
1639211820000.0,24529,1639211820000.0,0.1612000000000009,-0.00192712,1051.6142601559986,1051.7718601559986,-2.0,4.8178,2.0,4.7372,long_nclose,9.4744,0.009009387147902071,6.0
1639211880000.0,24530,1639211880000.0,0.08060000000000045,-0.00096356,1051.6938965959987,1051.7726965959987,-1.0,4.8178,1.0,4.7372,long_nclose,4.7372,0.004504352469224003,1.0
1639211940000.0,24531,1639211940000.0,0.040300000000000225,-0.00048178,1051.7337148159986,1051.7706148159987,-0.5,4.8178,0.5,4.7372,long_nclose,2.3686,0.00225209096811581,1.0
1639212060000.0,24533,1639212060000.0,0.01612000000000009,-0.00019271200000000002,1051.7496421039987,1051.7720821039986,-0.2,4.8178,0.3,4.7372,long_nclose,1.4211599999999998,0.0013512341179950438,2.0
1639212660000.0,24543,1639212660000.0,0.008060000000000045,-9.635600000000001e-05,1051.7576057479985,1051.7731657479985,-0.1,4.8178,0.2,4.7372,long_nclose,0.94744,0.000900815924526822,10.0
1639212720000.0,24544,1639212720000.0,0.008060000000000045,-9.635600000000001e-05,1051.7655693919983,1051.7741493919982,-0.1,4.8178,0.1,4.7372,long_nclose,0.47372,0.0004504045519134523,1.0
1639213080000.0,24550,1639213080000.0,0.008060000000000045,-9.635600000000001e-05,1051.773533035998,1051.773533035998,-0.1,4.8178,0.0,4.7372,long_nclose,0.0,0.0,6.0
1639368360000.0,27138,1639368360000.0,0.0,-0.008434944000000002,1051.765098091998,1051.7583780919979,8.4,5.0208,8.4,5.0208,long_ientry_normal,42.17472000000001,0.04009899175824427,2588.0
1639375620000.0,27259,1639375620000.0,0.11255999999999879,-0.0028341599999999996,1051.874823931998,1052.1223439319979,-2.8,5.061,5.6,5.0208,long_nclose,28.11648,0.026729872566868932,121.0
1639375740000.0,27261,1639375740000.0,0.07235999999999923,-0.00182196,1051.945361971998,1052.105721971998,-1.8,5.061,3.8,5.0208,long_nclose,19.07904,0.018136911563766057,2.0
1639376280000.0,27270,1639376280000.0,0.048239999999999485,-0.0012146400000000001,1051.992387331998,1052.120307331998,-1.2,5.061,2.6,5.0208,long_nclose,13.05408,0.01240891108832736,9.0
1639376580000.0,27275,1639376580000.0,0.1111499999999996,-0.0013276380000000001,1052.102209693998,1052.181769693998,-1.3,5.1063,1.3,5.0208,long_nclose,6.52704,0.0062038078998982215,5.0
1639376760000.0,27278,1639376760000.0,0.05129999999999981,-0.000612756,1052.152896937998,1052.2167369379981,-0.6,5.1063,0.7,5.0208,long_nclose,3.51456,0.00334035101764027,3.0
1639376940000.0,27281,1639376940000.0,0.025649999999999906,-0.000306378,1052.1782405599981,1052.213920559998,-0.3,5.1063,0.4,5.0208,long_nclose,2.0083200000000003,0.0019087260338430086,3.0
1639378140000.0,27301,1639378140000.0,0.004019999999999957,-0.00010122000000000001,1052.1821593399982,1052.1939193399983,-0.1,5.061,0.3,5.0208,long_nclose,1.50624,0.0014315391936932465,20.0
1639381440000.0,27356,1639381440000.0,0.0,-0.008125872,1052.1740334679982,1052.1644334679982,8.2,4.9548,8.5,4.957129411764705,long_ientry_partial,42.1356,0.04004622682154563,55.0
1639384740000.0,27411,1639384740000.0,0.11135764705882599,-0.002798264,1052.2825928510572,1053.3192552039984,-2.8,4.9969,5.7,4.957129411764705,long_nclose,28.25563764705882,0.02685175811043583,55.0
1639384740000.0,27411,1639384740000.0,0.2362376470588259,-0.00282324,1052.516007258116,1053.0434319639983,-2.8,5.0415,2.9,4.957129411764705,long_nclose,14.375675294117645,0.013658391126579985,0.0
1639384740000.0,27411,1639384740000.0,0.37430470588235465,-0.002949996,1052.8873619679982,1052.8873619679982,-2.9,5.0862,0.0,4.957129411764705,long_nclose,0.0,0.0,0.0
1639390320000.0,27504,1639390320000.0,0.0,-0.008438836,1052.8789231319981,1052.8849431319982,8.6,4.9063,8.6,4.9063,long_ientry_normal,42.194179999999996,0.0400750542849552,93.0
1639393740000.0,27561,1639393740000.0,0.11003999999999968,-0.002769536,1052.9861935959982,1053.2860535959983,-2.8,4.9456,5.8,4.9063,long_nclose,28.456539999999997,0.027024608843938924,57.0
1639393980000.0,27565,1639393980000.0,0.07466999999999979,-0.001879328,1053.058984267998,1053.2723142679981,-1.9,4.9456,3.9,4.9063,long_nclose,19.13457,0.01817046365479785,4.0
1639394700000.0,27577,1639394700000.0,0.05108999999999986,-0.0012858560000000002,1053.108788411998,1053.219808411998,-1.3,4.9456,2.6,4.9063,long_nclose,12.75638,0.012113069552135805,12.0
1639394820000.0,27579,1639394820000.0,0.03143999999999991,-0.000791296,1053.139437115998,1053.2180971159978,-0.8,4.9456,1.8,4.9063,long_nclose,8.83134,0.00838572717795514,2.0
1639395000000.0,27582,1639395000000.0,0.023579999999999934,-0.0005934719999999999,1053.162423643998,1053.212463643998,-0.6,4.9456,1.2,4.9063,long_nclose,5.88756,0.0055903627662946135,3.0
1639396860000.0,27613,1639396860000.0,0.015719999999999956,-0.000395648,1053.177747995998,1053.205507995998,-0.4,4.9456,0.8,4.9063,long_nclose,3.92504,0.003726854282165212,31.0
1639397460000.0,27623,1639397460000.0,0.007859999999999978,-0.000197824,1053.185410171998,1053.224230171998,-0.2,4.9456,0.6,4.9063,long_nclose,2.94378,0.002795120376306053,10.0
1639397700000.0,27627,1639397700000.0,0.007859999999999978,-0.000197824,1053.193072347998,1053.209752347998,-0.2,4.9456,0.4,4.9063,long_nclose,1.96252,0.0018634000275227225,4.0
1639399440000.0,27656,1639399440000.0,0.003929999999999989,-9.8912e-05,1053.196903435998,1053.211813435998,-0.1,4.9456,0.3,4.9063,long_nclose,1.47189,0.0013975449369420271,29.0
1639399560000.0,27658,1639399560000.0,0.003929999999999989,-9.8912e-05,1053.2007345239979,1053.206474523998,-0.1,4.9456,0.2,4.9063,long_nclose,0.98126,0.0009316932355193314,2.0
1639401660000.0,27693,1639401660000.0,0.0,-0.008244660000000001,1053.192489863998,1053.374329863998,8.5,4.8498,8.7,4.851098850574712,long_ientry_partial,42.204559999999994,0.04007297849745397,35.0
1639401840000.0,27696,1639401840000.0,0.11281333333333325,-0.0028362,1053.3024669973313,1053.574493663998,-2.9,4.89,5.8,4.851098850574712,long_nclose,28.13637333333333,0.026712529605614814,3.0
1639404960000.0,27748,1639404960000.0,0.0,-0.002802676,1053.2996643213312,1052.988210987998,2.9,4.8322,8.7,4.844799233716476,long_ientry_partial,42.14975333333334,0.04001686771683492,52.0
1639405140000.0,27751,1639405140000.0,0.0,-0.008402668,1053.2912616533313,1052.622568319998,8.9,4.7206,17.6,4.781993939393939,long_rentry,84.16309333333332,0.07990486240360915,3.0
1639410900000.0,27847,1639410900000.0,0.0,-0.008409674,1053.2828519793313,1050.425388645998,9.1,4.6207,26.7,4.727021098626716,long_rentry,126.21146333333333,0.11982675223104267,96.0
1639422780000.0,28045,1639422780000.0,0.3371222222222245,-0.008481522,1053.6114926795535,1054.287517123998,-8.9,4.7649,17.8,4.727021098626716,long_nclose,84.14097555555556,0.07985958404987357,198.0
1639424280000.0,28070,1639424280000.0,0.0,-0.008404568000000001,1053.6030881115535,1050.289272555998,9.2,4.5677,27.0,4.672733909465021,long_rentry,126.16381555555556,0.11974510798149594,25.0
1639431540000.0,28191,1639431540000.0,0.3371948148148176,-0.00847836,1053.9318045663683,1055.970594195998,-9.0,4.7102,18.0,4.672733909465021,long_nclose,84.10921037037038,0.07980517335747016,121.0
1639431540000.0,28191,1639431540000.0,0.7160948148148139,-0.00855414,1054.6393452411833,1055.6587400559981,-9.0,4.7523,9.0,4.672733909465021,long_nclose,42.05460518518519,0.03987581667130749,0.0
1639431540000.0,28191,1639431540000.0,1.094994814814818,-0.008629920000000001,1055.725710135998,1055.725710135998,-9.0,4.7944,0.0,4.672733909465021,long_nclose,0.0,0.0,0.0
1639489200000.0,29152,1639489200000.0,0.0,-0.0084744,1055.717235735998,1055.6542357359979,9.0,4.708,9.0,4.708,long_ientry_normal,42.372,0.04013574711647117,961.0
1639492740000.0,29211,1639492740000.0,0.1131000000000002,-0.0028474200000000007,1055.827488315998,1056.0434883159978,-3.0,4.7457,6.0,4.708,long_nclose,28.248,0.02675437068327745,59.0
1639492800000.0,29212,1639492800000.0,0.07540000000000013,-0.0018982800000000002,1055.900990035998,1056.0649900359979,-2.0,4.7457,4.0,4.708,long_nclose,18.832,0.01783500553338621,1.0
1639495440000.0,29256,1639495440000.0,0.0,-0.0046894,1055.896300635998,1055.7463006359978,5.0,4.6894,9.0,4.697666666666667,long_ientry_partial,42.278999999999996,0.04004086383722918,44.0
1639496400000.0,29272,1639496400000.0,0.11289999999999889,-0.00284118,1056.006359455998,1056.2423594559982,-3.0,4.7353,6.0,4.697666666666667,long_nclose,28.186,0.02669112713915854,16.0
1639496520000.0,29274,1639496520000.0,0.07526666666666593,-0.00189412,1056.0797320026647,1056.2330653359982,-2.0,4.7353,4.0,4.697666666666667,long_nclose,18.790666666666667,0.017792848491688745,2.0
1639496820000.0,29279,1639496820000.0,0.048923333333332854,-0.0012311779999999999,1056.1274241579981,1056.209324157998,-1.3,4.7353,2.7,4.697666666666667,long_nclose,12.6837,0.012009630381591627,5.0
1639497360000.0,29288,1639497360000.0,0.0,-0.00589806,1056.1215260979982,1056.0855260979981,6.3,4.681,9.0,4.686,long_ientry_partial,42.174,0.03993290446016972,9.0
1639498140000.0,29301,1639498140000.0,0.1128000000000009,-0.00283416,1056.2314919379983,1056.4594919379983,-3.0,4.7236,6.0,4.686,long_nclose,28.116,0.026619164657183347,13.0
1639498560000.0,29308,1639498560000.0,0.0752000000000006,-0.0018894400000000003,1056.3048024979983,1056.4608024979982,-2.0,4.7236,4.0,4.686,long_nclose,18.744,0.017744878140924215,7.0
1639500360000.0,29338,1639500360000.0,0.04888000000000039,-0.0012281360000000001,1056.3524543619983,1056.4712543619983,-1.3,4.7236,2.7,4.686,long_nclose,12.6522,0.011977252429106636,30.0
1639500600000.0,29342,1639500600000.0,0.03384000000000027,-0.0008502480000000001,1056.3854441139983,1056.4484441139984,-0.9,4.7236,1.8,4.686,long_nclose,8.434800000000001,0.007984585595151169,4.0
1639501200000.0,29352,1639501200000.0,0.02256000000000018,-0.0005668320000000001,1056.4074372819985,1056.4482372819984,-0.6,4.7236,1.2,4.686,long_nclose,5.6232,0.00532294624360822,10.0
1639501380000.0,29355,1639501380000.0,0.015040000000000121,-0.00037788800000000005,1056.4220993939985,1056.4500993939985,-0.4,4.7236,0.8,4.686,long_nclose,3.7488,0.0035485815775251634,3.0
1639501740000.0,29361,1639501740000.0,0.0075200000000000605,-0.00018894400000000003,1056.4294304499986,1056.4522304499985,-0.2,4.7236,0.6,4.686,long_nclose,2.8116,0.0026614177141982553,6.0
1639502160000.0,29368,1639502160000.0,0.0075200000000000605,-0.00018894400000000003,1056.4367615059987,1056.4527615059988,-0.2,4.7236,0.4,4.686,long_nclose,1.8744,0.0017742661636726438,7.0
1639502400000.0,29372,1639502400000.0,0.0037600000000000302,-9.447200000000001e-05,1056.4404270339987,1056.4509270339988,-0.1,4.7236,0.3,4.686,long_nclose,1.4058,0.001330695005630221,4.0
1639505340000.0,29421,1639505340000.0,0.0,-0.008160944000000002,1056.4322660899986,1056.4366460899987,8.8,4.6369,9.1,4.638518681318682,long_ientry_partial,42.21052,0.039955727740337725,49.0
1639506300000.0,29437,1639506300000.0,0.0,-0.008406642,1056.4238594479987,1055.6609294479986,9.3,4.5197,18.4,4.578463586956522,long_rentry,84.24373,0.07974425155828924,16.0
1639514580000.0,29575,1639514580000.0,0.22409211956521558,-0.0056305439999999995,1056.642321023564,1057.3746189039987,-6.1,4.6152,12.3,4.578463586956522,long_nclose,56.31510211956522,0.05329627727291206,138.0
1639514640000.0,29576,1639514640000.0,0.475412119565215,-0.005680807999999999,1057.112052335129,1057.6547780959986,-6.1,4.6564,6.2,4.578463586956522,long_nclose,28.386474239130436,0.026852852709819703,1.0
1639515480000.0,29590,1639515480000.0,0.2416028804347814,-0.002886968,1057.3507682475638,1057.6190311279986,-3.1,4.6564,3.1,4.578463586956522,long_nclose,14.193237119565218,0.013423395098193253,14.0
1639516320000.0,29604,1639516320000.0,0.36932288043478384,-0.0029125120000000003,1057.7171786159986,1057.7171786159986,-3.1,4.6976,0.0,4.578463586956522,long_nclose,0.0,0.0,14.0
1639574880000.0,30580,1639574880000.0,0.0,-0.008482838,1057.7086957779986,1057.9280057779986,9.1,4.6609,9.1,4.6609,long_ientry_normal,42.41419,0.04010006740920495,976.0
1639575480000.0,30590,1639575480000.0,0.11219999999999963,-0.00281898,1057.8180767979986,1058.0687867979987,-3.0,4.6983,6.1,4.6609,long_nclose,28.431489999999997,0.026877485480359477,10.0
1639577040000.0,30616,1639577040000.0,0.07479999999999976,-0.0018793199999999999,1057.8909974779988,1058.0554074779989,-2.0,4.6983,4.1,4.6609,long_nclose,19.109689999999997,0.018063949920698163,26.0
1639577520000.0,30624,1639577520000.0,0.048619999999999844,-0.001221558,1057.9383959199988,1058.0394759199987,-1.3,4.6983,2.8,4.6609,long_nclose,13.050519999999999,0.012335803341981056,8.0
1639577700000.0,30627,1639577700000.0,0.03365999999999989,-0.000845694,1057.971210225999,1058.045500225999,-0.9,4.6983,1.9,4.6609,long_nclose,8.855709999999998,0.0083704640678344,3.0
1639577880000.0,30630,1639577880000.0,0.022439999999999925,-0.000563796,1057.9930864299988,1058.0439164299987,-0.6,4.6983,1.3,4.6609,long_nclose,6.05917,0.005727041204442596,3.0
1639578000000.0,30632,1639578000000.0,0.014959999999999953,-0.000375864,1058.0076705659988,1058.0428605659988,-0.4,4.6983,0.9,4.6609,long_nclose,4.19481,0.003964820026074024,2.0
1639578180000.0,30635,1639578180000.0,0.011219999999999963,-0.000281898,1058.018608667999,1058.042068667999,-0.3,4.6983,0.6,4.6609,long_nclose,2.79654,0.002643186024412866,3.0
1639578300000.0,30637,1639578300000.0,0.007479999999999976,-0.000187932,1058.025900735999,1058.041540735999,-0.2,4.6983,0.4,4.6609,long_nclose,1.86436,0.0017621118714608855,2.0
1639578480000.0,30640,1639578480000.0,0.003739999999999988,-9.3966e-05,1058.0295467699991,1058.0409767699991,-0.1,4.6983,0.3,4.6609,long_nclose,1.39827,0.0013215793493373624,3.0
1639578780000.0,30645,1639578780000.0,0.0,-0.008174144000000001,1058.0213726259992,1057.9399826259992,8.8,4.6444,9.1,4.6449439560439565,long_ientry_partial,42.26899,0.039950979340888704,5.0
1639592280000.0,30870,1639592280000.0,0.11176813186813028,-0.00280932,1058.1303314378672,1058.307573305999,-3.0,4.6822,6.1,4.6449439560439565,long_nclose,28.334158131868133,0.026777569161414685,225.0
1639592340000.0,30871,1639592340000.0,0.07451208791208686,-0.0018728800000000002,1058.2029706457793,1058.338500425999,-2.0,4.6822,4.1,4.6449439560439565,long_nclose,19.04427021978022,0.017996802832785715,1.0
1639592400000.0,30872,1639592400000.0,0.04843285714285646,-0.001217372,1058.2501861309222,1058.3623430539992,-1.3,4.6822,2.8,4.6449439560439565,long_nclose,13.005843076923078,0.01228995113572704,1.0
1639592820000.0,30879,1639592820000.0,0.11067846153846118,-0.00132272,1058.3595418724608,1058.4730203339993,-1.4,4.724,1.4,4.6449439560439565,long_nclose,6.502921538461539,0.006144340633955548,7.0
1639593180000.0,30885,1639593180000.0,0.05533923076923059,-0.00066136,1058.41421974323,1058.4695589739993,-0.7,4.724,0.7,4.6449439560439565,long_nclose,3.2514607692307695,0.003072011608101382,6.0
1639593360000.0,30888,1639593360000.0,0.023716813186813113,-0.00028344000000000004,1058.4376531164169,1058.4704755339992,-0.3,4.724,0.4,4.6449439560439565,long_nclose,1.8579775824175826,0.001755396340017795,3.0
1639593720000.0,30894,1639593720000.0,0.04838241758241751,-0.0003812720000000001,1058.4856542619993,1058.4856542619993,-0.4,4.7659,0.0,4.6449439560439565,long_nclose,0.0,0.0,6.0
1639684140000.0,32401,1639684140000.0,0.0,-0.008495596000000001,1058.4771586659992,1058.2767786659992,8.6,4.9393,8.6,4.9393,long_ientry_normal,42.47798,0.04013122026509772,1507.0
1639685340000.0,32421,1639685340000.0,0.11088000000000021,-0.002788184,1058.585250481999,1058.751710481999,-2.8,4.9789,5.8,4.9393,long_nclose,28.647940000000002,0.027062477950600496,20.0
1639685460000.0,32423,1639685460000.0,0.07524000000000015,-0.0018919820000000002,1058.658598499999,1058.758828499999,-1.9,4.9789,3.9,4.9393,long_nclose,19.263270000000002,0.018195922677333283,2.0
1639687740000.0,32461,1639687740000.0,0.0514800000000001,-0.0012945140000000003,1058.7087839859992,1058.806803985999,-1.3,4.9789,2.6,4.9393,long_nclose,12.84218,0.012130040096247876,38.0
1639687800000.0,32462,1639687800000.0,0.03168000000000006,-0.0007966240000000001,1058.7396673619992,1058.8003273619993,-0.8,4.9789,1.8,4.9393,long_nclose,8.890740000000001,0.00839747510561548,1.0
1639687860000.0,32463,1639687860000.0,0.02376000000000005,-0.0005974680000000001,1058.7628298939992,1058.8176698939992,-0.6,4.9789,1.2,4.9393,long_nclose,5.92716,0.005598194262820327,1.0
1639687980000.0,32465,1639687980000.0,0.01584000000000003,-0.00039831200000000006,1058.7782715819992,1058.8148315819992,-0.4,4.9789,0.8,4.9393,long_nclose,3.9514400000000003,0.003732075077528613,2.0
1639688160000.0,32468,1639688160000.0,0.007920000000000016,-0.00019915600000000003,1058.7859924259992,1058.809812425999,-0.2,4.9789,0.6,4.9393,long_nclose,2.96358,0.002799035896961142,3.0
1639688340000.0,32471,1639688340000.0,0.007920000000000016,-0.00019915600000000003,1058.7937132699992,1058.8063932699993,-0.2,4.9789,0.4,4.9393,long_nclose,1.9757200000000001,0.0018660103240490046,3.0
1639688520000.0,32474,1639688520000.0,0.003960000000000008,-9.957800000000001e-05,1058.7975736919993,1058.8184836919993,-0.1,4.9789,0.3,4.9393,long_nclose,1.48179,0.0013995026403706586,3.0
1639688640000.0,32476,1639688640000.0,0.00840999999999994,-0.000100468,1058.8058832239992,1058.8228232239992,-0.1,5.0234,0.2,4.9393,long_nclose,0.9878600000000001,0.0009329944380286467,2.0
1639688880000.0,32480,1639688880000.0,0.00840999999999994,-0.000100468,1058.814192755999,1058.8225627559991,-0.1,5.0234,0.1,4.9393,long_nclose,0.49393000000000004,0.00046649355796255827,4.0
1639688940000.0,32481,1639688940000.0,0.00840999999999994,-0.000100468,1058.822502287999,1058.822502287999,-0.1,5.0234,0.0,4.9393,long_nclose,0.0,0.0,1.0
1639728300000.0,33137,1639728300000.0,0.0,-0.008452400000000002,1058.814049887999,1058.783249887999,8.8,4.8025,8.8,4.8025,long_ientry_normal,42.26200000000001,0.039914468460699466,656.0
1639730400000.0,33172,1639730400000.0,0.11164999999999993,-0.00280778,1058.9228921079991,1059.1559421079992,-2.9,4.841,5.9,4.8025,long_nclose,28.334750000000003,0.026758086175277578,35.0
1639730700000.0,33177,1639730700000.0,0.07314999999999995,-0.0018395800000000002,1058.994202527999,1059.128202527999,-1.9,4.841,4.0,4.8025,long_nclose,19.21,0.018139853791590613,5.0
1639730880000.0,33180,1639730880000.0,0.050049999999999976,-0.0012586600000000002,1059.042993867999,1059.160443867999,-1.3,4.841,2.7,4.8025,long_nclose,12.966750000000001,0.012243837195542789,3.0
1639731540000.0,33191,1639731540000.0,0.03464999999999998,-0.0008713800000000002,1059.076772487999,1059.147872487999,-0.9,4.841,1.8,4.8025,long_nclose,8.6445,0.00816229779045405,11.0
1639732080000.0,33200,1639732080000.0,0.023099999999999985,-0.00058092,1059.0992915679992,1059.1466915679991,-0.6,4.841,1.2,4.8025,long_nclose,5.763,0.00544141615982753,9.0
1639732620000.0,33209,1639732620000.0,0.015399999999999992,-0.00038728000000000005,1059.1143042879992,1059.1475042879993,-0.4,4.841,0.8,4.8025,long_nclose,3.8420000000000005,0.003627559352607201,9.0
1639733220000.0,33219,1639733220000.0,0.007699999999999996,-0.00019364000000000002,1059.1218106479994,1059.1467106479993,-0.2,4.841,0.6,4.8025,long_nclose,2.8815,0.0027206502321362076,10.0
1639740900000.0,33347,1639740900000.0,0.007699999999999996,-0.00019364000000000002,1059.1293170079996,1059.1331170079995,-0.2,4.841,0.4,4.8025,long_nclose,1.9210000000000003,0.0018137539667268893,128.0
1639740900000.0,33347,1639740900000.0,0.016359999999999885,-0.000195372,1059.1454816359997,1059.1473816359996,-0.2,4.8843,0.2,4.8025,long_nclose,0.9605000000000001,0.000906863142650028,0.0
1639750620000.0,33509,1639750620000.0,0.0,-0.00832951,1059.1371521259996,1059.0898021259995,8.9,4.6795,9.1,4.682203296703298,long_ientry_partial,42.608050000000006,0.04022902030626829,162.0
1639755540000.0,33591,1639755540000.0,0.11249010989010522,-0.00283182,1059.2468104158897,1059.5078703059996,-3.0,4.7197,6.1,4.682203296703298,long_nclose,28.561440109890114,0.026963914197368315,82.0
1639755660000.0,33593,1639755660000.0,0.07499340659340348,-0.00188788,1059.3199159424832,1059.4707824259997,-2.0,4.7197,4.1,4.682203296703298,long_nclose,19.19703351648352,0.018122035871858223,2.0
1639756620000.0,33609,1639756620000.0,0.04874571428571226,-0.001227122,1059.367434534769,1059.4844653039997,-1.3,4.7197,2.8,4.682203296703298,long_nclose,13.110169230769234,0.01237546936349491,16.0
1639756800000.0,33612,1639756800000.0,0.03374703296703157,-0.000849546,1059.4003320217362,1059.481645758,-0.9,4.7197,1.9,4.682203296703298,long_nclose,8.896186263736265,0.008397379153883198,3.0
1639756980000.0,33615,1639756980000.0,0.07172703296703178,-0.000857142,1059.471201912703,1059.5479986159996,-0.9,4.7619,1.0,4.682203296703298,long_nclose,4.682203296703298,0.004419377599174325,3.0
1639757040000.0,33616,1639757040000.0,0.03984835164835099,-0.00047619,1059.5105740743513,1059.5589724259996,-0.5,4.7619,0.5,4.682203296703298,long_nclose,2.341101648351649,0.002209606685989867,1.0
1639757460000.0,33623,1639757460000.0,0.015939340659340395,-0.000190476,1059.5263229390107,1059.5550619499998,-0.2,4.7619,0.3,4.682203296703298,long_nclose,1.4046609890109893,0.0013257443053558242,7.0
1639757880000.0,33630,1639757880000.0,0.007969670329670197,-9.5238e-05,1059.5341973713403,1059.5501567119995,-0.1,4.7619,0.2,4.682203296703298,long_nclose,0.9364406593406596,0.0008838229683043071,7.0
1639758540000.0,33641,1639758540000.0,0.024379340659340443,-0.000192164,1059.5583845479996,1059.5583845479996,-0.2,4.8041,0.0,4.682203296703298,long_nclose,0.0,0.0,11.0
1639910460000.0,36173,1639910460000.0,0.0,-0.00843368,1059.5499508679995,1059.7285508679995,9.4,4.486,9.4,4.486,long_ientry_normal,42.1684,0.03979840682872478,2532.0
1639913940000.0,36231,1639913940000.0,0.11160000000000148,-0.0028036400000000005,1059.6587472279996,1059.8855472279995,-3.1,4.522,6.3,4.486,long_nclose,28.261799999999997,0.026670661733252412,58.0
1639914000000.0,36232,1639914000000.0,0.075600000000001,-0.0018992400000000004,1059.7324479879994,1059.8920479879994,-2.1,4.522,4.2,4.486,long_nclose,18.8412,0.017779204586753732,1.0
1639914420000.0,36239,1639914420000.0,0.050400000000000666,-0.0012661600000000001,1059.7815818279996,1059.8823818279996,-1.4,4.522,2.8,4.486,long_nclose,12.560799999999999,0.011852253535425747,7.0
1639914480000.0,36240,1639914480000.0,0.03240000000000043,-0.0008139600000000002,1059.8131678679997,1059.8758678679997,-0.9,4.522,1.9,4.486,long_nclose,8.523399999999999,0.008042360916449373,1.0
1639914540000.0,36241,1639914540000.0,0.021600000000000286,-0.00054264,1059.8342252279997,1059.8810252279998,-0.6,4.522,1.3,4.486,long_nclose,5.8318,0.005502558665479423,1.0
1639914600000.0,36242,1639914600000.0,0.01440000000000019,-0.00036176000000000003,1059.8482634679997,1059.8896634679998,-0.4,4.522,0.9,4.486,long_nclose,4.0374,0.003809413233163166,1.0
1639919160000.0,36318,1639919160000.0,0.010800000000000143,-0.00027132,1059.8587921479998,1059.8767921479998,-0.3,4.522,0.6,4.486,long_nclose,2.6915999999999998,0.0025395835935322804,76.0
1639919400000.0,36322,1639919400000.0,0.007200000000000095,-0.00018088000000000002,1059.8658112679998,1059.8806112679997,-0.2,4.522,0.4,4.486,long_nclose,1.7944,0.0016930445165065,4.0
1639919820000.0,36329,1639919820000.0,0.0036000000000000476,-9.044000000000001e-05,1059.869320828,1059.8804208279998,-0.1,4.522,0.3,4.486,long_nclose,1.3457999999999999,0.001269779182728511,7.0
1639922520000.0,36374,1639922520000.0,0.0036000000000000476,-9.044000000000001e-05,1059.872830388,1059.880030388,-0.1,4.522,0.2,4.486,long_nclose,0.8972,0.0008465166520699955,45.0
1639922580000.0,36375,1639922580000.0,0.0036000000000000476,-9.044000000000001e-05,1059.8763399480001,1059.8807399480002,-0.1,4.522,0.1,4.486,long_nclose,0.4486,0.00042325692450310694,1.0
1639948500000.0,36807,1639948500000.0,0.0036000000000000476,-9.044000000000001e-05,1059.8798495080002,1059.8798495080002,-0.1,4.522,0.0,4.486,long_nclose,0.0,0.0,432.0
1639964400000.0,37072,1639964400000.0,0.0,-0.008445984,1059.8714035240002,1059.8558835240003,9.7,4.3536,9.7,4.3536,long_ientry_normal,42.22992,0.0398443809877202,265.0
1639971000000.0,37182,1639971000000.0,0.0,-0.0084842,1059.8629193240001,1059.5476993240002,10.0,4.2421,19.7,4.297001015228426,long_rentry,84.65092,0.07986968734974886,110.0
1639973700000.0,37227,1639973700000.0,0.0,-0.008470284,1059.8544490400002,1057.6846090400002,10.2,4.1521,29.9,4.247569899665551,long_rentry,127.00233999999998,0.11982998242356462,45.0
1639983900000.0,37397,1639983900000.0,0.0,-0.012617000000000001,1059.84183204,1055.25889204,15.5,4.07,45.4,4.186945814977974,long_rentry,190.08734,0.17935444162844275,170.0
1640033520000.0,38224,1640033520000.0,0.5066681938326028,-0.012745910000000001,1060.3357543238328,1061.3069961300002,-15.1,4.2205,30.3,4.186945814977974,long_nclose,126.8644581938326,0.11964555347351556,827.0
1640033580000.0,38225,1640033580000.0,0.3388972687224694,-0.00852541,1060.6661261825554,1061.4752207200004,-10.1,4.2205,20.2,4.186945814977974,long_nclose,84.57630546255507,0.07973885785054129,1.0
1640034840000.0,38246,1640034840000.0,0.71966726872247,-0.008601564,1061.377191887278,1062.1150391560004,-10.1,4.2582,10.1,4.186945814977974,long_nclose,42.288152731277535,0.03984271854955093,21.0
1640038080000.0,38300,1640038080000.0,0.3562709251101337,-0.004258200000000001,1061.729204612388,1062.1068809560004,-5.0,4.2582,5.1,4.186945814977974,long_nclose,21.353423656387665,0.020111930201810065,54.0
1640039940000.0,38331,1640039940000.0,0.17813546255506685,-0.0021291000000000005,1061.905210974943,1062.0977518560003,-2.5,4.2582,2.6,4.186945814977974,long_nclose,10.886059118942732,0.010251441471831711,31.0
1640041860000.0,38363,1640041860000.0,0.09263044052863477,-0.0011071320000000003,1061.9967342834716,1062.0865047240002,-1.3,4.2582,1.3,4.186945814977974,long_nclose,5.443029559471366,0.005125278999227596,32.0
1640042220000.0,38369,1640042220000.0,0.04275251101321604,-0.000510984,1062.038975810485,1062.0887137400005,-0.6,4.2582,0.7,4.186945814977974,long_nclose,2.9308620704845816,0.0027596558480802664,6.0
1640042520000.0,38374,1640042520000.0,0.02137625550660802,-0.000255492,1062.0600965739916,1062.0889182480005,-0.3,4.2582,0.4,4.186945814977974,long_nclose,1.6747783259911895,0.001576914838805933,5.0
1640042700000.0,38377,1640042700000.0,0.014250837004405348,-0.00017032800000000005,1062.0741770829961,1062.0879879200006,-0.2,4.2582,0.2,4.186945814977974,long_nclose,0.8373891629955947,0.0007884469663837394,3.0
1640042880000.0,38380,1640042880000.0,0.007125418502202674,-8.516400000000003e-05,1062.0812173374984,1062.0884227560007,-0.1,4.2582,0.1,4.186945814977974,long_nclose,0.41869458149779737,0.00039422086998903066,3.0
1640044800000.0,38412,1640044800000.0,0.010895418502202592,-8.5918e-05,1062.0920268380007,1062.0920268380007,-0.1,4.2959,0.0,4.186945814977974,long_nclose,0.0,0.0,32.0
1640101260000.0,39353,1640101260000.0,0.0,-0.008492887999999999,1062.0835339500006,1062.2309939500005,10.1,4.2044,10.1,4.2044,long_ientry_normal,42.464439999999996,0.039982203510933144,941.0
1640103300000.0,39387,1640103300000.0,0.11121000000000167,-0.0027971460000000004,1062.1919468040007,1062.3932268040007,-3.3,4.2381,6.8,4.2044,long_nclose,28.589919999999996,0.02691596381051786,34.0
1640103360000.0,39388,1640103360000.0,0.07414000000000112,-0.0018647640000000003,1062.2642220400007,1062.4233820400007,-2.2,4.2381,4.6,4.2044,long_nclose,19.340239999999998,0.018206619030111438,1.0
1640103540000.0,39391,1640103540000.0,0.05055000000000076,-0.0012714300000000003,1062.3135006100006,1062.4207606100006,-1.5,4.2381,3.1,4.2044,long_nclose,13.03364,0.012269108876537704,3.0
1640104740000.0,39411,1640104740000.0,0.03370000000000051,-0.0008476200000000001,1062.3463529900005,1062.4127129900005,-1.0,4.2381,2.1,4.2044,long_nclose,8.82924,0.00831107479698112,20.0
1640104800000.0,39412,1640104800000.0,0.023590000000000354,-0.000593334,1062.3693496560004,1062.3981896560003,-0.7,4.2381,1.4,4.2044,long_nclose,5.886159999999999,0.0055405965937420565,1.0
1640106960000.0,39448,1640106960000.0,0.013480000000000204,-0.00033904800000000005,1062.3824906080006,1062.4080906080005,-0.4,4.2381,1.0,4.2044,long_nclose,4.2044,0.003957520043081494,36.0
1640107860000.0,39463,1640107860000.0,0.010110000000000152,-0.000254286,1062.3923463220005,1062.4165663220006,-0.3,4.2381,0.7,4.2044,long_nclose,2.9430799999999997,0.0027702383306778657,15.0
1640117100000.0,39617,1640117100000.0,0.02148000000000003,-0.00025656,1062.4135697620006,1062.4410097620007,-0.3,4.276,0.4,4.2044,long_nclose,1.68176,0.0015829617089479983,154.0
1640117400000.0,39622,1640117400000.0,0.014320000000000022,-0.00017104,1062.4277187220007,1062.4434387220008,-0.2,4.276,0.2,4.2044,long_nclose,0.84088,0.0007914703138689741,5.0
1640120220000.0,39669,1640120220000.0,0.02190000000000012,-0.00017255600000000003,1062.4494461660006,1062.4494461660006,-0.2,4.3139,0.0,4.2044,long_nclose,0.0,0.0,47.0
1640227320000.0,41454,1640227320000.0,0.0,-0.008488896,1062.4409572700006,1062.5052772700005,9.6,4.4213,9.6,4.4213,long_ientry_normal,42.44447999999999,0.03994996588710527,1785.0
1640236320000.0,41604,1640236320000.0,0.0,-0.00852984,1062.4324274300006,1060.9157474300007,9.9,4.308,19.5,4.363778461538461,long_rentry,85.09367999999998,0.08009326316012362,150.0
1640254380000.0,41905,1640254380000.0,0.22764000000000273,-0.00571844,1062.6543489900007,1062.8782289900007,-6.5,4.3988,13.0,4.363778461538461,long_nclose,56.72911999999999,0.05338435781486064,301.0
1640261580000.0,42025,1640261580000.0,0.15059261538461718,-0.003782968,1062.8011586373852,1063.0988860220007,-4.3,4.3988,8.7,4.363778461538461,long_nclose,37.96487261538461,0.03572151978462206,120.0
1640261640000.0,42026,1640261640000.0,0.10156246153846275,-0.002551304,1062.9001697949236,1063.0928547180006,-2.9,4.3988,5.8,4.363778461538461,long_nclose,25.309915076923073,0.023812128171742015,1.0
1640261700000.0,42027,1640261700000.0,0.06654092307692387,-0.0016715439999999999,1062.9650391740006,1063.1102031740006,-1.9,4.3988,3.9,4.363778461538461,long_nclose,17.018735999999997,0.016010626288541687,1.0
1640261880000.0,42030,1640261880000.0,0.04552800000000055,-0.001143688,1063.0094234860007,1063.0957994860007,-1.3,4.3988,2.6,4.363778461538461,long_nclose,11.345823999999999,0.010673305193093067,3.0
1640262060000.0,42033,1640262060000.0,0.028017230769231107,-0.000703808,1063.0367369087699,1063.1001356780007,-0.8,4.3988,1.8,4.363778461538461,long_nclose,7.85480123076923,0.007389021430821286,3.0
1640262180000.0,42035,1640262180000.0,0.021012923076923328,-0.0005278559999999999,1063.057221975847,1063.0910878220009,-0.6,4.3988,1.2,4.363778461538461,long_nclose,5.2365341538461525,0.0049259193631301336,2.0
1640262300000.0,42037,1640262300000.0,0.014008615384615553,-0.000351904,1063.0708786872317,1063.0990559180009,-0.4,4.3988,0.8,4.363778461538461,long_nclose,3.491022769230769,0.003283904054959886,2.0
1640262540000.0,42041,1640262540000.0,0.007004307692307777,-0.000175952,1063.077707042924,1063.098839966001,-0.2,4.3988,0.6,4.363778461538461,long_nclose,2.6182670769230763,0.002462912221352186,4.0
1640262900000.0,42047,1640262900000.0,0.007004307692307777,-0.000175952,1063.0845353986163,1063.0994240140008,-0.2,4.3988,0.4,4.363778461538461,long_nclose,1.7455113846153845,0.0016419309344584568,6.0
1640263680000.0,42060,1640263680000.0,0.014864307692307933,-0.00017752400000000003,1063.0992221823085,1063.1140664900008,-0.2,4.4381,0.2,4.363778461538461,long_nclose,0.8727556923076922,0.0008209541255388346,13.0
1640263740000.0,42061,1640263740000.0,0.007432153846153967,-8.876200000000002e-05,1063.1065655741547,1063.1141877280008,-0.1,4.4381,0.1,4.363778461538461,long_nclose,0.4363778461538461,0.0004104742274055757,1.0
1640264280000.0,42070,1640264280000.0,0.0035021538461538883,-8.7976e-05,1063.1099797520008,1063.1099797520008,-0.1,4.3988,0.0,4.363778461538461,long_nclose,0.0,0.0,9.0
1640490660000.0,45843,1640490660000.0,0.0,-0.008476920000000002,1063.1015028320007,1063.1015028320007,9.4,4.509,9.4,4.509,long_ientry_normal,42.384600000000006,0.039868817687766865,3773.0
1640497320000.0,45954,1640497320000.0,0.111909999999998,-0.0028179620000000002,1063.2105948700007,1063.4499948700006,-3.1,4.5451,6.3,4.509,long_nclose,28.4067,0.026717848878728773,111.0
1640498160000.0,45968,1640498160000.0,0.07580999999999864,-0.001908942,1063.2844959280008,1063.4692959280007,-2.1,4.5451,4.2,4.509,long_nclose,18.937800000000003,0.01781066127882519,14.0
1640498700000.0,45977,1640498700000.0,0.05053999999999909,-0.001272628,1063.3337633000008,1063.4429633000009,-1.4,4.5451,2.8,4.509,long_nclose,12.6252,0.011873224039099775,9.0
1640500860000.0,46013,1640500860000.0,0.03248999999999942,-0.000818118,1063.3654351820007,1063.4471351820007,-0.9,4.5451,1.9,4.509,long_nclose,8.5671,0.008056590628727456,36.0
1640503380000.0,46055,1640503380000.0,0.021659999999999614,-0.000545412,1063.3865497700008,1063.4346497700008,-0.6,4.5451,1.3,4.509,long_nclose,5.861700000000001,0.005512294660175854,42.0
1640506920000.0,46114,1640506920000.0,0.014439999999999743,-0.000363608,1063.4006261620007,1063.4456261620007,-0.4,4.5451,0.9,4.509,long_nclose,4.0581000000000005,0.003816153479847379,59.0
1640508660000.0,46143,1640508660000.0,0.010829999999999807,-0.000272706,1063.4111834560006,1063.4333834560007,-0.3,4.5451,0.6,4.509,long_nclose,2.7054,0.0025440770626538535,29.0
1640508960000.0,46148,1640508960000.0,0.0072199999999998715,-0.000181804,1063.4182216520005,1063.4330216520004,-0.2,4.5451,0.4,4.509,long_nclose,1.8036000000000003,0.0016960401498463521,5.0
1640509380000.0,46155,1640509380000.0,0.0036099999999999357,-9.0902e-05,1063.4217407500005,1063.4322407500006,-0.1,4.5451,0.3,4.509,long_nclose,1.3527,0.0012720259029554727,7.0
1640510220000.0,46169,1640510220000.0,0.0036099999999999357,-9.0902e-05,1063.4252598480005,1063.4326598480004,-0.1,4.5451,0.2,4.509,long_nclose,0.9018000000000002,0.000848014462369361,14.0
1640513340000.0,46221,1640513340000.0,0.0036099999999999357,-9.0902e-05,1063.4287789460004,1063.4327789460003,-0.1,4.5451,0.1,4.509,long_nclose,0.4509000000000001,0.00042400582806015655,52.0
1640513580000.0,46225,1640513580000.0,0.0036099999999999357,-9.0902e-05,1063.4322980440004,1063.4322980440004,-0.1,4.5451,0.0,4.509,long_nclose,0.0,0.0,4.0
1640655900000.0,48597,1640655900000.0,0.0,-0.008502984000000002,1063.4237950600004,1063.2952750600004,8.4,5.0613,8.4,5.0613,long_ientry_normal,42.514920000000004,0.03997928219915488,2372.0
1640657340000.0,48621,1640657340000.0,0.11367999999999866,-0.002857064,1063.5346179960004,1063.8969379960004,-2.8,5.1019,5.6,5.0613,long_nclose,28.34328,0.02665007750608696,24.0
1640657400000.0,48622,1640657400000.0,0.24135999999999952,-0.0028826,1063.7730953960004,1064.0214553960004,-2.8,5.1475,2.8,5.0613,long_nclose,14.17164,0.01332205153649281,1.0
1640657520000.0,48624,1640657520000.0,0.12067999999999976,-0.0014413,1063.8923340960005,1064.0305140960004,-1.4,5.1475,1.4,5.0613,long_nclose,7.08582,0.006660279215209205,2.0
1640657760000.0,48628,1640657760000.0,0.06033999999999988,-0.00072065,1063.9519534460005,1064.0140434460004,-0.7,5.1475,0.7,5.0613,long_nclose,3.54291,0.0033299530007205496,4.0
1640657880000.0,48630,1640657880000.0,0.02585999999999995,-0.00030885,1063.9775045960005,1064.0017845960006,-0.3,5.1475,0.4,5.0613,long_nclose,2.0245200000000003,0.0019027845901391726,2.0
1640658360000.0,48638,1640658360000.0,0.0040599999999999525,-0.00010203800000000001,1063.9814625580004,1063.9948725580005,-0.1,5.1019,0.3,5.0613,long_nclose,1.51839,0.0014270831339011495,8.0
1640658480000.0,48640,1640658480000.0,0.008619999999999984,-0.00010295000000000001,1063.9899796080006,1064.0051196080005,-0.1,5.1475,0.2,5.0613,long_nclose,1.0122600000000002,0.0009513811402368103,2.0
1640658540000.0,48641,1640658540000.0,0.008619999999999984,-0.00010295000000000001,1063.9984966580007,1064.0072666580006,-0.1,5.1475,0.1,5.0613,long_nclose,0.5061300000000001,0.00047568676233072216,1.0
1640658600000.0,48642,1640658600000.0,0.013169999999999949,-0.00010386,1064.0115627980006,1064.0115627980006,-0.1,5.193,0.0,5.0613,long_nclose,0.0,0.0,1.0
1640665200000.0,48752,1640665200000.0,0.0,-0.008479128000000002,1064.0030836700005,1063.9602436700004,8.4,5.0471,8.4,5.0471,long_ientry_normal,42.39564000000001,0.039845410836374016,110.0
1640667060000.0,48783,1640667060000.0,0.11339999999999932,-0.002849056,1064.1136346140004,1064.3930746140004,-2.8,5.0876,5.6,5.0471,long_nclose,28.26376,0.026560847526638898,31.0
1640667240000.0,48786,1640667240000.0,0.07289999999999956,-0.0018315360000000004,1064.1847030780002,1064.3135230780001,-1.8,5.0876,3.8,5.0471,long_nclose,19.17898,0.01802222860799218,3.0
1640667420000.0,48789,1640667420000.0,0.048599999999999706,-0.001221024,1064.2320820540003,1064.3722220540003,-1.2,5.0876,2.6,5.0471,long_nclose,13.122460000000002,0.012330449552576214,3.0
1640667660000.0,48793,1640667660000.0,0.11166999999999953,-0.0013345800000000001,1064.3424174740003,1064.4475874740003,-1.3,5.133,1.3,5.0471,long_nclose,6.561230000000001,0.0061645856561572945,4.0
1640667720000.0,48794,1640667720000.0,0.05153999999999979,-0.00061596,1064.3933415140002,1064.4569715140003,-0.6,5.133,0.7,5.0471,long_nclose,3.53297,0.003319233465867684,1.0
1640668020000.0,48799,1640668020000.0,0.008099999999999953,-0.000203504,1064.4012380100003,1064.4341880100003,-0.2,5.0876,0.5,5.0471,long_nclose,2.52355,0.0023708634581429255,5.0
1640668140000.0,48801,1640668140000.0,0.017179999999999928,-0.00020532,1064.4182126900002,1064.4400826900003,-0.2,5.133,0.3,5.0471,long_nclose,1.51413,0.0014224953894517523,2.0
1640668920000.0,48814,1640668920000.0,0.004049999999999976,-0.000101752,1064.4221609380002,1064.4313409380002,-0.1,5.0876,0.2,5.0471,long_nclose,1.0094200000000002,0.0009483267420047601,13.0
1640669040000.0,48816,1640669040000.0,0.004049999999999976,-0.000101752,1064.426109186,1064.429799186,-0.1,5.0876,0.1,5.0471,long_nclose,0.5047100000000001,0.0004741616122005572,2.0
1640669100000.0,48817,1640669100000.0,0.004049999999999976,-0.000101752,1064.430057434,1064.430057434,-0.1,5.0876,0.0,5.0471,long_nclose,0.0,0.0,1.0
1640683140000.0,49051,1640683140000.0,0.0,-0.00853859,1064.421518844,1064.4325688440001,8.5,5.0227,8.5,5.0227,long_ientry_normal,42.69295,0.04010906322747597,234.0
1640686020000.0,49099,1640686020000.0,0.11283999999999814,-0.0028352799999999995,1064.531523564,1064.7384335640002,-2.8,5.063,5.7,5.0227,long_nclose,28.629390000000004,0.026893886527803508,48.0
1640686140000.0,49101,1640686140000.0,0.07656999999999874,-0.0019239399999999996,1064.606169624,1064.7745096239998,-1.9,5.063,3.8,5.0227,long_nclose,19.08626,0.01792800055511695,2.0
1640690640000.0,49176,1640690640000.0,0.0483599999999992,-0.00121512,1064.6533145039998,1064.7632945039998,-1.2,5.063,2.6,5.0227,long_nclose,13.059020000000002,0.01226598351040116,75.0
1640691120000.0,49184,1640691120000.0,0.03223999999999947,-0.00081008,1064.6847444239997,1064.7968844239997,-0.8,5.063,1.8,5.0227,long_nclose,9.04086,0.00849158405560808,8.0
1640691780000.0,49195,1640691780000.0,0.07694999999999973,-0.0009194760000000001,1064.7607749479996,1064.8303449479997,-0.9,5.1082,0.9,5.0227,long_nclose,4.52043,0.004245488851916776,11.0
1640691840000.0,49196,1640691840000.0,0.034199999999999876,-0.0004086560000000001,1064.7945662919997,1064.8277162919996,-0.4,5.1082,0.5,5.0227,long_nclose,2.51135,0.0023585300672085796,1.0
1640694300000.0,49237,1640694300000.0,0.017099999999999938,-0.00020432800000000004,1064.8114619639996,1064.8382519639995,-0.2,5.1082,0.3,5.0227,long_nclose,1.50681,0.0014150955862371661,41.0
1640694840000.0,49246,1640694840000.0,0.008549999999999969,-0.00010216400000000002,1064.8199097999996,1064.8411697999995,-0.1,5.1082,0.2,5.0227,long_nclose,1.0045400000000002,0.0009433895729735918,9.0
1640695320000.0,49254,1640695320000.0,0.008549999999999969,-0.00010216400000000002,1064.8283576359995,1064.8398876359995,-0.1,5.1082,0.1,5.0227,long_nclose,0.5022700000000001,0.0004716910442872483,8.0
1640695320000.0,49254,1640695320000.0,0.013070000000000005,-0.00010306800000000001,1064.8413245679994,1064.8413245679994,-0.1,5.1534,0.0,5.0227,long_nclose,0.0,0.0,0.0
1640702280000.0,49370,1640702280000.0,0.0,-0.008558548000000001,1064.8327660199993,1064.9282260199993,8.6,4.9759,8.6,4.9759,long_ientry_normal,42.79274,0.04018728702343132,116.0
1640702640000.0,49376,1640702640000.0,0.11171999999999825,-0.0028088479999999996,1064.9416771719993,1065.2902571719994,-2.8,5.0158,5.8,4.9759,long_nclose,28.86022,0.027100282220749984,6.0
1640702700000.0,49377,1640702700000.0,0.24562999999999935,-0.002935148,1065.1843720239992,1065.4079620239993,-2.9,5.0606,2.9,4.9759,long_nclose,14.43011,0.013547053804949067,1.0
1640703180000.0,49385,1640703180000.0,0.11857999999999967,-0.001416968,1065.3015350559992,1065.4441850559992,-1.4,5.0606,1.5,4.9759,long_nclose,7.463850000000001,0.007006326147467394,8.0
1640703420000.0,49389,1640703420000.0,0.19425000000000026,-0.0015316200000000002,1065.4942534359993,1065.4942534359993,-1.5,5.1054,0.0,4.9759,long_nclose,0.0,0.0,4.0
1640708580000.0,49475,1640708580000.0,0.0,-0.008528104,1065.4857253319992,1065.5184053319992,8.6,4.9582,8.6,4.9582,long_ientry_normal,42.640519999999995,0.04001979471542282,86.0
1640711880000.0,49530,1640711880000.0,0.0,-0.008502736000000002,1065.4772225959991,1064.1736225959992,8.8,4.8311,17.4,4.893919540229885,long_rentry,85.15419999999999,0.07992118291606898,55.0
1640715900000.0,49597,1640715900000.0,0.0,-0.008512020000000002,1065.4687105759992,1062.3888105759993,9.0,4.7289,26.4,4.837662878787879,long_rentry,127.7143,0.11986677668925333,67.0
1640718540000.0,49641,1640718540000.0,0.0,-0.012700722,1065.4560098539991,1061.0639998539991,13.7,4.6353,40.1,4.768526433915212,long_rentry,191.21791,0.17947048797087628,44.0
1640724480000.0,49740,1640724480000.0,0.5090384289276825,-0.012786088000000001,1065.9522621949268,1067.063753765999,-13.3,4.8068,26.8,4.768526433915212,long_nclose,127.79650842892768,0.11988952316286562,99.0
1640726400000.0,49772,1640726400000.0,0.3406347381546146,-0.008556104,1066.2843408290814,1067.1520176619993,-8.9,4.8068,17.9,4.768526433915212,long_nclose,85.35662316708229,0.08005052676729163,32.0
1640726700000.0,49777,1640726700000.0,0.22581403990025015,-0.005672024,1066.5044828449818,1066.9181656379992,-5.9,4.8068,12.0,4.768526433915212,long_nclose,57.22231720698254,0.053654080341357456,5.0
1640726820000.0,49779,1640726820000.0,0.15309426433915263,-0.0038454400000000003,1066.653731669321,1066.9695201979991,-4.0,4.8068,8.0,4.768526433915212,long_nclose,38.148211471321694,0.03576438195328813,2.0
1640727000000.0,49782,1640727000000.0,0.0995112718204492,-0.002499536,1066.7507434051413,1066.958500661999,-2.6,4.8068,5.4,4.768526433915212,long_nclose,25.750042743142146,0.024138762407557596,3.0
1640728260000.0,49803,1640728260000.0,0.0,-0.0034026480000000003,1066.7473407571413,1066.401058013999,3.6,4.7259,9.0,4.751475860349128,long_ientry_partial,42.763282743142156,0.04008754567205222,21.0
1640731620000.0,49859,1640731620000.0,0.11437241895261607,-0.0028737600000000004,1066.8588394160938,1066.9819842539991,-3.0,4.7896,6.0,4.751475860349128,long_nclose,28.50885516209477,0.026722237383999224,56.0
1640731740000.0,49861,1640731740000.0,0.07624827930174405,-0.00191584,1066.9331718553956,1067.1312684139991,-2.0,4.7896,4.0,4.751475860349128,long_nclose,19.005903441396512,0.017813583777084432,2.0
1640732160000.0,49868,1640732160000.0,0.04956138154613363,-0.0012452960000000001,1066.9814879409416,1067.085503117999,-1.3,4.7896,2.7,4.751475860349128,long_nclose,12.828984822942646,0.01202362455950383,7.0
1640733300000.0,49887,1640733300000.0,0.034311725685784826,-0.0008621280000000001,1067.0149375386272,1067.1436809899988,-0.9,4.7896,1.8,4.751475860349128,long_nclose,8.55265654862843,0.0080154984225034,19.0
1640733300000.0,49887,1640733300000.0,0.07283172568578458,-0.0008698320000000001,1067.086899432313,1067.1512711579987,-0.9,4.8324,0.9,4.751475860349128,long_nclose,4.276328274314215,0.004007478937834593,0.0
1640733360000.0,49888,1640733360000.0,0.0323696558603487,-0.000386592,1067.1188824961732,1067.1546445659988,-0.4,4.8324,0.5,4.751475860349128,long_nclose,2.375737930174564,0.0022263104600092048,1.0
1640733720000.0,49894,1640733720000.0,0.01618482793017435,-0.000193296,1067.1348740281035,1067.1593312699988,-0.2,4.8324,0.3,4.751475860349128,long_nclose,1.4254427581047384,0.0013357662586024706,6.0
1640733900000.0,49897,1640733900000.0,0.008092413965087175,-9.6648e-05,1067.1428697940687,1067.1579746219988,-0.1,4.8324,0.2,4.751475860349128,long_nclose,0.9502951720698256,0.0008905041667506135,3.0
1640733960000.0,49898,1640733960000.0,0.008092413965087175,-9.6648e-05,1067.150865560034,1067.159417973999,-0.1,4.8324,0.1,4.751475860349128,long_nclose,0.4751475860349128,0.0004452487472664499,1.0
1640734500000.0,49907,1640734500000.0,0.008092413965087175,-9.6648e-05,1067.1588613259992,1067.1588613259992,-0.1,4.8324,0.0,4.751475860349128,long_nclose,0.0,0.0,9.0
1640764260000.0,50403,1640764260000.0,0.0,-0.008560080000000001,1067.1503012459991,1067.288901245999,9.0,4.7556,9.0,4.7556,long_ientry_normal,42.8004,0.04010719010248742,496.0
1640764320000.0,50404,1640764320000.0,0.11430000000000007,-0.00287622,1067.261725025999,1067.492125025999,-3.0,4.7937,6.0,4.7556,long_nclose,28.5336,0.026735335233075003,1.0
1640764500000.0,50407,1640764500000.0,0.07620000000000005,-0.0019174800000000003,1067.336007545999,1067.5296075459992,-2.0,4.7937,4.0,4.7556,long_nclose,19.0224,0.017822316370395844,3.0
1640764800000.0,50412,1640764800000.0,0.04953000000000003,-0.0012463620000000002,1067.384291183999,1067.487971183999,-1.3,4.7937,2.7,4.7556,long_nclose,12.840120000000002,0.012029519364349145,5.0
1640764920000.0,50414,1640764920000.0,0.03429000000000002,-0.000862866,1067.417718317999,1067.492238317999,-0.9,4.7937,1.8,4.7556,long_nclose,8.560080000000001,0.008019428432843223,2.0
1640765160000.0,50418,1640765160000.0,0.022860000000000012,-0.000575244,1067.4400030739992,1067.4860830739992,-0.6,4.7937,1.2,4.7556,long_nclose,5.70672,0.005346174008436882,4.0
1640765460000.0,50423,1640765460000.0,0.01524000000000001,-0.0003834960000000001,1067.454859577999,1067.4951795779991,-0.4,4.7937,0.8,4.7556,long_nclose,3.8044800000000003,0.0035640664013689904,5.0
1640766120000.0,50434,1640766120000.0,0.007620000000000005,-0.00019174800000000005,1067.4622878299992,1067.4847278299992,-0.2,4.7937,0.6,4.7556,long_nclose,2.85336,0.002673031199819227,11.0
1640766180000.0,50435,1640766180000.0,0.007620000000000005,-0.00019174800000000005,1067.4697160819994,1067.4850760819995,-0.2,4.7937,0.4,4.7556,long_nclose,1.9022400000000002,0.0017820083992470626,1.0
1640766360000.0,50438,1640766360000.0,0.0038100000000000026,-9.587400000000002e-05,1067.4734302079994,1067.4852502079993,-0.1,4.7937,0.3,4.7556,long_nclose,1.42668,0.001336501649246678,3.0
1640771520000.0,50524,1640771520000.0,0.0038100000000000026,-9.587400000000002e-05,1067.4771443339994,1067.4848243339993,-0.1,4.7937,0.2,4.7556,long_nclose,0.9511200000000001,0.0008909979993936126,86.0
1640779920000.0,50664,1640779920000.0,0.0,-0.008370094000000002,1067.4687742399994,1067.4735842399994,8.9,4.7023,9.1,4.7034714285714285,long_ientry_partial,42.80159,0.0400963391462886,140.0
1640783940000.0,50731,1640783940000.0,0.0,-0.008524008000000001,1067.4602502319995,1066.6786202319995,9.3,4.5828,18.4,4.6424798913043475,long_rentry,85.42163,0.08002324206586113,67.0
1640786160000.0,50768,1640786160000.0,0.227042663043483,-0.0057092340000000005,1067.6815836610429,1068.3029809979994,-6.1,4.6797,12.3,4.6424798913043475,long_nclose,57.102502663043474,0.053482708268921327,37.0
1640786460000.0,50773,1640786460000.0,0.4820226630434793,-0.00576023,1068.1578460940862,1068.6818707679993,-6.1,4.7215,6.2,4.6424798913043475,long_nclose,28.783375326086954,0.02694674334073247,5.0
1640787660000.0,50793,1640787660000.0,0.07444021739130591,-0.0018718800000000002,1068.2304144314776,1068.4131988879992,-2.0,4.6797,4.2,4.6424798913043475,long_nclose,19.49841554347826,0.018253005419112227,20.0
1640788860000.0,50813,1640788860000.0,0.16594222826086993,-0.00198303,1068.3943736297385,1068.5718658579995,-2.1,4.7215,2.1,4.6424798913043475,long_nclose,9.74920777173913,0.009125102127426406,20.0
1640789220000.0,50819,1640789220000.0,0.07902010869565235,-0.0009443,1068.4724494384343,1068.5522215579995,-1.0,4.7215,1.1,4.6424798913043475,long_nclose,5.106727880434782,0.004779466127665497,6.0
1640789280000.0,50820,1640789280000.0,0.03951005434782617,-0.00047215,1068.5114873427822,1068.5465994079996,-0.5,4.7215,0.6,4.6424798913043475,long_nclose,2.7854879347826085,0.0026068862785085006,1.0
1640790060000.0,50833,1640790060000.0,0.023706032608695703,-0.00028329,1068.534910085391,1068.5602661179996,-0.3,4.7215,0.3,4.6424798913043475,long_nclose,1.3927439673913042,0.0013034145672227073,13.0
1640790480000.0,50840,1640790480000.0,0.036246032608695786,-0.00028579800000000003,1068.5708703199996,1068.5708703199996,-0.3,4.7633,0.0,4.6424798913043475,long_nclose,0.0,0.0,7.0
1640823600000.0,51392,1640823600000.0,0.0,-0.00857574,1068.5622945799996,1068.8565945799996,9.0,4.7643,9.0,4.7643,long_ientry_normal,42.8787,0.04012746867215033,552.0
1640823840000.0,51396,1640823840000.0,0.11459999999999937,-0.0028815000000000004,1068.6740130799997,1069.0262130799997,-3.0,4.8025,6.0,4.7643,long_nclose,28.585800000000003,0.026748849181438928,4.0
1640823960000.0,51398,1640823960000.0,0.24329999999999785,-0.00290724,1068.9144058399997,1069.1595058399998,-3.0,4.8454,3.0,4.7643,long_nclose,14.292900000000001,0.01337141675882646,2.0
1640824200000.0,51402,1640824200000.0,0.371999999999999,-0.00293298,1069.2834728599998,1069.2834728599998,-3.0,4.8883,0.0,4.7643,long_nclose,0.0,0.0,4.0
1640972100000.0,53867,1640972100000.0,0.0,-0.00858516,1069.2748877,1069.3879877,8.7,4.934,8.7,4.934,long_ientry_normal,42.925799999999995,0.04014477520587151,2465.0
1640997840000.0,54296,1640997840000.0,0.11454999999999833,-0.0028846299999999996,1069.38655307,1069.58955307,-2.9,4.9735,5.8,4.934,long_nclose,28.6172,0.0267603888583091,429.0
1640998800000.0,54312,1640998800000.0,0.07504999999999891,-0.0018899299999999997,1069.4597131399998,1069.6157131399998,-1.9,4.9735,3.9,4.934,long_nclose,19.2426,0.017992823631946393,16.0
1640999940000.0,54331,1640999940000.0,0.05134999999999925,-0.0012931099999999999,1069.5097700299998,1069.6319700299998,-1.3,4.9735,2.6,4.934,long_nclose,12.8284,0.011994654335546803,19.0
1641001320000.0,54354,1641001320000.0,0.03159999999999954,-0.00079576,1069.5405742699998,1069.6197742699997,-0.8,4.9735,1.8,4.934,long_nclose,8.8812,0.008303752296692194,23.0
1641001440000.0,54356,1641001440000.0,0.023699999999999655,-0.00059682,1069.5636774499997,1069.6212774499998,-0.6,4.9735,1.2,4.934,long_nclose,5.9208,0.005535715287299281,2.0
1641001680000.0,54360,1641001680000.0,0.01579999999999977,-0.00039788,1069.5790795699995,1069.6134795699995,-0.4,4.9735,0.8,4.934,long_nclose,3.9472000000000005,0.0036904237147073636,4.0
1641001800000.0,54362,1641001800000.0,0.007899999999999885,-0.00019894,1069.5867806299996,1069.6101806299996,-0.2,4.9735,0.6,4.934,long_nclose,2.9604,0.002767797857651427,2.0
1641001860000.0,54363,1641001860000.0,0.007899999999999885,-0.00019894,1069.5944816899996,1069.6124816899996,-0.2,4.9735,0.4,4.934,long_nclose,1.9736000000000002,0.001845185286372867,1.0
1641001980000.0,54365,1641001980000.0,0.003949999999999942,-9.947e-05,1069.5983322199997,1069.6097322199998,-0.1,4.9735,0.3,4.934,long_nclose,1.4802,0.0013838839828104236,2.0
1641002160000.0,54368,1641002160000.0,0.003949999999999942,-9.947e-05,1069.6021827499999,1069.6107827499998,-0.1,4.9735,0.2,4.934,long_nclose,0.9868000000000001,0.0009225860005847115,3.0
1641002340000.0,54371,1641002340000.0,0.003949999999999942,-9.947e-05,1069.60603328,1069.61023328,-0.1,4.9735,0.1,4.934,long_nclose,0.49340000000000006,0.00046129133965986004,3.0
1641014640000.0,54576,1641014640000.0,0.003949999999999942,-9.947e-05,1069.6098838100002,1069.6098838100002,-0.1,4.9735,0.0,4.934,long_nclose,0.0,0.0,205.0
1641221280000.0,58020,1641221280000.0,0.0,-0.008531796,1069.6013520140002,1069.6304720140001,9.1,4.6878,9.1,4.6878,long_ientry_normal,42.65898,0.0398830647695756,3444.0
1641230220000.0,58169,1641230220000.0,0.0,-0.008587464,1069.5927645500003,1066.7654645500004,9.4,4.5678,18.5,4.626827027027027,long_rentry,85.5963,0.08002699984232983,149.0
1641230220000.0,58169,1641230220000.0,0.0,-0.008583744,1069.5841808060004,1066.7885608060003,9.6,4.4707,28.1,4.573488256227758,long_rentry,128.51502000000002,0.12015418917579325,0.0
1641230220000.0,58169,1641230220000.0,0.0,-0.012795148,1069.5713856580005,1068.1204256580006,14.6,4.3819,42.7,4.507980327868852,long_rentry,192.49076,0.17996999787123105,0.0
1641230220000.0,58169,1641230220000.0,0.0,-0.018849090000000002,1069.5525365680005,1072.7315265680004,22.1,4.2645,64.8,4.424941512345679,long_rentry,286.73621,0.26808987889466784,0.0
1641230280000.0,58170,1641230280000.0,2.441614999999999,-0.029161944000000002,1071.9649896240005,1070.5412846240006,-32.4,4.5003,32.4,4.424941512345679,long_nclose,143.368105,0.13374327183044235,1.0
1641230340000.0,58171,1641230340000.0,0.38295166666666347,-0.009634464,1072.3383068266671,1073.3979701600006,-10.8,4.4604,21.6,4.424941512345679,long_nclose,95.57873666666667,0.0891311408519103,1.0
1641230340000.0,58171,1641230340000.0,0.8138716666666664,-0.009720648000000002,1073.1424578453339,1073.6722895120006,-10.8,4.5003,10.8,4.424941512345679,long_nclose,47.789368333333336,0.04453217555969718,0.0
1641230520000.0,58174,1641230520000.0,0.1276505555555545,-0.003211488,1073.2668969128895,1073.4545180240007,-3.6,4.4604,7.2,4.424941512345679,long_nclose,31.85957888888889,0.029684674874934428,3.0
1641230580000.0,58175,1641230580000.0,0.0,-0.00213648,1073.2647604328895,1073.2219815440005,2.4,4.451,9.6,4.4314561342592595,long_ientry_partial,42.54197888888889,0.039637916437068196,1.0
1641230580000.0,58175,1641230580000.0,0.06946527777777689,-0.002140992,1073.3320847186671,1073.3000005520005,-2.4,4.4604,7.2,4.4314561342592595,long_nclose,31.90648416666667,0.029726572624566357,0.0
1641230640000.0,58176,1641230640000.0,0.0,-0.0022134999999999998,1073.3298712186672,1073.2783870520007,2.5,4.427,9.7,4.43030764604811,long_ientry_partial,42.97398416666667,0.040038002592691906,1.0
1641231300000.0,58187,1641231300000.0,0.1135755326460469,-0.002858112,1073.4405886393133,1073.7375889400007,-3.2,4.4658,6.5,4.43030764604811,long_nclose,28.796999699312714,0.026826822093447774,11.0
1641231360000.0,58188,1641231360000.0,0.0,-0.0027751200000000003,1073.4378135193133,1073.7252138200006,3.1,4.476,9.6,4.445062468678408,long_ientry_partial,42.67259969931272,0.0397532108165714,1.0
1641231540000.0,58191,1641231540000.0,0.1140401002290929,-0.002867648,1073.5489859715426,1073.7405861720008,-3.2,4.4807,6.4,4.445062468678408,long_nclose,28.448399799541814,0.026499396088382983,3.0
1641231660000.0,58193,1641231660000.0,0.0,-0.0028640000000000002,1073.5461219715426,1074.1889221720007,3.2,4.475,9.6,4.455041645785606,long_ientry_partial,42.76839979954182,0.03983843723546655,2.0
1641231660000.0,58193,1641231660000.0,0.05388254385022693,-0.0018818939999999998,1073.5981226213928,1074.1003102780007,-2.1,4.4807,7.5,4.455041645785606,long_nclose,33.41281234339205,0.031122271583158462,0.0
1641231660000.0,58193,1641231660000.0,0.137882543850227,-0.0018986940000000002,1073.7341064712432,1074.0956815840009,-2.1,4.5207,5.4,4.455041645785606,long_nclose,24.057224887242274,0.02240519765764428,0.0
1641231660000.0,58193,1641231660000.0,0.23266837927166792,-0.002006752,1073.964768098515,1074.179034832001,-2.2,4.5608,3.2,4.455041645785606,long_nclose,14.25613326651394,0.013274302556269912,0.0
1641231720000.0,58194,1641231720000.0,0.0,-0.005697720000000001,1073.959070378515,1074.0498371120011,6.3,4.522,9.5,4.4994456070014675,long_ientry_partial,42.74473326651394,0.039801082225087624,1.0
1641233940000.0,58231,1641233940000.0,0.11176861829545048,-0.00281201,1074.0680269868103,1074.506775102001,-3.1,4.5355,6.4,4.4994456070014675,long_nclose,28.796451884809393,0.026810640631017516,37.0
1641234000000.0,58232,1641234000000.0,0.0,-0.0027393,1074.0652876868103,1074.379935802001,3.0,4.5655,9.4,4.520526796256318,long_ientry_partial,42.49295188480939,0.03956272711906134,1.0
1641234240000.0,58236,1641234240000.0,0.11244693160541397,-0.002825216,1074.1749094024158,1074.3668905860009,-3.1,4.5568,6.3,4.520526796256318,long_nclose,28.479318816414803,0.026512738816677813,4.0
1641234300000.0,58237,1641234300000.0,0.07617372786173204,-0.0019138560000000002,1074.2491692742774,1074.410756730001,-2.1,4.5568,4.2,4.520526796256318,long_nclose,18.986212544276537,0.017673937376281996,1.0
1641234360000.0,58238,1641234360000.0,0.0,-0.004741360000000001,1074.2444279142774,1074.2932153700008,5.2,4.559,9.4,4.541809845135802,long_ientry_partial,42.69301254427654,0.03974236350210174,1.0
1641235500000.0,58257,1641235500000.0,0.11280948007901329,-0.002838484,1074.3543989103564,1074.588696886001,-3.1,4.5782,6.3,4.541809845135802,long_nclose,28.61340202435555,0.026633112921933537,19.0
1641235620000.0,58259,1641235620000.0,0.07641932521481545,-0.001922844,1074.4288953915711,1074.6018940420008,-2.1,4.5782,4.2,4.541809845135802,long_nclose,19.07560134957037,0.017754177527604883,2.0
1641235800000.0,58262,1641235800000.0,0.16230932521481672,-0.0019400220000000002,1074.589264694786,1074.7135640200008,-2.1,4.6191,2.1,4.541809845135802,long_nclose,9.537800674785185,0.008875763966890358,3.0
1641235860000.0,58263,1641235860000.0,0.07729015486419843,-0.0009238200000000001,1074.66563102965,1074.7571402000008,-1.0,4.6191,1.1,4.541809845135802,long_nclose,4.995990829649383,0.004648879321526887,1.0
1641236820000.0,58279,1641236820000.0,0.010917046459259349,-0.000274692,1074.6762733841094,1074.7212255080008,-0.3,4.5782,0.8,4.541809845135802,long_nclose,3.633447876108642,0.003380969661372602,16.0
1641238740000.0,58311,1641238740000.0,0.007278030972839567,-0.000183128,1074.6833682870824,1074.705082380001,-0.2,4.5782,0.6,4.541809845135802,long_nclose,2.725085907081481,0.0025357105055277295,32.0
1641238800000.0,58312,1641238800000.0,0.007278030972839567,-0.000183128,1074.6904631900554,1074.7049392520012,-0.2,4.5782,0.4,4.541809845135802,long_nclose,1.816723938054321,0.001690462510164696,1.0
1641238860000.0,58313,1641238860000.0,0.0036390154864197836,-9.1564e-05,1074.6940106415418,1074.705767688001,-0.1,4.5782,0.3,4.541809845135802,long_nclose,1.3625429535407405,0.001267842697594794,1.0
1641239160000.0,58318,1641239160000.0,0.0036390154864197836,-9.1564e-05,1074.6975580930282,1074.7049961240011,-0.1,4.5782,0.2,4.541809845135802,long_nclose,0.9083619690271605,0.0008452256750624632,5.0
1641239340000.0,58321,1641239340000.0,0.0036390154864197836,-9.1564e-05,1074.7011055445146,1074.704824560001,-0.1,4.5782,0.1,4.541809845135802,long_nclose,0.45418098451358024,0.00042261144254007456,3.0
1641239580000.0,58325,1641239580000.0,0.0036390154864197836,-9.1564e-05,1074.704652996001,1074.704652996001,-0.1,4.5782,0.0,4.541809845135802,long_nclose,0.0,0.0,4.0
1641241320000.0,58354,1641241320000.0,0.0,-0.00859275,1074.696060246001,1074.624810246001,9.5,4.5225,9.5,4.5225,long_ientry_normal,42.96375,0.03997758211765052,29.0
1641253080000.0,58550,1641253080000.0,0.11252999999999931,-0.002826456,1074.805763790001,1075.1033637900011,-3.1,4.5588,6.4,4.5225,long_nclose,28.944000000000003,0.02692951691842171,196.0
1641253920000.0,58564,1641253920000.0,0.07622999999999953,-0.001914696,1074.8800790940008,1075.037029094001,-2.1,4.5588,4.3,4.5225,long_nclose,19.446749999999998,0.018092018242994466,14.0
1641254160000.0,58568,1641254160000.0,0.050819999999999685,-0.001276464,1074.9296226300007,1075.0325726300007,-1.4,4.5588,2.9,4.5225,long_nclose,13.11525,0.012201031326973089,4.0
1641254400000.0,58572,1641254400000.0,0.0326699999999998,-0.0008205840000000001,1074.9614720460008,1075.0604720460008,-0.9,4.5588,2.0,4.5225,long_nclose,9.045,0.008414255054913203,4.0
1641255840000.0,58596,1641255840000.0,0.021779999999999865,-0.000547056,1074.982704990001,1075.032404990001,-0.6,4.5588,1.4,4.5225,long_nclose,6.331499999999999,0.0058898622002099025,24.0
1641256020000.0,58599,1641256020000.0,0.014519999999999911,-0.00036470400000000004,1074.9968602860008,1075.035360286001,-0.4,4.5588,1.0,4.5225,long_nclose,4.5225,0.004206989031388239,3.0
1641256440000.0,58606,1641256440000.0,0.010889999999999933,-0.000273528,1075.0074767580008,1075.033026758001,-0.3,4.5588,0.7,4.5225,long_nclose,3.1657499999999996,0.002944863239042061,7.0
1641296820000.0,59279,1641296820000.0,0.007259999999999956,-0.00018235200000000002,1075.014554406001,1075.033304406001,-0.2,4.5588,0.5,4.5225,long_nclose,2.26125,0.002103459893386702,673.0
1641297120000.0,59284,1641297120000.0,0.015399999999999992,-0.00018398,1075.029770426001,1075.053920426001,-0.2,4.5995,0.3,4.5225,long_nclose,1.35675,0.001262058072552132,5.0
1641297240000.0,59286,1641297240000.0,0.03531000000000004,-0.000278412,1075.064802014001,1075.064802014001,-0.3,4.6402,0.0,4.5225,long_nclose,0.0,0.0,2.0
1641405840000.0,61096,1641405840000.0,0.0,-0.008632260000000001,1075.056169754001,1075.018969754001,9.3,4.641,9.3,4.641,long_ientry_normal,43.161300000000004,0.04014794874380969,1810.0
1641406920000.0,61114,1641406920000.0,0.11532000000000107,-0.0029004840000000005,1075.1685892700011,1075.5467892700012,-3.1,4.6782,6.2,4.641,long_nclose,28.7742,0.02676250058563987,18.0
1641406920000.0,61114,1641406920000.0,0.2448999999999992,-0.0029264,1075.410562870001,1075.599662870001,-3.1,4.72,3.1,4.641,long_nclose,14.3871,0.013378239434067338,0.0
1641407040000.0,61116,1641407040000.0,0.1184999999999996,-0.0014160000000000002,1075.527646870001,1075.623646870001,-1.5,4.72,1.6,4.641,long_nclose,7.4256,0.006904146092022804,2.0
1641407100000.0,61117,1641407100000.0,0.0631999999999998,-0.0007552,1075.5900916700011,1075.6460916700012,-0.8,4.72,0.8,4.641,long_nclose,3.7128,0.003451872631362166,1.0
1641407460000.0,61123,1641407460000.0,0.0315999999999999,-0.0003776,1075.621314070001,1075.6473140700011,-0.4,4.72,0.4,4.641,long_nclose,1.8564,0.0017258862163818988,6.0
1641408240000.0,61136,1641408240000.0,0.01579999999999995,-0.0001888,1075.636925270001,1075.656925270001,-0.2,4.72,0.2,4.641,long_nclose,0.9282,0.0008629305839114884,13.0
1641409320000.0,61154,1641409320000.0,0.0037200000000000345,-9.356400000000001e-05,1075.640551706001,1075.644851706001,-0.1,4.6782,0.1,4.641,long_nclose,0.4641,0.00043146383730505725,18.0
1641410400000.0,61172,1641410400000.0,0.0,-0.008495280000000001,1075.6320564260009,1075.6203564260009,9.2,4.617,9.3,4.617258064516128,long_ientry_partial,42.94049999999999,0.039921179127626834,18.0
1641410640000.0,61176,1641410640000.0,0.11483000000000328,-0.0028856660000000003,1075.7440007600007,1076.1020007600007,-3.1,4.6543,6.2,4.617258064516128,long_nclose,28.626999999999995,0.026611349893446164,4.0
1641411360000.0,61188,1641411360000.0,0.0,-0.0028588820000000005,1075.7411418780007,1075.7578318780006,3.1,4.6111,9.3,4.615205376344085,long_ientry_partial,42.921409999999995,0.039899385018471005,12.0
1641412200000.0,61202,1641412200000.0,0.0,-0.00863424,1075.7325076380007,1074.6331976380006,9.6,4.497,18.9,4.55516455026455,long_rentry,86.09261,0.0800316150982874,14.0
1641413280000.0,61220,1641413280000.0,0.0,-0.008626744,1075.7238808940008,1072.8349508940007,9.8,4.4014,28.7,4.502659581881533,long_rentry,129.22633,0.12012964692445424,18.0
1641418680000.0,61310,1641418680000.0,0.0,-0.012856018,1075.7110248760007,1070.5130048760007,14.9,4.3141,43.6,4.438220642201834,long_rentry,193.50642,0.17988699151085288,90.0
1641421920000.0,61364,1641421920000.0,0.0,-0.018977672,1075.6920472040008,1064.2780672040008,22.6,4.1986,66.2,4.356416616314199,long_rentry,288.39477999999997,0.2681016195570209,54.0
1641424440000.0,61406,1641424440000.0,0.7674344410876248,-0.019321720000000004,1076.4401599250882,1076.7311454840005,-22.0,4.3913,44.2,4.356416616314199,long_nclose,192.5536144410876,0.17887999873071236,42.0
1641424500000.0,61407,1641424500000.0,0.5127857401812765,-0.012910422000000001,1076.9400352432694,1077.8127450620007,-14.7,4.3913,29.5,4.356416616314199,long_nclose,128.51429018126888,0.11933281889017976,1.0
1641424560000.0,61408,1641424560000.0,0.3418571601208511,-0.008606948000000001,1077.2732854553901,1078.1515781140004,-9.8,4.3913,19.7,4.356416616314199,long_nclose,85.82140734138972,0.07966540013577973,1.0
1641424680000.0,61410,1641424680000.0,0.22674199395770733,-0.005708690000000001,1077.4943187593478,1077.9640194240003,-6.5,4.3913,13.2,4.356416616314199,long_nclose,57.504699335347425,0.05336891186726597,2.0
1641424860000.0,61413,1641424860000.0,0.4896103323262867,-0.005848392,1077.9780806996741,1078.5231310320005,-6.6,4.4306,6.6,4.356416616314199,long_nclose,28.752349667673712,0.026672480806856174,3.0
1641425460000.0,61423,1641425460000.0,0.0,-0.002815616,1077.9752650836742,1077.9806354160005,3.2,4.3994,9.8,4.37045200690548,long_ientry_partial,42.830429667673705,0.03973229354603896,10.0
1641426060000.0,61433,1641426060000.0,0.11215357790246401,-0.0028195200000000003,1078.0845991415767,1078.3258158960007,-3.2,4.4055,6.6,4.37045200690548,long_nclose,28.844983245576167,0.026755769694274404,10.0
1641426120000.0,61434,1641426120000.0,0.0,-0.00281056,1078.0817885815768,1078.2256053360006,3.2,4.3915,9.8,4.377324820977159,long_ientry_partial,42.89778324557616,0.03979084305098634,1.0
1641426900000.0,61447,1641426900000.0,0.11224057287309108,-0.0028239360000000004,1078.19120521845,1078.4332614000007,-3.2,4.4124,6.6,4.377324820977159,long_nclose,28.890343818449246,0.0267951952108493,13.0
1641427140000.0,61451,1641427140000.0,0.07716539385025012,-0.0019414560000000003,1078.2664291563003,1078.4057999440008,-2.2,4.4124,4.4,4.377324820977159,long_nclose,19.2602292122995,0.017862217251231542,4.0
1641427200000.0,61452,1641427200000.0,0.0,-0.004734612,1078.2616945443003,1078.232805332001,5.4,4.3839,9.8,4.3809478788060705,long_ientry_partial,42.93328921229949,0.03981713291822367,1.0
1641427500000.0,61457,1641427500000.0,0.11248678782057482,-0.0028263040000000004,1078.371355028121,1078.576299028001,-3.2,4.4161,6.6,4.3809478788060705,long_nclose,28.914256000120062,0.026812893225790533,5.0
1641427560000.0,61458,1641427560000.0,0.0,-0.0028035200000000003,1078.3685515081208,1078.5860955080009,3.2,4.3805,9.8,4.380801632665312,long_ientry_partial,42.931856000120064,0.03981185832995498,1.0
1641427560000.0,61458,1641427560000.0,0.07765640813631372,-0.0019430840000000005,1078.4442648322572,1078.6129724240009,-2.2,4.4161,7.6,4.380801632665312,long_nclose,33.29409240825637,0.030872334801126677,0.0
1641427680000.0,61460,1641427680000.0,0.0,-0.0019272880000000005,1078.4423375442573,1078.710205136001,2.2,4.3802,9.8,4.380666572271058,long_ientry_partial,42.93053240825637,0.03980790712094478,2.0
1641427680000.0,61460,1641427680000.0,0.08808356932235473,-0.00220795,1078.5282131635797,1078.727747186001,-2.5,4.4159,7.3,4.380666572271058,long_nclose,31.97886597757872,0.02965046772747567,0.0
1641427740000.0,61461,1641427740000.0,0.0843202265494611,-0.0021195840000000003,1078.6104138061291,1078.959947602001,-2.4,4.4158,4.9,4.380666572271058,long_nclose,21.465266204128184,0.01990085199380096,1.0
1641427740000.0,61461,1641427740000.0,0.17888022654946026,-0.0021384959999999997,1078.7871555366785,1078.9654891060009,-2.4,4.4552,2.5,4.380666572271058,long_nclose,10.951666430677644,0.010151832430030532,0.0
1641427800000.0,61462,1641427800000.0,0.0,-0.006481216000000001,1078.7806743206784,1078.2701278900008,7.4,4.3792,9.9,4.379570346533096,long_ientry_partial,43.35774643067765,0.040191437854576476,1.0
1641427920000.0,61464,1641427920000.0,0.11592785644078356,-0.002913702,1078.8936884751192,1078.9361241880008,-3.3,4.4147,6.6,4.379570346533096,long_nclose,28.90516428711843,0.026791485199966505,2.0
1641427980000.0,61465,1641427980000.0,0.07728523762718904,-0.0019424680000000004,1078.9690312447465,1079.1821217200009,-2.2,4.4147,4.4,4.379570346533096,long_nclose,19.270109524745624,0.017859742927482148,1.0
1641428040000.0,61466,1641428040000.0,0.0,-0.00481492,1078.9642163247465,1079.2191068000009,5.5,4.3772,9.9,4.378253487348043,long_ientry_partial,43.344709524745625,0.040172518114075934,1.0
1641429120000.0,61484,1641429120000.0,0.11598349175145958,-0.0029128440000000004,1079.0772869724979,1079.3066139560008,-3.3,4.4134,6.6,4.378253487348043,long_nclose,28.89647301649708,0.026778872436070054,18.0
1641429180000.0,61485,1641429180000.0,0.0773223278343064,-0.0019418960000000002,1079.152667404332,1079.2923520600007,-2.2,4.4134,4.4,4.378253487348043,long_nclose,19.26431534433139,0.017851334594453188,1.0
1641429240000.0,61486,1641429240000.0,0.04920511771274043,-0.001235752,1079.2006367700449,1079.3198763080006,-1.4,4.4134,3.0,4.378253487348043,long_nclose,13.134760462044127,0.012170823491501396,1.0
1641429600000.0,61492,1641429600000.0,0.0,-0.006025356000000001,1079.1946114140449,1079.2455709520007,6.9,4.3662,9.9,4.36985257192365,long_ientry_partial,43.26154046204413,0.040086875902168834,6.0
1641429660000.0,61493,1641429660000.0,0.11565651265195491,-0.002907234,1079.3073606926966,1079.4403337180006,-3.3,4.4049,6.6,4.36985257192365,long_nclose,28.841026974696085,0.026721792165102988,1.0
1641429900000.0,61497,1641429900000.0,0.0,-0.0028811640000000003,1079.3044795286967,1079.3107325540007,3.3,4.3654,9.9,4.368368381282433,long_ientry_partial,43.24684697469609,0.040069181398728955,4.0
1641430080000.0,61500,1641430080000.0,0.11560434176797107,-0.0029062440000000005,1079.4171776264645,1079.6523463100004,-3.3,4.4034,6.6,4.368368381282433,long_nclose,28.83123131646406,0.026709998612270733,3.0
1641430860000.0,61513,1641430860000.0,0.0,-0.002876874,1079.4143007524644,1079.3923994360005,3.3,4.3589,9.9,4.365212254188289,long_ientry_partial,43.21560131646406,0.040036157837021684,13.0
1641431940000.0,61531,1641431940000.0,0.11545956117864681,-0.0029041320000000002,1079.526856181643,1079.7696553040005,-3.3,4.4002,6.6,4.365212254188289,long_nclose,28.810400877642703,0.026687989013582273,18.0
1641432360000.0,61538,1641432360000.0,0.07697304078576456,-0.0019360880000000003,1079.6018931344288,1079.7241592160003,-2.2,4.4002,4.4,4.365212254188289,long_nclose,19.206933918428472,0.01779075605607231,7.0
1641432720000.0,61544,1641432720000.0,0.0,-0.00478093,1079.5971122044289,1079.4218282860004,5.5,4.3463,9.9,4.354705446305906,long_ientry_partial,43.11158391842847,0.039933030045253594,6.0
1641438360000.0,61638,1641438360000.0,0.0,-0.008655924,1079.5884562804288,1078.4413523620003,10.2,4.2431,20.1,4.298069846687984,long_rentry,86.39120391842847,0.08002234871617403,94.0
1641441600000.0,61692,1641441600000.0,0.0,-0.00863824,1079.5798180404288,1076.6334141220004,10.4,4.153,30.5,4.248603407161589,long_rentry,129.58240391842847,0.12003040604597129,54.0
1641443100000.0,61717,1641443100000.0,0.3443755876679527,-0.008651054000000002,1079.9155425740967,1079.3728330680003,-10.1,4.2827,20.4,4.248603407161589,long_nclose,86.67150950609641,0.08025767394689533,25.0
1641443760000.0,61728,1641443760000.0,0.0,-0.008702600000000001,1079.9068399740966,1077.0393304680001,10.6,4.105,31.0,4.199500306648271,long_rentry,130.1845095060964,0.12055161120122092,11.0
1641444540000.0,61741,1641444540000.0,0.3471068415228117,-0.008720392000000002,1080.2452264236194,1080.5453700760002,-10.3,4.2332,20.7,4.199500306648271,long_nclose,86.9296563476192,0.08047215041664034,13.0
1641444660000.0,61743,1641444660000.0,0.2325278841269321,-0.005841816000000001,1080.4719124917465,1080.6720082600004,-6.9,4.2332,13.8,4.199500306648271,long_nclose,57.95310423174614,0.053636844754341384,2.0
1641445080000.0,61750,1641445080000.0,0.1550185894179547,-0.003894544,1080.6230365371644,1080.9496337160003,-4.6,4.2332,9.2,4.199500306648271,long_nclose,38.635402821164085,0.035752895797012144,7.0
1641446400000.0,61772,1641446400000.0,0.10109908005518786,-0.00253992,1080.7215956972198,1080.9974937960005,-3.0,4.2332,6.2,4.199500306648271,long_nclose,26.03690190121928,0.02409214547472956,22.0
1641446640000.0,61776,1641446640000.0,0.06739938670345857,-0.0016932800000000001,1080.7873018039234,1080.9952005160005,-2.0,4.2332,4.2,4.199500306648271,long_nclose,17.637901287922737,0.01631949344564247,4.0
1641447060000.0,61783,1641447060000.0,0.047179570692421,-0.001185296,1080.8332960786158,1080.9522952200007,-1.4,4.2332,2.8,4.199500306648271,long_nclose,11.758600858615157,0.010879199318966835,7.0
1641447540000.0,61791,1641447540000.0,0.03032972401655636,-0.000761976,1080.8628638266325,1080.9284132440007,-0.9,4.2332,1.9,4.199500306648271,long_nclose,7.979050582631714,0.007382111875305888,8.0
1641448620000.0,61809,1641448620000.0,0.02021981601103757,-0.0005079840000000001,1080.8825756586436,1080.948225260001,-0.6,4.2332,1.3,4.199500306648271,long_nclose,5.459350398642752,0.005050826538966139,18.0
1641448920000.0,61814,1641448920000.0,0.013479877340691716,-0.00033865600000000006,1080.8957168799843,1080.933066604001,-0.4,4.2332,0.9,4.199500306648271,long_nclose,3.7795502759834436,0.00349668355324152,5.0
1641449220000.0,61819,1641449220000.0,0.010109908005518786,-0.00025399200000000003,1080.9055727959899,1080.9256726120009,-0.3,4.2332,0.6,4.199500306648271,long_nclose,2.5197001839889626,0.002331101113181633,5.0
1641449400000.0,61822,1641449400000.0,0.006739938670345858,-0.00016932800000000003,1080.91214340666,1080.9255432840007,-0.2,4.2332,0.4,4.199500306648271,long_nclose,1.6798001226593084,0.0015540579619775213,3.0
1641449760000.0,61828,1641449760000.0,0.003369969335172929,-8.466400000000001e-05,1080.9154287119952,1080.9314786200007,-0.1,4.2332,0.3,4.199500306648271,long_nclose,1.2598500919944813,0.0011655399289616046,6.0
1641449760000.0,61828,1641449760000.0,0.007149969335172913,-8.542e-05,1080.9224932613304,1080.9331932000007,-0.1,4.271,0.2,4.199500306648271,long_nclose,0.8399000613296542,0.0007770215409205986,0.0
1641449880000.0,61830,1641449880000.0,0.007149969335172913,-8.542e-05,1080.9295578106655,1080.9361077800006,-0.1,4.271,0.1,4.199500306648271,long_nclose,0.4199500306648271,0.00038850823129992076,2.0
1641450720000.0,61844,1641450720000.0,0.007149969335172913,-8.542e-05,1080.9366223600007,1080.9366223600007,-0.1,4.271,0.0,4.199500306648271,long_nclose,0.0,0.0,14.0
1641461280000.0,62020,1641461280000.0,0.0,-0.0086268,1080.9279955600007,1081.0267955600007,10.4,4.1475,10.4,4.1475,long_ientry_normal,43.134,0.03990460065534097,176.0
1641461400000.0,62022,1641461400000.0,0.11321999999999885,-0.0028429439999999996,1081.0383726160007,1081.4618726160008,-3.4,4.1808,7.0,4.1475,long_nclose,29.0325,0.02685612346002516,2.0
1641461400000.0,62022,1641461400000.0,0.24003999999999923,-0.002868308,1081.2755443080007,1081.4933443080006,-3.4,4.2181,3.6,4.1475,long_nclose,14.931000000000001,0.013808691113564033,0.0
1641461700000.0,62027,1641461700000.0,0.0,-0.005639239999999999,1081.2699050680008,1081.2611050680007,6.8,4.1465,10.4,4.146846153846154,long_ientry_partial,43.1272,0.03988569347751128,5.0
1641461940000.0,62031,1641461940000.0,0.11306307692307893,-0.0028424680000000003,1081.3801256769239,1081.6402026000007,-3.4,4.1801,7.0,4.146846153846154,long_nclose,29.027923076923074,0.026843403524502665,4.0
1641462180000.0,62035,1641462180000.0,0.07648384615384751,-0.0019228460000000002,1081.4546866770777,1081.7045097540008,-2.3,4.1801,4.7,4.146846153846154,long_nclose,19.490176923076923,0.01802218545370888,4.0
1641462720000.0,62044,1641462720000.0,0.0,-0.004720284000000001,1081.4499663930776,1081.4039694700007,5.7,4.1406,10.4,4.143422781065089,long_ientry_partial,43.09159692307693,0.0398461309003493,9.0
1641465180000.0,62085,1641465180000.0,0.11280254437869548,-0.0028400879999999997,1081.5599288494561,1081.7039693820004,-3.4,4.1766,7.0,4.143422781065089,long_nclose,29.003959467455623,0.02681678443681758,41.0
1641465240000.0,62086,1641465240000.0,0.07630760355029399,-0.0019212359999999998,1081.6343152170064,1081.7827281460004,-2.3,4.1766,4.7,4.143422781065089,long_nclose,19.47408707100592,0.018004316983137564,1.0
1641465480000.0,62090,1641465480000.0,0.0,-0.004780940000000001,1081.6295342770063,1081.4687472060004,5.8,4.1215,10.5,4.131313054381517,long_ientry_partial,43.378787071005924,0.040105031987686626,4.0
1641465480000.0,62090,1641465480000.0,0.06793041842772451,-0.00125298,1081.6962117154342,1081.5583942260005,-1.5,4.1766,9.0,4.131313054381517,long_nclose,37.18181748943365,0.03437362272949811,0.0
1641465540000.0,62091,1641465540000.0,0.09926083685544906,-0.00249864,1081.7929739122894,1081.7790955860003,-3.0,4.1644,6.0,4.131313054381517,long_nclose,24.7878783262891,0.022913698761274144,1.0
1641465660000.0,62093,1641465660000.0,0.0,-0.0037074599999999997,1081.7892664522894,1081.9130881260003,4.5,4.1194,10.5,4.126207459646581,long_ientry_partial,43.325178326289105,0.04004955463125765,2.0
1641465960000.0,62098,1641465960000.0,0.11582389123696579,-0.00291151,1081.9021788335262,1082.1037266160001,-3.5,4.1593,7.0,4.126207459646581,long_nclose,28.88345221752607,0.026696916581374595,5.0
1641466020000.0,62099,1641466020000.0,0.07611284281286324,-0.0019132779999999998,1081.976378398339,1082.154003338,-2.3,4.1593,4.7,4.126207459646581,long_nclose,19.393175060338933,0.017923843299653967,1.0
1641466080000.0,62100,1641466080000.0,0.0,-0.004775023999999999,1081.9716033743389,1082.3623083139998,5.8,4.1164,10.5,4.120790005746565,long_ientry_partial,43.268295060338936,0.039990231652474374,1.0
1641466260000.0,62103,1641466260000.0,0.11553497988702244,-0.0029076600000000003,1082.084230694226,1082.274700654,-3.5,4.1538,7.0,4.120790005746565,long_nclose,28.84553004022596,0.026657379547726807,3.0
1641466440000.0,62106,1641466440000.0,0.0,-0.0028805700000000003,1082.0813501242262,1082.1244700840002,3.5,4.1151,10.5,4.118893337164376,long_ientry_partial,43.24838004022595,0.03996777140208627,3.0
1641467640000.0,62126,1641467640000.0,0.11552331992468412,-0.0029063300000000004,1082.1939671141508,1082.5657137540002,-3.5,4.1519,7.0,4.118893337164376,long_nclose,28.832253360150634,0.026642408141524392,20.0
1641469440000.0,62156,1641469440000.0,0.0,-0.0029509920000000004,1082.1910161221508,1082.0638027620003,3.6,4.0986,10.6,4.11200126039157,long_ientry_partial,43.58721336015064,0.040276820552750545,30.0
1641469620000.0,62159,1641469620000.0,0.11549558862950393,-0.0029015,1082.3036102107803,1082.445601262,-3.5,4.145,7.1,4.11200126039157,long_nclose,29.195208948780145,0.026975063811433036,3.0
1641470880000.0,62180,1641470880000.0,0.0,-0.0028623000000000008,1082.3007479107803,1082.073838962,3.5,4.089,10.6,4.104406504601901,long_ientry_partial,43.506708948780144,0.04019835432319837,21.0
1641473580000.0,62225,1641473580000.0,0.11512723389334667,-0.00289611,1082.4129790346738,1082.1970928520002,-3.5,4.1373,7.1,4.104406504601901,long_nclose,29.141286182673493,0.026922521022117188,45.0
1641474000000.0,62232,1641474000000.0,0.0756550394156278,-0.0019031579999999998,1082.4867309160893,1082.6383796940002,-2.3,4.1373,4.8,4.104406504601901,long_nclose,19.701151222089123,0.018199900894319866,7.0
1641474420000.0,62239,1641474420000.0,0.05262959263695848,-0.001323936,1082.5380365727262,1082.645535758,-1.6,4.1373,3.2,4.104406504601901,long_nclose,13.134100814726082,0.012132692220504454,7.0
1641475860000.0,62263,1641475860000.0,0.0,-0.0060919500000000005,1082.5319446227263,1082.2837938080002,7.5,4.0613,10.7,4.074191664927671,long_ientry_partial,43.593850814726075,0.04027026734062706,24.0
1641477240000.0,62286,1641477240000.0,0.11447917275315289,-0.0028748300000000005,1082.6435489654793,1082.8869689780001,-3.5,4.1069,7.2,4.074191664927671,long_nclose,29.33417998747923,0.027094956613845363,23.0
1641477360000.0,62288,1641477360000.0,0.07850000417359056,-0.0019713120000000002,1082.7200776576528,1082.843957666,-2.4,4.1069,4.8,4.074191664927671,long_nclose,19.55611999165282,0.01806202766088938,2.0
1641477420000.0,62289,1641477420000.0,0.05233333611572704,-0.0013142080000000003,1082.7710967857686,1082.876083458,-1.6,4.1069,3.2,4.074191664927671,long_nclose,13.037413327768547,0.0120407843970627,1.0
1641477660000.0,62293,1641477660000.0,0.0327083350723294,-0.0008213800000000001,1082.802983740841,1082.8751620780001,-1.0,4.1069,2.2,4.074191664927671,long_nclose,8.963221662840876,0.008277795496900978,4.0
1641479700000.0,62327,1641479700000.0,0.022895834550630576,-0.0005749660000000001,1082.8253046093917,1082.9045171120001,-0.7,4.1069,1.5,4.074191664927671,long_nclose,6.111287497391507,0.005643835133309925,34.0
1641480240000.0,62336,1641480240000.0,0.04858583455063039,-0.000580104,1082.8733103399422,1082.9347570080001,-0.7,4.1436,0.8,4.074191664927671,long_nclose,3.259353331942137,0.0030099119636801657,9.0
1641480360000.0,62338,1641480360000.0,0.027763334028931653,-0.00033148800000000006,1082.9007421859712,1082.9262655200002,-0.4,4.1436,0.4,4.074191664927671,long_nclose,1.6296766659710684,0.001504917858566946,2.0
1641480420000.0,62339,1641480420000.0,0.013881667014465826,-0.00016574400000000003,1082.9144581089856,1082.929219776,-0.2,4.1436,0.2,4.074191664927671,long_nclose,0.8148383329855342,0.0007524493988273338,1.0
1641481680000.0,62360,1641481680000.0,0.00327083350723294,-8.213800000000002e-05,1082.917646804493,1082.9219276380002,-0.1,4.1069,0.1,4.074191664927671,long_nclose,0.4074191664927671,0.00037622359160458067,21.0
1641482160000.0,62368,1641482160000.0,0.00327083350723294,-8.213800000000002e-05,1082.9208355000003,1082.9208355000003,-0.1,4.1069,0.0,4.074191664927671,long_nclose,0.0,0.0,8.0
1641526260000.0,63103,1641526260000.0,0.0,-0.008672040000000002,1082.9121634600003,1083.0102634600003,10.9,3.978,10.9,3.978,long_ientry_normal,43.360200000000006,0.04004036658103491,735.0
1641527160000.0,63118,1641527160000.0,0.0,-0.008682239999999999,1082.9034812200002,1082.2115812200002,11.2,3.876,22.1,3.926307692307692,long_rentry,86.7714,0.08012847082386626,15.0
1641527220000.0,63119,1641527220000.0,0.0,-0.00872551,1082.8947557100003,1081.6206057100003,11.5,3.7937,33.6,3.880921130952381,long_rentry,130.39895,0.1204170112676406,1.0
1641556860000.0,63613,1641556860000.0,0.34808333333333435,-0.00876288,1083.2340761633336,1083.8630428300003,-11.2,3.912,22.4,3.880921130952381,long_nclose,86.93263333333333,0.08025286062015034,494.0
1641557220000.0,63619,1641557220000.0,0.22998363095238164,-0.0057897600000000006,1083.458270034286,1083.8644530700003,-7.4,3.912,15.0,3.880921130952381,long_nclose,58.21381696428571,0.05372963461014842,6.0
1641557280000.0,63620,1641557280000.0,0.1553943452380957,-0.003912,1083.6097523795243,1083.8905410700004,-5.0,3.912,10.0,3.880921130952381,long_nclose,38.80921130952381,0.03581474901301114,1.0
1641557340000.0,63621,1641557340000.0,0.10256026785714316,-0.00258192,1083.7097307273814,1083.9715591500005,-3.3,3.912,6.7,3.880921130952381,long_nclose,26.002171577380953,0.023993668082991564,1.0
1641558480000.0,63640,1641558480000.0,0.2180602678571436,-0.00260502,1083.9251859752387,1084.1124541300005,-3.3,3.947,3.4,3.880921130952381,long_nclose,13.195131845238095,0.012173471025462014,19.0
1641558540000.0,63641,1641558540000.0,0.11233407738095277,-0.00134198,1084.0361780726196,1084.1417121500006,-1.7,3.947,1.7,3.880921130952381,long_nclose,6.597565922619047,0.006086112305171679,1.0
1641558660000.0,63643,1641558660000.0,0.05286309523809543,-0.0006315200000000001,1084.0884096478576,1084.1469806300004,-0.8,3.947,0.9,3.880921130952381,long_nclose,3.492829017857143,0.0032219042162730176,2.0
1641558720000.0,63644,1641558720000.0,0.026431547619047716,-0.00031576000000000005,1084.1145254354767,1084.1505648700006,-0.4,3.947,0.5,3.880921130952381,long_nclose,1.9404605654761904,0.0017899036678774589,1.0
1641559320000.0,63654,1641559320000.0,0.003107886904761914,-7.824e-05,1084.1175550823814,1084.1299866300005,-0.1,3.912,0.4,3.880921130952381,long_nclose,1.5523684523809524,0.0014319189326871375,10.0
1641559380000.0,63655,1641559380000.0,0.003107886904761914,-7.824e-05,1084.120584729286,1084.1317083900003,-0.1,3.912,0.3,3.880921130952381,long_nclose,1.1642763392857143,0.0010739361983210047,1.0
1641560040000.0,63666,1641560040000.0,0.003107886904761914,-7.824e-05,1084.1236143761907,1084.1296301500004,-0.1,3.912,0.2,3.880921130952381,long_nclose,0.7761842261904762,0.0007159554647622871,11.0
1641560100000.0,63667,1641560100000.0,0.003107886904761914,-7.824e-05,1084.1266440230954,1084.1308519100003,-0.1,3.912,0.1,3.880921130952381,long_nclose,0.3880921130952381,0.0003579767319942102,1.0
1641561420000.0,63689,1641561420000.0,0.003107886904761914,-7.824e-05,1084.12967367,1084.12967367,-0.1,3.912,0.0,3.880921130952381,long_nclose,0.0,0.0,22.0
1641572520000.0,63874,1641572520000.0,0.0,-0.008651688000000001,1084.121021982,1084.638581982,11.4,3.7946,11.4,3.7946,long_ientry_normal,43.25844,0.039901855164577955,185.0
1641572700000.0,63877,1641572700000.0,0.11552000000000077,-0.0029070000000000003,1084.233634982,1084.533074982,-3.8,3.825,7.6,3.7946,long_nclose,28.83896,0.026598473861658766,3.0
1641573120000.0,63884,1641573120000.0,0.07600000000000051,-0.0019125000000000001,1084.3077224820001,1084.4474624820002,-2.5,3.825,5.1,3.7946,long_nclose,19.352459999999997,0.01784775631377213,7.0
1641573180000.0,63885,1641573180000.0,0.051680000000000344,-0.0013005000000000002,1084.358101982,1084.4750619820002,-1.7,3.825,3.4,3.7946,long_nclose,12.90164,0.011897951402233506,1.0
1641573300000.0,63887,1641573300000.0,0.033440000000000226,-0.0008415000000000001,1084.390700482,1084.462920482,-1.1,3.825,2.3,3.7946,long_nclose,8.72758,0.008048372229788289,2.0
1641573420000.0,63889,1641573420000.0,0.021280000000000143,-0.0005355,1084.411444982,1084.4440849819998,-0.7,3.825,1.6,3.7946,long_nclose,6.07136,0.005598760533277827,2.0
1641573660000.0,63893,1641573660000.0,0.015200000000000102,-0.00038250000000000003,1084.426262482,1084.455302482,-0.5,3.825,1.1,3.7946,long_nclose,4.17406,0.0038490952722286024,4.0
1641573780000.0,63895,1641573780000.0,0.00912000000000006,-0.0002295,1084.435152982,1084.4538729820001,-0.3,3.825,0.8,3.7946,long_nclose,3.03568,0.0027993190663844034,2.0
1641573900000.0,63897,1641573900000.0,0.006080000000000041,-0.00015300000000000003,1084.4410799820002,1084.4599199820002,-0.2,3.825,0.6,3.7946,long_nclose,2.27676,0.0020994778250541654,2.0
1641574020000.0,63899,1641574020000.0,0.006080000000000041,-0.00015300000000000003,1084.4470069820004,1084.4635669820004,-0.2,3.825,0.4,3.7946,long_nclose,1.51784,0.001399644233630305,2.0
1641574140000.0,63901,1641574140000.0,0.01292,-0.00015436800000000002,1084.4597726140003,1084.4714526140003,-0.2,3.8592,0.2,3.7946,long_nclose,0.75892,0.0006998138789147396,2.0
1641574260000.0,63903,1641574260000.0,0.00646,-7.718400000000001e-05,1084.4661554300003,1084.4727954300004,-0.1,3.8592,0.1,3.7946,long_nclose,0.37946,0.0003499048800186307,2.0
1641577620000.0,63959,1641577620000.0,0.00646,-7.718400000000001e-05,1084.4725382460003,1084.4725382460003,-0.1,3.8592,0.0,3.7946,long_nclose,0.0,0.0,56.0
1641655320000.0,65254,1641655320000.0,0.0,-0.008708778,1084.4638294680003,1084.3854394680004,11.7,3.7217,11.7,3.7217,long_ientry_normal,43.54389,0.04015245950744258,1295.0
1641658080000.0,65300,1641658080000.0,0.11622000000000106,-0.00292617,1084.5771232980005,1084.8368632980005,-3.9,3.7515,7.8,3.7217,long_nclose,29.029259999999997,0.026765510148072578,46.0
1641659580000.0,65325,1641659580000.0,0.0,-0.0028873260000000004,1084.5742359720005,1084.3047459720005,3.9,3.7017,11.7,3.715033333333334,long_ientry_partial,43.46589,0.04007645448174017,25.0
1641663600000.0,65392,1641663600000.0,0.0,-0.00868728,1084.5655486920004,1083.3861586920004,12.0,3.6197,23.7,3.6667632911392407,long_rentry,86.90229000000001,0.0801263603705698,67.0
1641664440000.0,65406,1641664440000.0,0.0,-0.008715534000000002,1084.5568331580005,1081.6248731580004,12.3,3.5429,36.0,3.6244433333333337,long_rentry,130.47996,0.1203071669559906,14.0
1641665280000.0,65420,1641665280000.0,0.0,-0.012987150000000001,1084.5438460080004,1079.7029360080005,18.7,3.4725,54.7,3.572499268738574,long_rentry,195.41571000000002,0.18018239716106277,14.0
1641671100000.0,65517,1641671100000.0,0.0,-0.019194992,1084.5246510160005,1073.3471810160004,28.4,3.3794,83.1,3.5065062575210595,long_rentry,291.39067,0.26868054103428674,97.0
1641680880000.0,65680,1641680880000.0,0.7781966666666573,-0.019581684000000002,1085.283265998667,1087.0280193320004,-27.7,3.5346,55.4,3.5065062575210595,long_nclose,194.2604466666667,0.17899515523065782,163.0
1641681000000.0,65682,1641681000000.0,0.5169248616125088,-0.013007327999999999,1085.7871835322796,1086.8044520040005,-18.4,3.5346,37.0,3.5065062575210595,long_nclose,129.7407315282792,0.11949001931134152,2.0
1641681060000.0,65683,1641681060000.0,0.3455530324909706,-0.008695116000000003,1086.1240414487706,1086.9266368880005,-12.3,3.5346,24.7,3.5065062575210595,long_nclose,86.61070456077017,0.07974292185378842,1.0
1641681360000.0,65688,1641681360000.0,0.2303686883273137,-0.0057967439999999995,1086.348613393098,1086.8187601440006,-8.2,3.5346,16.5,3.5065062575210595,long_nclose,57.85735324909748,0.053258551201520836,5.0
1641681480000.0,65690,1641681480000.0,0.15451558363417384,-0.0038880600000000005,1086.499240916732,1086.8566720840004,-5.5,3.5346,11.0,3.5065062575210595,long_nclose,38.57156883273166,0.035500778445263295,2.0
1641681600000.0,65692,1641681600000.0,0.10113747292418651,-0.0025449120000000003,1086.5978334776562,1086.8382871720003,-3.6,3.5346,7.4,3.5065062575210595,long_nclose,25.948146305655843,0.02388017489654733,2.0
1641681900000.0,65697,1641681900000.0,0.06742498194945767,-0.0016966080000000003,1086.6635618516057,1086.8260305640003,-2.4,3.5346,5.0,3.5065062575210595,long_nclose,17.5325312876053,0.016134277344987052,5.0
1641682440000.0,65706,1641682440000.0,0.044949987966305116,-0.0011310720000000003,1086.707380767572,1086.8212594920003,-1.6,3.5346,3.4,3.5065062575210595,long_nclose,11.922121275571602,0.010970866202409219,9.0
1641682560000.0,65708,1641682560000.0,0.03090311672683477,-0.0007776120000000002,1086.7375062722988,1086.8030418800004,-1.1,3.5346,2.3,3.5065062575210595,long_nclose,8.064964392298435,0.007421262582500428,2.0
1641683340000.0,65721,1641683340000.0,0.01966561973525849,-0.000494844,1086.756677048034,1086.7990670360002,-0.7,3.5346,1.6,3.5065062575210595,long_nclose,5.610410012033696,0.005162526378281198,13.0
1641683400000.0,65722,1641683400000.0,0.014046871239470349,-0.00035346000000000005,1086.7703704592734,1086.7995135760002,-0.5,3.5346,1.1,3.5065062575210595,long_nclose,3.857156883273166,0.0035491921643420556,1.0
1641683460000.0,65723,1641683460000.0,0.00842812274368221,-0.00021207600000000003,1086.778586506017,1086.7989815000003,-0.3,3.5346,0.8,3.5065062575210595,long_nclose,2.805205006016848,0.0025812111508707173,1.0
1641683580000.0,65725,1641683580000.0,0.0056187484957881395,-0.00014138400000000004,1086.784063870513,1086.7993601160003,-0.2,3.5346,0.6,3.5065062575210595,long_nclose,2.103903754512636,0.0019358986062233147,2.0
1641683640000.0,65726,1641683640000.0,0.0056187484957881395,-0.00014138400000000004,1086.7895412350088,1086.7973387320003,-0.2,3.5346,0.4,3.5065062575210595,long_nclose,1.402602503008424,0.0012905925662612936,1.0
1641684780000.0,65745,1641684780000.0,0.0,-0.008448012,1086.7810932230088,1086.8226307200005,12.2,3.4623,12.6,3.4637033732546367,long_ientry_partial,43.642662503008424,0.04015773072899134,19.0
1641693480000.0,65890,1641693480000.0,0.116745832330525,-0.00293286,1086.8949061953392,1087.1325978600003,-4.2,3.4915,8.4,3.4637033732546367,long_nclose,29.09510833533895,0.026769017105053864,145.0
1641693660000.0,65893,1641693660000.0,0.07783055488701666,-0.00195524,1086.9707815102263,1087.1292426200002,-2.8,3.4915,5.6,3.4637033732546367,long_nclose,19.396738890225965,0.017844765673716022,3.0
1641694260000.0,65903,1641694260000.0,0.050033928141653576,-0.00125694,1087.0195584983678,1087.1270856800002,-1.8,3.4915,3.8,3.4637033732546367,long_nclose,13.16207281836762,0.012108404780269078,10.0
1641694440000.0,65906,1641694440000.0,0.1120935908161901,-0.0013386259999999999,1087.130313463184,1087.2676770540002,-1.9,3.5227,1.9,3.4637033732546367,long_nclose,6.58103640918381,0.006053585598417479,3.0
1641694620000.0,65909,1641694620000.0,0.05309696407082689,-0.0006340860000000001,1087.1827763412548,1087.249072968,-0.9,3.5227,1.0,3.4637033732546367,long_nclose,3.4637033732546367,0.0031859439356749135,3.0
1641694740000.0,65911,1641694740000.0,0.09019662674536333,-0.00071078,1087.2722621880002,1087.2722621880002,-1.0,3.5539,0.0,3.4637033732546367,long_nclose,0.0,0.0,2.0
1641814020000.0,67899,1641814020000.0,0.0,-0.008670540000000001,1087.2635916480003,1087.3003916480004,11.5,3.7698,11.5,3.7698,long_ientry_normal,43.3527,0.03987321964335155,1988.0
1641814080000.0,67900,1641814080000.0,0.11475999999999917,-0.002888,1087.3754636480003,1087.6311036480004,-3.8,3.8,7.7,3.7698,long_nclose,29.02746,0.026694974248008804,1.0
1641814260000.0,67903,1641814260000.0,0.24396000000000012,-0.00291384,1087.6165098080003,1087.8473898080003,-3.8,3.834,3.9,3.7698,long_nclose,14.70222,0.013517834519260306,3.0
1641814440000.0,67906,1641814440000.0,0.03925999999999972,-0.000988,1087.6547818080003,1087.7255018080002,-1.3,3.8,2.6,3.7698,long_nclose,9.80148,0.009011572572417761,3.0
1641814680000.0,67910,1641814680000.0,0.024159999999999827,-0.000608,1087.6783338080002,1087.750693808,-0.8,3.8,1.8,3.7698,long_nclose,6.78564,0.006238645920474701,4.0
1641814920000.0,67914,1641814920000.0,0.01811999999999987,-0.00045599999999999997,1087.6959978080001,1087.732237808,-0.6,3.8,1.2,3.7698,long_nclose,4.52376,0.004159029737276401,4.0
1641815040000.0,67916,1641815040000.0,0.012079999999999914,-0.000304,1087.7077738080002,1087.7359338080003,-0.4,3.8,0.8,3.7698,long_nclose,3.0158400000000003,0.002772656473201183,2.0
1641815340000.0,67921,1641815340000.0,0.006039999999999957,-0.000152,1087.713661808,1087.731781808,-0.2,3.8,0.6,3.7698,long_nclose,2.26188,0.002079481098215038,5.0
1641815400000.0,67922,1641815400000.0,0.006039999999999957,-0.000152,1087.719549808,1087.734029808,-0.2,3.8,0.4,3.7698,long_nclose,1.5079200000000001,0.001386313227767371,1.0
1641815520000.0,67924,1641815520000.0,0.0,-0.008437856,1087.711111952,1087.583511952,11.2,3.7669,11.6,3.767,long_ientry_partial,43.697199999999995,0.040173534608450634,2.0
1641816060000.0,67933,1641816060000.0,0.11476000000000086,-0.002885872,1087.82298608,1087.9945860799999,-3.8,3.7972,7.8,3.767,long_nclose,29.3826,0.027010460687065464,9.0
1641816120000.0,67934,1641816120000.0,0.07852000000000059,-0.0019745440000000004,1087.899531536,1087.9463315360001,-2.6,3.7972,5.2,3.767,long_nclose,19.5884,0.01800570680671517,1.0
1641816180000.0,67935,1641816180000.0,0.0,-0.004818688000000001,1087.8947128480002,1087.8172728480001,6.4,3.7646,11.6,3.7656758620689654,long_ientry_partial,43.68184,0.04015263562192088,1.0
1641818640000.0,67976,1641818640000.0,0.0,-0.00873222,1087.8859806280002,1086.5530406280002,11.9,3.669,23.5,3.7167208510638297,long_rentry,87.34294,0.08028685133857487,41.0
1641819120000.0,67984,1641819120000.0,0.0,-0.008762284,1087.877218344,1085.100058344,12.2,3.5911,35.7,3.6737915966386554,long_rentry,131.15436,0.12055989204337524,8.0
1641823920000.0,68064,1641823920000.0,0.0,-0.013022520000000001,1087.864195824,1082.381235824,18.5,3.5196,54.2,3.6211616236162363,long_rentry,196.26696,0.1804149458667845,80.0
1641825480000.0,68090,1641825480000.0,0.0,-0.019250186000000002,1087.8449456380001,1077.039955638,28.1,3.4253,82.3,3.554287849331714,long_rentry,292.51789,0.2688966761052917,26.0
1641825780000.0,68095,1641825780000.0,0.7812329283110468,-0.019633744,1088.6065448223112,1090.127941894,-27.4,3.5828,54.9,3.554287849331714,long_nclose,195.13040292831107,0.1792478686228746,5.0
1641825840000.0,68096,1641825840000.0,0.5217723572296409,-0.013113048,1089.1152041315408,1089.909868846,-18.3,3.5828,36.6,3.554287849331714,long_nclose,130.08693528554073,0.11944276858137509,1.0
1641825960000.0,68098,1641825960000.0,0.34784823815309385,-0.008742032,1089.4543103376939,1090.398886814,-12.2,3.5828,24.4,3.554287849331714,long_nclose,86.72462352369381,0.07960372702257897,2.0
1641825960000.0,68098,1641825960000.0,0.7382482381530888,-0.008820112,1090.183738463847,1090.6560267020002,-12.2,3.6148,12.2,3.554287849331714,long_nclose,43.362311761846904,0.039775232588726506,0.0
1641826200000.0,68102,1641826200000.0,0.3691241190765444,-0.004410056,1090.5484525269235,1090.924896646,-6.1,3.6148,6.1,3.554287849331714,long_nclose,21.681155880923452,0.019880965243392692,4.0
1641826260000.0,68103,1641826260000.0,0.5643241190765446,-0.004449096,1091.10832755,1091.10832755,-6.1,3.6468,0.0,3.554287849331714,long_nclose,0.0,0.0,1.0
1641826380000.0,68105,1641826380000.0,0.0,-0.00871794,1091.09960961,1091.01630961,11.9,3.663,11.9,3.663,long_ientry_normal,43.5897,0.03995024800309533,2.0
1641826980000.0,68115,1641826980000.0,0.0,-0.008708604,1091.090901006,1089.922881006,12.2,3.5691,24.1,3.615465560165975,long_rentry,87.13272,0.07985835086669911,10.0
1641831480000.0,68190,1641831480000.0,0.23227551867219987,-0.0058312,1091.317345324672,1091.9538498059999,-8.0,3.6445,16.1,3.615465560165975,long_nclose,58.208995518672204,0.0533382849343009,75.0
1641831660000.0,68193,1641831660000.0,0.49227551867220143,-0.005883200000000001,1091.8037376433442,1092.3345666059997,-8.0,3.677,8.1,3.615465560165975,long_nclose,29.285271037344394,0.02682283456966046,3.0
1641831780000.0,68195,1641831780000.0,0.7624889626556036,-0.0060095520000000005,1092.5602170539998,1092.5602170539998,-8.1,3.7096,0.0,3.615465560165975,long_nclose,0.0,0.0,2.0
1641835680000.0,68260,1641835680000.0,0.0,-0.008732086,1092.5514849679998,1092.584154968,12.1,3.6083,12.1,3.6083,long_ientry_normal,43.66043,0.03996189708284437,65.0
1641836820000.0,68279,1641836820000.0,0.11560000000000059,-0.00290976,1092.664175208,1092.8885452079999,-4.0,3.6372,8.1,3.6083,long_nclose,29.22723,0.026748593633022053,19.0
1641836880000.0,68280,1641836880000.0,0.0780300000000004,-0.0019640880000000006,1092.7402411199998,1092.9546211199997,-2.7,3.6372,5.4,3.6083,long_nclose,19.48482,0.017831154437974308,1.0
1641837060000.0,68283,1641837060000.0,0.05202000000000027,-0.0013093920000000002,1092.790951728,1092.897871728,-1.8,3.6372,3.6,3.6083,long_nclose,12.98988,0.011886884659375577,3.0
1641837420000.0,68289,1641837420000.0,0.034680000000000176,-0.0008729279999999999,1092.8247588,1092.9008388,-1.2,3.6372,2.4,3.6083,long_nclose,8.65992,0.007924344621830507,6.0
1641839280000.0,68320,1641839280000.0,0.07368000000000041,-0.0008807280000000001,1092.8975580719998,1092.9907980719997,-1.2,3.6697,1.2,3.6083,long_nclose,4.32996,0.003961908385666594,31.0
1641839340000.0,68321,1641839340000.0,0.11268000000000011,-0.000888528,1093.0093495439999,1093.0093495439999,-1.2,3.7022,0.0,3.6083,long_nclose,0.0,0.0,1.0
1641862500000.0,68707,1641862500000.0,0.0,-0.00872712,1093.0006224239999,1093.1890224239999,12.0,3.6363,12.0,3.6363,long_ientry_normal,43.6356,0.03992275860120485,386.0
1641863460000.0,68723,1641863460000.0,0.0,-0.008716026000000002,1092.9919063979999,1091.822476398,12.3,3.5431,24.3,3.5891246913580246,long_rentry,87.21573,0.07979540332318018,16.0
1641864600000.0,68742,1641864600000.0,0.23308000000000176,-0.005860998,1093.2191254,1093.7031054,-8.1,3.6179,16.2,3.5891246913580246,long_nclose,58.14382,0.05318587888656416,19.0
1641864780000.0,68745,1641864780000.0,0.15538666666666787,-0.003907332,1093.3706047346666,1093.725658068,-5.4,3.6179,10.8,3.5891246913580246,long_nclose,38.762546666666665,0.03545234022097508,3.0
1641867900000.0,68797,1641867900000.0,0.1035911111111119,-0.002604888,1093.4715909577778,1093.60029318,-3.6,3.6179,7.2,3.5891246913580246,long_nclose,25.841697777777778,0.02363271070914873,52.0
1641868260000.0,68803,1641868260000.0,0.06906074074074127,-0.001736592,1093.5389151065185,1093.706316588,-2.4,3.6179,4.8,3.5891246913580246,long_nclose,17.22779851851852,0.01575417050141321,6.0
1641868740000.0,68811,1641868740000.0,0.04604049382716085,-0.0011577280000000002,1093.5837978723457,1093.74979886,-1.6,3.6179,3.2,3.5891246913580246,long_nclose,11.48519901234568,0.010502349280129285,8.0
1641868740000.0,68811,1641868740000.0,0.09772049382716048,-0.0011680640000000001,1093.6803503021729,1093.763350796,-1.6,3.6502,1.6,3.5891246913580246,long_nclose,5.74259950617284,0.005250711055187393,0.0
1641868920000.0,68814,1641868920000.0,0.0,-0.007608892000000001,1093.6727414101729,1093.720281904,10.6,3.5891,12.2,3.589103238210889,long_ientry_partial,43.787059506172845,0.040036711027207426,3.0
1641869040000.0,68816,1641869040000.0,0.11518704715644468,-0.00289432,1093.7850341373294,1094.062987584,-4.0,3.6179,8.2,3.589103238210889,long_nclose,29.430646553329286,0.026907157837043637,2.0
1641869100000.0,68817,1641869100000.0,0.25049672333535483,-0.002993164,1094.0325376966648,1094.2576144200002,-4.1,3.6502,4.1,3.589103238210889,long_nclose,14.715323276664643,0.013450535308251192,1.0
1641869220000.0,68819,1641869220000.0,0.12219352357822189,-0.00146008,1094.153271140243,1094.2832543400002,-2.0,3.6502,2.1,3.589103238210889,long_nclose,7.537116800242867,0.006888538378529234,2.0
1641869400000.0,68822,1641869400000.0,0.06109676178911094,-0.00073004,1094.213637862032,1094.2828243000001,-1.0,3.6502,1.1,3.589103238210889,long_nclose,3.9480135620319783,0.003608082942327372,3.0
1641869520000.0,68824,1641869520000.0,0.03054838089455547,-0.00036502,1094.2438212229267,1094.28035928,-0.5,3.6502,0.6,3.589103238210889,long_nclose,2.1534619429265334,0.0019679909551783667,2.0
1641870480000.0,68840,1641870480000.0,0.0,-0.008310472000000001,1094.2355107509268,1094.4862888080002,11.6,3.5821,12.2,3.5824444215513553,long_ientry_partial,43.70582194292653,0.03994187861160995,16.0
1641870720000.0,68844,1641870720000.0,0.11502231379457939,-0.0028889600000000003,1094.3476441047212,1094.5981998480001,-4.0,3.6112,8.2,3.5824444215513553,long_nclose,29.376044256721112,0.02684342988717581,4.0
1641870840000.0,68846,1641870840000.0,0.07764006181134109,-0.0019500480000000004,1094.4233341185325,1094.5858898,-2.7,3.6112,5.5,3.5824444215513553,long_nclose,19.703444318532455,0.01800349435568454,2.0
1641871140000.0,68851,1641871140000.0,0.051760041207560725,-0.001300032,1094.4737941277401,1094.597949768,-1.8,3.6112,3.7,3.5824444215513553,long_nclose,13.255044359740015,0.0121108832672452,5.0
1641871920000.0,68864,1641871920000.0,0.03450669413837382,-0.0008666880000000001,1094.5074341338784,1094.59132308,-1.2,3.6112,2.5,3.5824444215513553,long_nclose,8.956111053878388,0.008182777726828022,13.0
1641872400000.0,68872,1641872400000.0,0.023004462758915878,-0.0005777920000000001,1094.5298608046373,1094.586905288,-0.8,3.6112,1.7,3.5824444215513553,long_nclose,6.090155516637304,0.00556417484321548,8.0
1641872520000.0,68874,1641872520000.0,0.04876446275891588,-0.0005829440000000001,1094.5780423233964,1094.6073423440002,-0.8,3.6434,0.9,3.5824444215513553,long_nclose,3.2241999793962197,0.0029456099562826968,2.0
1641873120000.0,68884,1641873120000.0,0.008626673534593454,-0.00021667200000000003,1094.5864523249309,1094.5993856720002,-0.3,3.6112,0.6,3.5824444215513553,long_nclose,2.1494666529308133,0.0019637248829138063,10.0
1641874260000.0,68903,1641874260000.0,0.0,-0.008346546,1094.5781057789309,1094.164109126,11.7,3.5669,12.3,3.567658264465919,long_ientry_partial,43.88219665293081,0.04009051197100555,19.0
1641878520000.0,68974,1641878520000.0,0.0,-0.008759772,1094.5693460069308,1093.540289354,12.6,3.4761,24.9,3.521327576422924,long_rentry,87.6810566529308,0.08010552914970415,71.0
1641882000000.0,69032,1641882000000.0,0.23466111568973028,-0.005892336000000001,1094.7981147866205,1095.257477018,-8.3,3.5496,16.6,3.521327576422924,long_nclose,58.454037768620545,0.0533925268769881,58.0
1641882120000.0,69034,1641882120000.0,0.15549832967391763,-0.00390456,1094.9497085562946,1095.223572458,-5.5,3.5496,11.1,3.521327576422924,long_nclose,39.08673609829445,0.03569728891916947,2.0
1641882240000.0,69036,1641882240000.0,0.10460796723518095,-0.002626704,1095.0516898195297,1095.263865754,-3.7,3.5496,7.4,3.521327576422924,long_nclose,26.057824065529637,0.023795976306674713,2.0
1641882360000.0,69038,1641882360000.0,0.06785381658498224,-0.0017038079999999998,1095.1178398281147,1095.3612019460002,-2.4,3.5496,5.0,3.521327576422924,long_nclose,17.60663788211462,0.016077391164477865,2.0
1641882540000.0,69041,1641882540000.0,0.045235877723321494,-0.001135872,1095.161939833838,1095.262826074,-1.6,3.5496,3.4,3.521327576422924,long_nclose,11.972513759837941,0.010932185756614638,3.0
1641883200000.0,69052,1641883200000.0,0.10195312008102957,-0.0012176420000000001,1095.262675311919,1095.4066184320002,-1.7,3.5813,1.7,3.521327576422924,long_nclose,5.986256879918971,0.0054655901409350486,11.0
1641885180000.0,69085,1641885180000.0,0.0,-0.007568208,1095.255107103919,1095.052810224,10.8,3.5038,12.5,3.506183750393518,long_ientry_partial,43.827296879918975,0.04001560604068527,33.0
1641886620000.0,69109,1641886620000.0,0.0,-0.008745728000000001,1095.2463613759192,1093.7610244960001,12.8,3.4163,25.3,3.46070896758573,long_rentry,87.55593687991897,0.07994177380322502,24.0
1641897360000.0,69288,1641897360000.0,0.0,-0.00876128,1095.237600095919,1093.052863216,13.1,3.344,38.4,3.4208941895812233,long_rentry,131.36233687991896,0.11993957920036205,179.0
1641908940000.0,69481,1641908940000.0,0.350794373360344,-0.008827648,1095.5795668212793,1096.401475568,-12.8,3.4483,25.6,3.4208941895812233,long_nclose,87.57489125327932,0.07993476138603936,193.0
1641910380000.0,69505,1641910380000.0,0.23294938855960345,-0.005862110000000001,1095.8066540998389,1096.372763458,-8.5,3.4483,17.1,3.4208941895812233,long_nclose,58.49729064183892,0.053382857662871284,24.0
1641910680000.0,69510,1641910680000.0,0.1562131193870282,-0.003931062,1095.958936157226,1096.199542396,-5.7,3.4483,11.4,3.4208941895812233,long_nclose,38.99819376122595,0.03558362678985564,5.0
1641913500000.0,69557,1641913500000.0,0.10414207959135213,-0.0026207080000000002,1096.0604575288173,1096.205661688,-3.8,3.4483,7.6,3.4208941895812233,long_nclose,25.998795840817294,0.023720220597533728,47.0
1641913620000.0,69559,1641913620000.0,0.06851452604694219,-0.0017241500000000002,1096.1272479048644,1096.260387538,-2.5,3.4483,5.1,3.4208941895812233,long_nclose,17.446560366864237,0.015916546550787385,2.0
1641913740000.0,69561,1641913740000.0,0.04658987771192069,-0.0011724220000000002,1096.1726653605763,1096.264825116,-1.7,3.4483,3.4,3.4208941895812233,long_nclose,11.631040244576159,0.010610591389587544,2.0
1641913920000.0,69564,1641913920000.0,0.030146391460654568,-0.0007586260000000002,1096.2020531260368,1096.26899649,-1.1,3.4483,2.3,3.4208941895812233,long_nclose,7.868056636036813,0.007177560572523554,3.0
1641914340000.0,69571,1641914340000.0,0.019184067293143814,-0.00048276199999999997,1096.2207544313299,1096.2657237279998,-0.7,3.4483,1.6,3.4208941895812233,long_nclose,5.473430703329957,0.004993000434633558,7.0
1641915900000.0,69597,1641915900000.0,0.013702905209388438,-0.00034483,1096.2341125065393,1096.278228898,-0.5,3.4483,1.1,3.4208941895812233,long_nclose,3.7629836085393458,0.0034326459700613435,26.0
1641916200000.0,69602,1641916200000.0,0.029102905209388297,-0.00034791,1096.2628675017486,1096.2983309879999,-0.5,3.4791,0.6,3.4208941895812233,long_nclose,2.0525365137487337,0.0018723032354696259,5.0
1641916320000.0,69604,1641916320000.0,0.017461743125632978,-0.00020874599999999997,1096.280120498874,1096.2978522419996,-0.3,3.4791,0.3,3.4208941895812233,long_nclose,1.0262682568743668,0.000936136884802173,2.0
1641916680000.0,69610,1641916680000.0,0.005820581041877659,-6.9582e-05,1096.285871497916,1096.29769266,-0.1,3.4791,0.2,3.4208941895812233,long_nclose,0.6841788379162447,0.0006240879826184509,6.0
1641916980000.0,69615,1641916980000.0,0.017821162083755306,-0.0001404,1096.3035522599998,1096.3035522599998,-0.2,3.51,0.0,3.4208941895812233,long_nclose,0.0,0.0,5.0
1642077960000.0,72298,1642077960000.0,0.0,-0.008734712,1096.2948175479999,1096.394857548,12.2,3.5798,12.2,3.5798,long_ientry_normal,43.67356,0.03983742265395486,2683.0
1642078200000.0,72302,1642078200000.0,0.1147999999999989,-0.0028868,1096.406730748,1096.670770748,-4.0,3.6085,8.2,3.5798,long_nclose,29.35436,0.026773239507544448,4.0
1642078380000.0,72305,1642078380000.0,0.07748999999999927,-0.0019485900000000003,1096.482272158,1096.5768721579998,-2.7,3.6085,5.5,3.5798,long_nclose,19.6889,0.0179564234643302,3.0
1642078620000.0,72309,1642078620000.0,0.051659999999999505,-0.0012990599999999999,1096.532633098,1096.7109730979998,-1.8,3.6085,3.7,3.5798,long_nclose,13.245260000000002,0.012079220991881086,4.0
1642079820000.0,72329,1642079820000.0,0.0,-0.006150376,1096.5264827219999,1096.6494427219998,8.6,3.5758,12.3,3.57700325203252,long_ientry_partial,43.99714,0.04012410160015671,20.0
1642080000000.0,72332,1642080000000.0,0.11765666666666802,-0.0029566740000000003,1096.6411827146665,1096.7559560479997,-4.1,3.6057,8.2,3.57700325203252,long_nclose,29.331426666666662,0.02674660329102228,3.0
1642080180000.0,72335,1642080180000.0,0.0,-0.002930188,1096.6382525266665,1096.6898858599998,4.1,3.5734,12.3,3.5758021680216787,long_ientry_partial,43.98236666666665,0.04010654066218354,3.0
1642080780000.0,72345,1642080780000.0,0.11766111111111649,-0.0029556899999999995,1096.7529579477778,1096.99238017,-4.1,3.6045,8.2,3.5758021680216787,long_nclose,29.32157777777776,0.026734897376200117,10.0
1642081860000.0,72363,1642081860000.0,0.07748414634146697,-0.0019464300000000003,1096.8284956641191,1096.96158374,-2.7,3.6045,5.5,3.5758021680216787,long_nclose,19.666911924119233,0.017930708403241388,18.0
1642082040000.0,72366,1642082040000.0,0.05165609756097798,-0.0012976200000000002,1096.87885414168,1096.9720861199999,-1.8,3.6045,3.7,3.5758021680216787,long_nclose,13.230468021680212,0.0120619227654208,3.0
1642082460000.0,72373,1642082460000.0,0.034437398373985316,-0.0008650799999999998,1096.912426460054,1096.9879210399997,-1.2,3.6045,2.5,3.5758021680216787,long_nclose,8.939505420054196,0.008149698375561018,7.0
1642082640000.0,72376,1642082640000.0,0.02295826558265688,-0.00057672,1096.9348080056366,1096.9691443199997,-0.8,3.6045,1.7,3.5758021680216787,long_nclose,6.078863685636854,0.005541681822175906,3.0
1642082700000.0,72377,1642082700000.0,0.014348915989160549,-0.00036045,1096.9487964716257,1096.9850338699996,-0.5,3.6045,1.2,3.5758021680216787,long_nclose,4.290962601626014,0.003911725520305092,1.0
1642083480000.0,72390,1642083480000.0,0.01147913279132844,-0.00028836,1096.9599872444169,1096.9825455099995,-0.4,3.6045,0.8,3.5758021680216787,long_nclose,2.860641734417343,0.002607790409569383,13.0
1642083540000.0,72391,1642083540000.0,0.00573956639566422,-0.00014418,1096.9655826308126,1096.9735013299996,-0.2,3.6045,0.6,3.5758021680216787,long_nclose,2.145481300813007,0.0019558328308419463,1.0
1642083840000.0,72396,1642083840000.0,0.00573956639566422,-0.00014418,1096.9711780172083,1096.9888571499996,-0.2,3.6045,0.4,3.5758021680216787,long_nclose,1.4303208672086716,0.0013038819030724196,5.0
1642083960000.0,72398,1642083960000.0,0.012179566395664221,-0.000145468,1096.983212115604,1096.9942516819997,-0.2,3.6367,0.2,3.5758021680216787,long_nclose,0.7151604336043358,0.0006519337996295331,2.0
1642084020000.0,72399,1642084020000.0,0.006089783197832111,-7.2734e-05,1096.9892291648018,1096.9954489479996,-0.1,3.6367,0.1,3.5758021680216787,long_nclose,0.3575802168021679,0.00032596511186751883,1.0
1642084140000.0,72401,1642084140000.0,0.009309783197832112,-7.3378e-05,1096.9984655699996,1096.9984655699996,-0.1,3.6689,0.0,3.5758021680216787,long_nclose,0.0,0.0,2.0
1642087140000.0,72451,1642087140000.0,0.0,-0.008743086,1096.9897224839995,1096.9146924839995,12.3,3.5541,12.3,3.5541,long_ientry_normal,43.715430000000005,0.03985035511637406,50.0
1642091580000.0,72525,1642091580000.0,0.11684999999999895,-0.0029377319999999998,1097.1036347519994,1097.5784147519994,-4.1,3.5826,8.2,3.5541,long_nclose,29.14362,0.026564144969392908,74.0
1642091580000.0,72525,1642091580000.0,0.24804999999999905,-0.002963972,1097.3487207799992,1097.5861107799992,-4.1,3.6146,4.1,3.5541,long_nclose,14.57181,0.01327910601621908,0.0
1642091880000.0,72530,1642091880000.0,0.12099999999999955,-0.00144584,1097.4682749399992,1097.6423649399992,-2.0,3.6146,2.1,3.5541,long_nclose,7.46361,0.006800752395697315,5.0
1642091940000.0,72531,1642091940000.0,0.1942499999999996,-0.0015315720000000001,1097.6609933679993,1097.6609933679993,-2.1,3.6466,0.0,3.5541,long_nclose,0.0,0.0,1.0
1642391940000.0,77531,1642391940000.0,0.0,-0.008763920000000001,1097.6522294479992,1097.7336294479992,11.0,3.9836,11.0,3.9836,long_ientry_normal,43.8196,0.0399212053001856,5000.0
1642392300000.0,77537,1642392300000.0,0.11484000000000094,-0.0028911600000000007,1097.7641782879991,1098.2777382879992,-3.6,4.0155,7.4,3.9836,long_nclose,29.478640000000002,0.026853344810333447,6.0
1642392300000.0,77537,1642392300000.0,0.2440800000000003,-0.0029170080000000004,1098.0053412799991,1098.269061279999,-3.6,4.0514,3.8,3.9836,long_nclose,15.13768,0.013786526741621546,0.0
1642392540000.0,77541,1642392540000.0,0.12882000000000016,-0.0015395320000000001,1098.132621747999,1098.308181747999,-1.9,4.0514,1.9,3.9836,long_nclose,7.56884,0.006892464398290963,4.0
1642392900000.0,77547,1642392900000.0,0.19702999999999982,-0.001553174,1098.3280985739991,1098.3280985739991,-1.9,4.0873,0.0,3.9836,long_nclose,0.0,0.0,6.0
1642395420000.0,77589,1642395420000.0,0.0,-0.00875358,1098.319344993999,1098.3424449939992,11.0,3.9789,11.0,3.9789,long_ientry_normal,43.7679,0.03984988537212657,42.0
1642395960000.0,77598,1642395960000.0,0.0,-0.00876202,1098.310582973999,1097.724882973999,11.3,3.877,22.3,3.9272645739910312,long_rentry,87.578,0.07973882921428,9.0
1642396200000.0,77602,1642396200000.0,0.23336215246636957,-0.005859024,1098.5380861024653,1099.1450439499988,-7.4,3.9588,14.9,3.9272645739910312,long_nclose,58.51624215246637,0.05326737679171217,4.0
1642396560000.0,77608,1642396560000.0,0.15452358744394742,-0.003879624000000001,1098.688730065909,1099.0660843259989,-4.9,3.9588,10.0,3.9272645739910312,long_nclose,39.27264573991031,0.03574501554917596,6.0
1642396920000.0,77614,1642396920000.0,0.33417713004484373,-0.0039941,1099.0189130959538,1099.3725902259987,-5.0,3.9941,5.0,3.9272645739910312,long_nclose,19.636322869955155,0.017867138259376556,6.0
1642397460000.0,77623,1642397460000.0,0.16708856502242186,-0.00199705,1099.1840046109762,1099.3558431759986,-2.5,3.9941,2.5,3.9272645739910312,long_nclose,9.818161434977577,0.008932227355739612,9.0
1642397880000.0,77630,1642397880000.0,0.0802025112107625,-0.000958584,1099.2632485381869,1099.3539045919986,-1.2,3.9941,1.3,3.9272645739910312,long_nclose,5.105443946188341,0.004644423392647412,7.0
1642398480000.0,77640,1642398480000.0,0.0,-0.007781200000000001,1099.255467338187,1099.1223233919986,9.8,3.97,11.1,3.9649949501070583,long_ientry_partial,44.01144394618834,0.04003750288616775,10.0
1642399080000.0,77650,1642399080000.0,0.11767868460388407,-0.002957632,1099.3701883907906,1099.6366257599984,-3.7,3.9968,7.4,3.9649949501070583,long_nclose,29.340962630792234,0.02668888327210349,10.0
1642399500000.0,77657,1642399500000.0,0.07633211974305994,-0.001918464,1099.4446020465336,1099.6246272959984,-2.4,3.9968,5.0,3.9649949501070583,long_nclose,19.82497475053529,0.018031808709263374,7.0
1642400400000.0,77672,1642400400000.0,0.05088807982870663,-0.0012789760000000002,1099.4942111503622,1099.5996283199981,-1.6,3.9968,3.4,3.9649949501070583,long_nclose,13.480982830363997,0.012261076678393166,15.0
1642400460000.0,77673,1642400460000.0,0.03498555488223581,-0.0008792960000000001,1099.5283174092444,1099.6111290239983,-1.1,3.9968,2.3,3.9649949501070583,long_nclose,9.119488385246234,0.008294000473524831,1.0
1642401720000.0,77694,1642401720000.0,0.022263534925059145,-0.0005595519999999999,1099.5500213921696,1099.5964294719984,-0.7,3.9968,1.6,3.9649949501070583,long_nclose,6.343991920171294,0.005769625571139543,21.0
1642402740000.0,77711,1642402740000.0,0.0,-0.00751754,1099.5425038521696,1099.5335119319984,9.5,3.9566,11.1,3.9578100828983147,long_ientry_partial,43.93169192017129,0.039954519053387844,17.0
1642403400000.0,77722,1642403400000.0,0.11725269327623576,-0.00295223,1099.656804315446,1099.9468097019983,-3.7,3.9895,7.4,3.9578100828983147,long_nclose,29.28779461344753,0.026633577402069234,11.0
1642404660000.0,77743,1642404660000.0,0.0,-0.0029203360000000004,1099.653883979446,1099.4429093659985,3.7,3.9464,11.1,3.9540067219322106,long_ientry_partial,43.88947461344753,0.039912080749098584,21.0
1642405980000.0,77765,1642405980000.0,0.11726512885082091,-0.002949418,1099.7681996902968,1100.0197499479984,-3.7,3.9857,7.4,3.9540067219322106,long_nclose,29.25964974229836,0.026605288051189425,22.0
1642406400000.0,77772,1642406400000.0,0.07606386736269463,-0.0019131360000000002,1099.8423504216596,1100.0373168119986,-2.4,3.9857,5.0,3.9540067219322106,long_nclose,19.770033609661052,0.017975334012262374,7.0
1642407240000.0,77786,1642407240000.0,0.0507092449084631,-0.0012754240000000003,1099.891784242568,1100.0005613879985,-1.6,3.9857,3.4,3.9540067219322106,long_nclose,13.443622854569515,0.012222677764456038,14.0
1642408260000.0,77803,1642408260000.0,0.0,-0.006127992,1099.885656250568,1099.6164733959984,7.8,3.9282,11.2,3.9360341834437076,long_ientry_partial,44.08358285456952,0.0400801506993439,17.0
1642411980000.0,77865,1642411980000.0,0.0,-0.00882073,1099.876835520568,1098.7441026659985,11.5,3.8351,22.7,3.8849001257519618,long_rentry,88.18723285456953,0.0801791891660586,62.0
1642414080000.0,77900,1642414080000.0,0.23399905686028788,-0.005874150000000001,1100.1049604274283,1100.8360785159985,-7.5,3.9161,15.2,3.8849001257519618,long_nclose,59.05048191142981,0.0536771344876826,35.0
1642420140000.0,78001,1642420140000.0,0.15599937124019192,-0.0039161000000000005,1100.2570436986684,1100.6558624159984,-5.0,3.9161,10.2,3.8849001257519618,long_nclose,39.625981282670004,0.03601520345596853,101.0
1642422540000.0,78041,1642422540000.0,0.10607957244333051,-0.002662948,1100.3604603231117,1100.7487394679983,-3.4,3.9161,6.8,3.8849001257519618,long_nclose,26.41732085511334,0.024007879061154296,40.0
1642424100000.0,78067,1642424100000.0,0.06863972334568445,-0.0017230840000000002,1100.4273769624574,1100.6072363839983,-2.2,3.9161,4.6,3.8849001257519618,long_nclose,17.87054057845902,0.01623963648358841,26.0
1642424400000.0,78072,1642424400000.0,0.046799811372057576,-0.0011748300000000002,1100.4730019438293,1100.5694115539982,-1.5,3.9161,3.1,3.8849001257519618,long_nclose,12.043190389831082,0.010943649111389826,5.0
1642424460000.0,78073,1642424460000.0,0.031199874248038384,-0.00078322,1100.5034185980774,1100.5708283339982,-1.0,3.9161,2.1,3.8849001257519618,long_nclose,8.15829026407912,0.007413234821634541,1.0
1642424820000.0,78079,1642424820000.0,0.021839911973626867,-0.0005482540000000001,1100.5247102560509,1100.5640500799982,-0.7,3.9161,1.4,3.8849001257519618,long_nclose,5.438860176052746,0.004942060932723016,6.0
1642425360000.0,78088,1642425360000.0,0.012479949699215355,-0.000313288,1100.53687691775,1100.5709767919982,-0.4,3.9161,1.0,3.8849001257519618,long_nclose,3.8849001257519618,0.0035300044980158393,9.0
1642425480000.0,78090,1642425480000.0,0.009359962274411516,-0.00023496600000000003,1100.5460019140244,1100.567071825998,-0.3,3.9161,0.7,3.8849001257519618,long_nclose,2.719430088026373,0.002470982660694648,2.0
1642425600000.0,78092,1642425600000.0,0.006239974849607677,-0.000156644,1100.552085244874,1100.568135181998,-0.2,3.9161,0.5,3.8849001257519618,long_nclose,1.9424500628759809,0.0017649778587660245,2.0
1642434060000.0,78233,1642434060000.0,0.0031199874248038387,-7.8322e-05,1100.5551269102987,1100.5651668599978,-0.1,3.9161,0.4,3.8849001257519618,long_nclose,1.5539600503007849,0.001411978384638829,141.0
1642434120000.0,78234,1642434120000.0,0.0031199874248038387,-7.8322e-05,1100.5581685757234,1100.5647985379978,-0.1,3.9161,0.3,3.8849001257519618,long_nclose,1.1654700377255884,0.0010589808617148062,1.0
1642434360000.0,78238,1642434360000.0,0.0031199874248038387,-7.8322e-05,1100.561210241148,1100.5664302159976,-0.1,3.9161,0.2,3.8849001257519618,long_nclose,0.7769800251503924,0.0007059852899777791,4.0
1642439640000.0,78326,1642439640000.0,0.0,-0.008647812000000001,1100.552562429148,1100.3381224039977,11.4,3.7929,11.6,3.794486209064689,long_ientry_partial,44.016040025150396,0.03999449142892172,88.0
1642455960000.0,78598,1642455960000.0,0.0,-0.008799336000000001,1100.543763093148,1099.3400430679976,11.9,3.6972,23.5,3.745222128729804,long_rentry,88.0127200251504,0.07997203107833264,272.0
1642461180000.0,78685,1642461180000.0,0.23460739590752802,-0.005889468,1100.7724810210555,1101.2399935999974,-7.8,3.7753,15.7,3.745222128729804,long_nclose,58.79998742105792,0.05341702162332054,87.0
1642461240000.0,78686,1642461240000.0,0.15640493060501867,-0.003926312,1100.9249596396605,1101.2166272879977,-5.2,3.7753,10.5,3.745222128729804,long_nclose,39.32483235166294,0.03571981178856568,1.0
1642461360000.0,78688,1642461360000.0,0.10527254944568565,-0.00264271,1101.0275894791064,1101.2430345779978,-3.5,3.7753,7.0,3.745222128729804,long_nclose,26.21655490110863,0.02381098816380398,2.0
1642461600000.0,78692,1642461600000.0,0.06917910392145056,-0.001736638,1101.0950319450278,1101.2349879399978,-2.3,3.7753,4.7,3.745222128729804,long_nclose,17.60254400503008,0.01598639853449896,4.0
1642461660000.0,78693,1642461660000.0,0.04511680690529385,-0.0011325900000000002,1101.1390161619331,1101.2439053499977,-1.5,3.7753,3.2,3.745222128729804,long_nclose,11.984710811935374,0.010883921681123055,1.0
1642461900000.0,78697,1642461900000.0,0.0300778712701959,-0.0007550600000000001,1101.1683389732032,1101.2338502899977,-1.0,3.7753,2.2,3.745222128729804,long_nclose,8.23948868320557,0.007482496900418127,4.0
1642461960000.0,78698,1642461960000.0,0.021054509889137128,-0.000528542,1101.1888649410923,1101.2350317479977,-0.7,3.7753,1.5,3.745222128729804,long_nclose,5.6178331930947065,0.0051016073372620145,1.0
1642464000000.0,78732,1642464000000.0,0.01503893563509795,-0.00037753000000000005,1101.2035263467276,1101.238304217998,-0.5,3.7753,1.0,3.745222128729804,long_nclose,3.745222128729804,0.0034010262763638976,34.0
1642464060000.0,78733,1642464060000.0,0.03188893563509798,-0.00038090000000000004,1101.2350343823628,1101.2744233179978,-0.5,3.809,0.5,3.745222128729804,long_nclose,1.872611064364902,0.0017004644838739373,1.0
1642464120000.0,78734,1642464120000.0,0.04873893563509779,-0.00038427,1101.2833890479978,1101.2833890479978,-0.5,3.8427,0.0,3.745222128729804,long_nclose,0.0,0.0,1.0
1642496040000.0,79266,1642496040000.0,0.0,-0.008781212,1101.2746078359978,1101.2552478359978,12.1,3.6286,12.1,3.6286,long_ientry_normal,43.90606,0.03986840310998844,532.0
1642496460000.0,79273,1642496460000.0,0.1164000000000005,-0.00292616,1101.388081675998,1101.682921675998,-4.0,3.6577,8.1,3.6286,long_nclose,29.391659999999998,0.026686016027406334,7.0
1642496820000.0,79279,1642496820000.0,0.0,-0.0029719259999999997,1101.3851097499978,1101.4198197499977,4.1,3.6243,12.2,3.6271549180327867,long_ientry_partial,44.25129,0.040177853875330266,6.0
1642498260000.0,79303,1642498260000.0,0.1161803278688538,-0.0029249600000000003,1101.4983651178668,1101.7840947899979,-4.0,3.6562,8.2,3.6271549180327867,long_nclose,29.742670327868847,0.027002010415772344,24.0
1642498860000.0,79313,1642498860000.0,0.07842172131147632,-0.0019743480000000003,1101.5748124911784,1101.694960441998,-2.7,3.6562,5.5,3.6271549180327867,long_nclose,19.949352049180327,0.018109847668053944,10.0
1642499100000.0,79317,1642499100000.0,0.05228114754098421,-0.001316232,1101.6257774067194,1101.743604209998,-1.8,3.6562,3.7,3.6271549180327867,long_nclose,13.42047319672131,0.012182424805194516,4.0
1642499220000.0,79319,1642499220000.0,0.03485409836065614,-0.000877488,1101.65975401708,1101.7343667219982,-1.2,3.6562,2.5,3.6271549180327867,long_nclose,9.067887295081967,0.008231114245588913,2.0
1642500000000.0,79332,1642500000000.0,0.02323606557377076,-0.0005849920000000001,1101.682405090654,1101.7365417299982,-0.8,3.6562,1.7,3.6271549180327867,long_nclose,6.166163360655737,0.005597042606982857,13.0
1642500960000.0,79348,1642500960000.0,0.014522540983606724,-0.00036562000000000004,1101.6965620116375,1101.7407761099983,-0.5,3.6562,1.2,3.6271549180327867,long_nclose,4.352585901639344,0.003950802836029333,16.0
1642502100000.0,79367,1642502100000.0,0.01161803278688538,-0.00029249600000000005,1101.7078875484244,1101.7293636139982,-0.4,3.6562,0.8,3.6271549180327867,long_nclose,2.9017239344262293,0.002633841481232644,19.0
1642502280000.0,79370,1642502280000.0,0.00580901639344269,-0.00014624800000000003,1101.7135503168179,1101.7314573659983,-0.2,3.6562,0.6,3.6271549180327867,long_nclose,2.176292950819672,0.001975370957535958,3.0
1642505880000.0,79430,1642505880000.0,0.0,-0.008396154,1101.705154162818,1101.4344912119982,11.7,3.5881,12.3,3.5900051179528183,long_ientry_partial,44.157062950819665,0.04008065387002248,60.0
1642524360000.0,79738,1642524360000.0,0.11805901639344415,-0.0029674159999999996,1101.8202457632115,1102.0334037959983,-4.1,3.6188,8.2,3.5900051179528183,long_nclose,29.438041967213106,0.02671764480677326,308.0
1642524420000.0,79739,1642524420000.0,0.07774618152739006,-0.001954152,1101.8960377927388,1101.9620096439983,-2.7,3.6188,5.5,3.5900051179528183,long_nclose,19.745028148740502,0.017919138894711632,1.0
1642524540000.0,79741,1642524540000.0,0.05183078768492671,-0.0013027680000000002,1101.9465658124236,1102.0612468759982,-1.8,3.6188,3.7,3.5900051179528183,long_nclose,13.283018936425428,0.012054140689328578,2.0
1642524660000.0,79743,1642524660000.0,0.0345538584566178,-0.000868512,1101.9802511588803,1102.0527383639983,-1.2,3.6188,2.5,3.5900051179528183,long_nclose,8.975012794882046,0.008144440687973868,2.0
1642526040000.0,79766,1642526040000.0,0.023035905637745203,-0.000579008,1102.002708056518,1102.0536993559983,-0.8,3.6188,1.7,3.5900051179528183,long_nclose,6.103008700519791,0.005538106808542242,23.0
1642526220000.0,79769,1642526220000.0,0.014397441023590751,-0.00036187999999999997,1102.0167436175418,1102.0515374759984,-0.5,3.6188,1.2,3.5900051179528183,long_nclose,4.308006141543382,0.003909202075643316,3.0
1642526880000.0,79780,1642526880000.0,0.011517952818872601,-0.000289504,1102.0279720663607,1102.0463679719985,-0.4,3.6188,0.8,3.5900051179528183,long_nclose,2.872004094362255,0.0026061081634589506,11.0
1642527720000.0,79794,1642527720000.0,0.005758976409436301,-0.000144752,1102.03358629077,1102.0587832199983,-0.2,3.6188,0.6,3.5900051179528183,long_nclose,2.154003070771691,0.0019545711651326753,14.0
1642528560000.0,79808,1642528560000.0,0.018328464614154515,-0.000219066,1102.0516956893841,1102.0750941539982,-0.3,3.6511,0.3,3.5900051179528183,long_nclose,1.0770015353858455,0.0009772695233794195,14.0
1642528740000.0,79811,1642528740000.0,0.02804846461415451,-0.00022100999999999997,1102.0795231439984,1102.0795231439984,-0.3,3.6835,0.0,3.5900051179528183,long_nclose,0.0,0.0,3.0
1642575960000.0,80598,1642575960000.0,0.0,-0.008826972,1102.0706961719984,1102.2650361719984,12.3,3.5882,12.3,3.5882,long_ientry_normal,44.13486,0.04004721308106712,787.0
1642590300000.0,80837,1642590300000.0,0.11807999999999973,-0.00296594,1102.1858102319984,1102.4383702319983,-4.1,3.617,8.2,3.5882,long_nclose,29.423239999999996,0.026695353657117685,239.0
1642590720000.0,80844,1642590720000.0,0.2505100000000006,-0.0029924260000000003,1102.4333278059985,1102.7195078059985,-4.1,3.6493,4.1,3.5882,long_nclose,14.711619999999998,0.013344680017319728,7.0
1642591620000.0,80859,1642591620000.0,0.12220000000000031,-0.00145972,1102.5540680859986,1102.6964480859986,-2.0,3.6493,2.1,3.5882,long_nclose,7.535220000000001,0.006834331501838201,15.0
1642593360000.0,80888,1642593360000.0,0.061100000000000154,-0.00072986,1102.6144382259984,1102.6868182259984,-1.0,3.6493,1.1,3.5882,long_nclose,3.94702,0.0035796919241783006,29.0
1642593960000.0,80898,1642593960000.0,0.10273999999999993,-0.0008099520000000001,1102.7163682739983,1102.7163682739983,-1.1,3.6816,0.0,3.5882,long_nclose,0.0,0.0,10.0
1642607280000.0,81120,1642607280000.0,0.0,-0.008804744000000001,1102.7075635299984,1102.6294435299985,12.4,3.5503,12.4,3.5503,long_ientry_normal,44.023720000000004,0.039923295582621046,222.0
1642608120000.0,81134,1642608120000.0,0.11685000000000077,-0.0029346159999999997,1102.8214789139986,1103.1260889139985,-4.1,3.5788,8.3,3.5503,long_nclose,29.46749,0.026720090752147898,14.0
1642608180000.0,81135,1642608180000.0,0.24804999999999905,-0.002960856,1103.0665680579984,1103.3845080579983,-4.1,3.6108,4.2,3.5503,long_nclose,14.91126,0.013518005559947291,1.0
1642608300000.0,81137,1642608300000.0,0.12704999999999952,-0.001516536,1103.1921015219984,1103.3006715219985,-2.1,3.6108,2.1,3.5503,long_nclose,7.45563,0.006758233665482176,2.0
1642608540000.0,81141,1642608540000.0,0.019950000000000134,-0.000501032,1103.2115504899984,1103.2405304899985,-0.7,3.5788,1.4,3.5503,long_nclose,4.97042,0.004505409681209697,4.0
1642608720000.0,81144,1642608720000.0,0.0,-0.007868346,1103.2036821439985,1103.2040321439986,11.1,3.5443,12.5,3.5449719999999996,long_ientry_partial,44.312149999999995,0.04016678943083516,3.0
1642608900000.0,81147,1642608900000.0,0.11655480000000139,-0.002930188,1103.3173067559985,1103.6787419559985,-4.1,3.5734,8.4,3.5449719999999996,long_nclose,29.777764799999996,0.02698930273064721,3.0
1642609560000.0,81158,1642609560000.0,0.07959840000000096,-0.002001104,1103.3949040519983,1103.5238608519983,-2.8,3.5734,5.6,3.5449719999999996,long_nclose,19.851843199999998,0.017991603121509853,11.0
1642609620000.0,81159,1642609620000.0,0.051170400000000615,-0.0012864240000000002,1103.4447880279984,1103.6158944279985,-1.8,3.5734,3.8,3.5449719999999996,long_nclose,13.470893599999998,0.012208035912765754,1.0
1642610760000.0,81178,1642610760000.0,0.03411360000000041,-0.0008576160000000001,1103.4780440119982,1103.5587168119982,-1.2,3.5734,2.6,3.5449719999999996,long_nclose,9.216927199999999,0.008352614943283623,19.0
1642611180000.0,81185,1642611180000.0,0.022742400000000274,-0.000571744,1103.5002146679983,1103.5614650679984,-0.8,3.5734,1.8,3.5449719999999996,long_nclose,6.380949599999999,0.005782463397091216,7.0
1642611300000.0,81187,1642611300000.0,0.05429520000000054,-0.0006489540000000001,1103.5538609139983,1103.6159861139984,-0.9,3.6053,0.9,3.5449719999999996,long_nclose,3.1904747999999996,0.0028910911492417302,2.0
1642612800000.0,81212,1642612800000.0,0.02413120000000024,-0.000288424,1103.5777036899983,1103.6057176899983,-0.4,3.6053,0.5,3.5449719999999996,long_nclose,1.7724859999999998,0.001606127048483667,25.0
1642612980000.0,81215,1642612980000.0,0.01206560000000012,-0.000144212,1103.5896250779983,1103.6082334779983,-0.2,3.6053,0.3,3.5449719999999996,long_nclose,1.0634915999999999,0.0009636658190990474,3.0
1642613400000.0,81222,1642613400000.0,0.00603280000000006,-7.2106e-05,1103.5955857719982,1103.6077913719982,-0.1,3.6053,0.2,3.5449719999999996,long_nclose,0.7089943999999999,0.0006424404094585401,7.0
1642613820000.0,81229,1642613820000.0,0.00603280000000006,-7.2106e-05,1103.6015464659981,1103.6091492659982,-0.1,3.6053,0.1,3.5449719999999996,long_nclose,0.35449719999999996,0.0003212184697775992,7.0
1642614660000.0,81243,1642614660000.0,0.009232800000000064,-7.274600000000001e-05,1103.6107065199983,1103.6107065199983,-0.1,3.6373,0.0,3.5449719999999996,long_nclose,0.0,0.0,14.0
1642666560000.0,82108,1642666560000.0,0.0,-0.008849152,1103.6018573679983,1103.8232973679983,12.8,3.4567,12.8,3.4567,long_ientry_normal,44.245760000000004,0.040092139846087775,865.0
1642666620000.0,82109,1642666620000.0,0.11633999999999932,-0.002926896,1103.7152704719983,1103.9328504719983,-4.2,3.4844,8.6,3.4567,long_nclose,29.727619999999998,0.026934138536732512,1.0
1642666680000.0,82110,1642666680000.0,0.07755999999999953,-0.0019512639999999999,1103.7908792079984,1103.9144192079984,-2.8,3.4844,5.8,3.4567,long_nclose,20.04886,0.018163639850318054,1.0
1642667640000.0,82126,1642667640000.0,0.052629999999999684,-0.001324072,1103.8421851359983,1103.9798551359984,-1.9,3.4844,3.9,3.4567,long_nclose,13.48113,0.012212914292942216,16.0
1642668780000.0,82145,1642668780000.0,0.0,-0.00613655,1103.8360485859982,1103.9985685859983,8.9,3.4475,12.8,3.450303125,long_ientry_partial,44.163880000000006,0.04000945616568099,19.0
1642668840000.0,82146,1642668840000.0,0.11632687500000075,-0.0029215200000000004,1103.9494539409982,1104.2306470659983,-4.2,3.478,8.6,3.450303125,long_nclose,29.672606875,0.026878591922004688,1.0
1642668960000.0,82148,1642668960000.0,0.07755125000000049,-0.0019476800000000002,1104.025057510998,1104.191499385998,-2.8,3.478,5.8,3.450303125,long_nclose,20.011758125,0.018126181094219092,2.0
1642669860000.0,82163,1642669860000.0,0.05262406250000033,-0.00132164,1104.076359933498,1104.196077745998,-1.9,3.478,3.9,3.450303125,long_nclose,13.4561821875,0.012187727838236214,15.0
1642671660000.0,82193,1642671660000.0,0.03600593750000023,-0.0009042800000000001,1104.111461590998,1104.175673465998,-1.3,3.478,2.6,3.450303125,long_nclose,8.970788125,0.008124893579198345,30.0
1642671780000.0,82195,1642671780000.0,0.022157500000000142,-0.0005564800000000001,1104.1330626109982,1104.1829169859982,-0.8,3.478,1.8,3.450303125,long_nclose,6.210545625,0.005624816279220563,2.0
1642671840000.0,82196,1642671840000.0,0.016618125000000105,-0.0004173600000000001,1104.149263375998,1104.183699625998,-0.6,3.478,1.2,3.450303125,long_nclose,4.14036375,0.0037498224989442152,1.0
1642672320000.0,82204,1642672320000.0,0.011078750000000071,-0.0002782400000000001,1104.1600638859982,1104.1806213859982,-0.4,3.478,0.8,3.450303125,long_nclose,2.7602425000000004,0.0024998572129891748,8.0
1642672560000.0,82208,1642672560000.0,0.005539375000000036,-0.00013912000000000004,1104.165464140998,1104.182682265998,-0.2,3.478,0.6,3.450303125,long_nclose,2.070181875,0.0018748837400113115,4.0
1642672680000.0,82210,1642672680000.0,0.005539375000000036,-0.00013912000000000004,1104.1708643959978,1104.1827431459978,-0.2,3.478,0.4,3.450303125,long_nclose,1.3801212500000002,0.0012499163802469578,2.0
1642672860000.0,82213,1642672860000.0,0.002769687500000018,-6.956000000000002e-05,1104.1735645234978,1104.1821735859978,-0.1,3.478,0.3,3.450303125,long_nclose,1.0350909375,0.0009374349927918169,3.0
1642675320000.0,82254,1642675320000.0,0.005879687500000008,-7.018200000000001e-05,1104.179374028998,1104.189913403998,-0.1,3.5091,0.2,3.450303125,long_nclose,0.6900606250000001,0.0006249533737277343,41.0
1642676400000.0,82272,1642676400000.0,0.005879687500000008,-7.018200000000001e-05,1104.185183534498,1104.191153221998,-0.1,3.5091,0.1,3.450303125,long_nclose,0.34503031250000005,0.00031247504281442864,18.0
1642677420000.0,82289,1642677420000.0,0.005879687500000008,-7.018200000000001e-05,1104.1909930399981,1104.1909930399981,-0.1,3.5091,0.0,3.450303125,long_nclose,0.0,0.0,17.0
1642714740000.0,82911,1642714740000.0,0.0,-0.008847467999999999,1104.182145571998,1104.133005571998,12.6,3.5109,12.6,3.5109,long_ientry_normal,44.237339999999996,0.04006344440308241,622.0
1642719000000.0,82982,1642719000000.0,0.0,-0.008825922,1104.1733196499981,1103.016369649998,12.9,3.4209,25.5,3.465370588235294,long_rentry,88.36694999999999,0.08002996307500948,71.0
1642722720000.0,83044,1642722720000.0,0.0,-0.008839775999999999,1104.164479873998,1101.785449873998,13.2,3.3484,38.7,3.425473643410852,long_rentry,132.56582999999998,0.12005985740016538,62.0
1642730040000.0,83166,1642730040000.0,0.0,-0.013194042,1104.1512858319982,1098.067645831998,20.1,3.2821,58.8,3.3764632653061226,long_rentry,198.53604,0.17980872960755506,122.0
1642734720000.0,83244,1642734720000.0,0.0,-0.019484619999999998,1104.1318012119982,1094.0219612119981,30.5,3.1942,89.3,3.3142120940649495,long_rentry,295.95914,0.26804693033488175,78.0
1642743000000.0,83382,1642743000000.0,0.0,-0.028483760000000004,1104.1033174519982,1083.1021774519982,46.3,3.076,135.6,3.232875663716814,long_rentry,438.37793999999997,0.39704431013908154,138.0
1642772160000.0,83868,1642772160000.0,0.0,-0.04099896,1104.0623184919982,1064.5942784919982,70.3,2.916,205.9,3.1246854783875664,long_rentry,643.3727399999999,0.5827322690251409,486.0
1642784520000.0,84074,1642784520000.0,1.7228561826129414,-0.043215255999999994,1105.7419594186113,1109.0803432359985,-68.6,3.1498,137.3,3.1246854783875664,long_nclose,429.0193161826129,0.3879922549092622,206.0
1642784580000.0,84075,1642784580000.0,1.1477336376882132,-0.028789172000000002,1106.8609038842994,1109.4545140639984,-45.7,3.1498,91.6,3.1246854783875664,long_nclose,286.22118982030105,0.25858821900373113,1.0
1642784760000.0,84078,1642784760000.0,0.7659929091792232,-0.01921378,1107.6076830134787,1109.8265002839983,-30.5,3.1498,61.1,3.1246854783875664,long_nclose,190.91828272948032,0.1723699516150404,3.0
1642784820000.0,84079,1642784820000.0,1.6230429091792304,-0.01938519,1109.2113407326578,1111.2099650939983,-30.5,3.1779,30.6,3.1246854783875664,long_nclose,95.61537563865953,0.08620122435414655,1.0
1642784880000.0,84080,1642784880000.0,2.4882243613404675,-0.01962072,1111.6799443739983,1111.6799443739983,-30.6,3.206,0.0,3.1246854783875664,long_nclose,0.0,0.0,1.0
1642785900000.0,84097,1642785900000.0,0.0,-0.008895002,1111.6710493719984,1111.5384393719983,14.9,2.9849,14.9,2.9849,long_ientry_normal,44.475010000000005,0.040007347519866315,17.0
1642785960000.0,84098,1642785960000.0,0.11710999999999908,-0.0029486240000000004,1111.7852107479982,1112.1662107479983,-4.9,3.0088,10.0,2.9849,long_nclose,29.849,0.026847811709887637,1.0
1642785960000.0,84098,1642785960000.0,0.24891999999999873,-0.002974986,1112.0311557619982,1112.2254657619983,-4.9,3.0357,5.1,2.9849,long_nclose,15.22299,0.013689355663393023,0.0
1642786020000.0,84099,1642786020000.0,0.0,-0.005849424000000001,1112.0253063379982,1112.1806963379981,9.8,2.9844,14.9,2.9845711409395976,long_ientry_partial,44.470110000000005,0.03999019603829357,1.0
1642788720000.0,84144,1642788720000.0,0.11725140939597246,-0.0029483300000000003,1112.1396094173942,1112.3938980079984,-4.9,3.0085,10.0,2.9845711409395976,long_nclose,29.845711409395975,0.026836299288927366,45.0
1642789800000.0,84162,1642789800000.0,0.07896523489932838,-0.00198561,1112.2165890422934,1112.3802623979982,-3.3,3.0085,6.7,2.9845711409395976,long_nclose,19.996626644295304,0.017979076055243865,18.0
1642790280000.0,84170,1642790280000.0,0.16773523489932812,-0.002003364,1112.3823209131926,1112.601379033998,-3.3,3.0354,3.4,2.9845711409395976,long_nclose,10.147541879194632,0.009122350911568038,8.0
1642790700000.0,84177,1642790700000.0,0.08640906040268419,-0.001032036,1112.4676979375954,1112.550026997998,-1.7,3.0354,1.7,2.9845711409395976,long_nclose,5.073770939597316,0.004560825405540838,7.0
1642790940000.0,84181,1642790940000.0,0.01196442953020127,-0.00030085,1112.4793615171257,1112.5122761479981,-0.5,3.0085,1.2,2.9845711409395976,long_nclose,3.5814853691275172,0.003219372415361778,4.0
1642791000000.0,84182,1642791000000.0,0.030497315436241478,-0.000364248,1112.5094945845617,1112.5457518999979,-0.6,3.0354,0.6,2.9845711409395976,long_nclose,1.7907426845637586,0.0016096426082480005,1.0
1642791240000.0,84186,1642791240000.0,0.015248657718120739,-0.000182124,1112.5245611182797,1112.541189775998,-0.3,3.0354,0.3,2.9845711409395976,long_nclose,0.8953713422818793,0.0008048104047086171,4.0
1642791660000.0,84193,1642791660000.0,0.002392885906040254,-6.0170000000000015e-05,1112.5268938341858,1112.531379605998,-0.1,3.0085,0.2,2.9845711409395976,long_nclose,0.5969142281879195,0.000536539144802809,7.0
1642791780000.0,84195,1642791780000.0,0.002392885906040254,-6.0170000000000015e-05,1112.5292265500918,1112.5345694359978,-0.1,3.0085,0.1,2.9845711409395976,long_nclose,0.29845711409395975,0.0002682690099022955,2.0
1642791780000.0,84195,1642791780000.0,0.005082885906040247,-6.070800000000001e-05,1112.5342487279977,1112.5342487279977,-0.1,3.0354,0.0,2.9845711409395976,long_nclose,0.0,0.0,0.0
1642795560000.0,84258,1642795560000.0,0.0,-0.0088713,1112.5253774279977,1112.4938774279976,15.0,2.9571,15.0,2.9571,long_ientry_normal,44.356500000000004,0.039870101752236875,63.0
1642796100000.0,84267,1642796100000.0,0.0,-0.008874712000000002,1112.5165027159976,1111.6728427159976,15.4,2.8814,30.4,2.918751973684211,long_rentry,88.73006000000001,0.07975617420809708,9.0
1642796280000.0,84270,1642796280000.0,0.2368250657894713,-0.005943244,1112.747384537787,1113.2599194719974,-10.1,2.9422,20.3,2.918751973684211,long_nclose,59.250665065789484,0.053247184301764075,3.0
1642797600000.0,84292,1642797600000.0,0.1571017763157879,-0.003942548000000001,1112.9005437661028,1113.2983169239976,-6.7,2.9422,13.6,2.918751973684211,long_nclose,39.695026842105264,0.03566808109175291,22.0
1642798800000.0,84312,1642798800000.0,0.10551611842105157,-0.0026479800000000003,1113.003411904524,1113.1421689439976,-4.5,2.9422,9.1,2.918751973684211,long_nclose,26.56064296052632,0.023863936692769774,20.0
1642798860000.0,84313,1642798860000.0,0.07034407894736772,-0.0017653200000000003,1113.0719906634713,1113.2138036239976,-3.0,2.9422,6.1,2.918751973684211,long_nclose,17.804387039473685,0.015995719224648697,1.0
1642798920000.0,84314,1642798920000.0,0.04689605263157848,-0.0011768800000000002,1113.117709836103,1113.2130267439977,-2.0,2.9422,4.1,2.918751973684211,long_nclose,11.966883092105263,0.010750779532442516,1.0
1642798980000.0,84315,1642798980000.0,0.0,-0.006511482,1113.111198354103,1113.1533052619977,11.1,2.9331,15.2,2.929229808691136,long_ientry_partial,44.52429309210527,0.039999860892551364,1.0
1642798980000.0,84315,1642798980000.0,0.016861248701523213,-0.000764972,1113.1272946308045,1113.1658002899976,-1.3,2.9422,13.9,2.929229808691136,long_nclose,40.71629434080679,0.03657829121359506,0.0
1642799220000.0,84319,1642799220000.0,0.10796288002077423,-0.002716484,1113.2325410268252,1113.4629038059977,-4.6,2.9527,9.3,2.929229808691136,long_nclose,27.24183722082757,0.024470931469268948,4.0
1642799400000.0,84322,1642799400000.0,0.0727575930574783,-0.0018306740000000002,1113.3034679458826,1113.4384431319975,-3.1,2.9527,6.2,2.929229808691136,long_nclose,18.161224813885045,0.01631291497492026,3.0
1642799520000.0,84324,1642799520000.0,0.0,-0.005275800000000001,1113.2981921458827,1113.2331673319977,9.0,2.931,15.2,2.930277948281911,long_ientry_partial,44.54022481388505,0.04000745274546234,2.0
1642800720000.0,84344,1642800720000.0,0.0,-0.008907912,1113.2892842338827,1111.2810994199976,15.6,2.8551,30.8,2.8922008056456185,long_rentry,89.07978481388506,0.08001494856315436,20.0
1642800840000.0,84346,1642800840000.0,0.0,-0.00894272,1113.2803415138826,1110.5269566999975,16.0,2.7946,46.8,2.858833008843698,long_rentry,133.79338481388507,0.12017941916763529,2.0
1642801620000.0,84359,1642801620000.0,0.0,-0.013312026000000001,1113.2670294878826,1107.2298146739975,24.3,2.7391,71.1,2.8179116007578773,long_rentry,200.35351481388506,0.17996896477393234,13.0
1642805400000.0,84422,1642805400000.0,0.0,-0.019672866000000004,1113.2473566218825,1102.1335118079974,36.9,2.6657,108.0,2.765905970498936,long_rentry,298.7178448138851,0.26833016313673175,63.0
1642809720000.0,84494,1642809720000.0,0.798985062038307,-0.02007432,1114.0262673639209,1116.7690374879974,-36.0,2.7881,72.0,2.765905970498936,long_nclose,199.14522987592338,0.17876170042844086,72.0
1642810920000.0,84514,1642810920000.0,0.532656708025538,-0.013382880000000002,1114.5455411919463,1116.3260546079973,-24.0,2.7881,48.0,2.765905970498936,long_nclose,132.76348658394892,0.11911894281319858,20.0
1642810920000.0,84514,1642810920000.0,1.1302567080255415,-0.013502400000000001,1115.6622954999718,1116.5525522079975,-24.0,2.813,24.0,2.765905970498936,long_nclose,66.38174329197446,0.05949985363826086,0.0
1642811040000.0,84516,1642811040000.0,0.5651283540127707,-0.006751200000000001,1116.2206726539846,1117.1338010079974,-12.0,2.813,12.0,2.765905970498936,long_nclose,33.19087164598723,0.029735044744397074,2.0
1642811040000.0,84516,1642811040000.0,0.8639283540127671,-0.0068109600000000005,1117.0777900479975,1117.0777900479975,-12.0,2.8379,0.0,2.765905970498936,long_nclose,0.0,0.0,0.0
1642811160000.0,84518,1642811160000.0,0.0,-0.00892736,1117.0688626879976,1117.2160626879977,16.0,2.7898,16.0,2.7898,long_ientry_normal,44.6368,0.03995886152675555,2.0
1642811280000.0,84520,1642811280000.0,0.11871999999999869,-0.002980932,1117.1846017559976,1117.5826417559977,-5.3,2.8122,10.7,2.7898,long_nclose,29.850859999999997,0.02671972022625467,2.0
1642811400000.0,84522,1642811400000.0,0.2517499999999993,-0.003007538,1117.4333442179975,1117.8934242179976,-5.3,2.8373,5.4,2.7898,long_nclose,15.06492,0.013481716898776398,2.0
1642811400000.0,84522,1642811400000.0,0.39204,-0.003091392,1117.8222928259975,1117.8222928259975,-5.4,2.8624,0.0,2.7898,long_nclose,0.0,0.0,0.0
1642819740000.0,84661,1642819740000.0,0.0,-0.008962870000000001,1117.8133299559975,1117.7730799559974,16.1,2.7835,16.1,2.7835,long_ientry_normal,44.814350000000005,0.04009108569296102,139.0
1642819980000.0,84665,1642819980000.0,0.11818999999999992,-0.0029741480000000002,1117.9285458079974,1118.0203458079973,-5.3,2.8058,10.8,2.7835,long_nclose,30.0618,0.02689062741328646,4.0
1642820040000.0,84666,1642820040000.0,0.08027999999999995,-0.0020201760000000003,1118.0068056319972,1118.1400056319972,-3.6,2.8058,7.2,2.7835,long_nclose,20.0412,0.017925830056706074,1.0
1642820100000.0,84667,1642820100000.0,0.05351999999999996,-0.0013467840000000002,1118.0589788479972,1118.1621788479972,-2.4,2.8058,4.8,2.7835,long_nclose,13.3608,0.01194999570931976,1.0
1642820160000.0,84668,1642820160000.0,0.03567999999999998,-0.000897856,1118.0937609919972,1118.1593609919971,-1.6,2.8058,3.2,2.7835,long_nclose,8.907200000000001,0.007966415975791993,1.0
1642820220000.0,84669,1642820220000.0,0.022299999999999986,-0.00056116,1118.1154998319973,1118.1693998319975,-1.0,2.8058,2.2,2.7835,long_nclose,6.1237,0.0054768044991059675,1.0
1642820340000.0,84671,1642820340000.0,0.01560999999999999,-0.000392812,1118.1307170199973,1118.1749670199972,-0.7,2.8058,1.5,2.7835,long_nclose,4.17525,0.0037341340654049194,2.0
1642820400000.0,84672,1642820400000.0,0.03318000000000007,-0.000396326,1118.163500693997,1118.2111006939972,-0.7,2.8309,0.8,2.7835,long_nclose,2.2268000000000003,0.0019914797778839313,1.0
1642820640000.0,84676,1642820640000.0,0.018960000000000046,-0.00022647200000000002,1118.1822342219973,1118.2032342219973,-0.4,2.8309,0.4,2.7835,long_nclose,1.1134000000000002,0.0009957232067585794,4.0
1642820880000.0,84680,1642820880000.0,0.009480000000000023,-0.00011323600000000001,1118.1916009859972,1118.2017009859971,-0.2,2.8309,0.2,2.7835,long_nclose,0.5567000000000001,0.0004978574329382496,4.0
1642821360000.0,84688,1642821360000.0,0.002229999999999999,-5.6116e-05,1118.1937748699972,1118.1957248699973,-0.1,2.8058,0.1,2.7835,long_nclose,0.27835000000000004,0.0002489282325260319,8.0
1642821420000.0,84689,1642821420000.0,0.002229999999999999,-5.6116e-05,1118.1959487539973,1118.1959487539973,-0.1,2.8058,0.0,2.7835,long_nclose,0.0,0.0,1.0
1642822680000.0,84710,1642822680000.0,0.0,-0.008938076,1118.1870106779973,1117.8038306779972,16.1,2.7758,16.1,2.7758,long_ientry_normal,44.69038,0.03996682091030784,21.0
1642826460000.0,84773,1642826460000.0,0.0,-0.008925180000000001,1118.1780854979972,1116.8818054979972,16.5,2.7046,32.6,2.739763190184049,long_rentry,89.31627999999999,0.07987661460939977,63.0
1642826640000.0,84776,1642826640000.0,0.23691754601226994,-0.005965272000000001,1118.4090377720097,1118.8938002259974,-10.8,2.7617,21.8,2.739763190184049,long_nclose,59.72683754601227,0.05340339314942815,3.0
1642826760000.0,84778,1642826760000.0,0.15794503067484664,-0.003976848,1118.5630059546845,1118.8292633779974,-7.2,2.7617,14.6,2.739763190184049,long_nclose,40.00054257668711,0.035760652161517685,2.0
1642826940000.0,84781,1642826940000.0,0.10529668711656441,-0.002651232,1118.665651409801,1118.8639721459974,-4.8,2.7617,9.8,2.739763190184049,long_nclose,26.84967926380368,0.02400152291255775,3.0
1642827000000.0,84782,1642827000000.0,0.07019779141104295,-0.001767488,1118.7340817132122,1118.8742446579975,-3.2,2.7617,6.6,2.739763190184049,long_nclose,18.082437055214722,0.01616330220987239,1.0
1642827060000.0,84783,1642827060000.0,0.048260981595092026,-0.001215148,1118.7811275468073,1118.8745695099974,-2.2,2.7617,4.4,2.739763190184049,long_nclose,12.054958036809817,0.010775081684871794,1.0
1642827120000.0,84784,1642827120000.0,0.0,-0.006541192000000001,1118.7745863548073,1118.8060683179974,11.9,2.7484,16.3,2.746068591215326,long_ientry_partial,44.76091803680982,0.040008879878698264,1.0
1642827120000.0,84784,1642827120000.0,0.021883972298543063,-0.0007732759999999999,1118.795697051106,1118.8244750419976,-1.4,2.7617,14.9,2.746068591215326,long_nclose,40.91642200910836,0.036571844275907435,0.0
1642829340000.0,84821,1642829340000.0,0.0,-0.008943184,1118.786753867106,1117.3368118579976,16.7,2.6776,31.6,2.709884240794568,long_rentry,85.63234200910836,0.07654036098757755,37.0
1642829880000.0,84830,1642829880000.0,0.0,-0.008961426,1118.777792441106,1115.8349204319975,17.1,2.6203,48.7,2.6784285833492474,long_rentry,130.43947200910836,0.11659104505864142,9.0
1642830600000.0,84842,1642830600000.0,0.0,-0.012995092,1118.764797349106,1111.6058653399975,25.3,2.5682,74.0,2.64074232444741,long_rentry,195.41493200910836,0.1746702546166457,12.0
1642830780000.0,84845,1642830780000.0,0.0,-0.019206912,1118.7455904371059,1109.6448984279975,38.4,2.5009,112.4,2.592967010757192,long_rentry,291.4494920091084,0.26051453923070744,3.0
1642830780000.0,84845,1642830780000.0,0.0,-0.028107596000000002,1118.717482841106,1115.5284108319975,58.3,2.4106,170.7,2.5306823199127617,long_rentry,431.9874720091084,0.3861452767431763,0.0
1642831560000.0,84858,1642831560000.0,1.1560759969638674,-0.029030380000000005,1119.8445284580698,1122.3842804519975,-56.9,2.551,113.8,2.5306823199127617,long_nclose,287.9916480060723,0.25717109892264434,13.0
1642831680000.0,84860,1642831680000.0,0.770040075306337,-0.019336580000000003,1120.595231953376,1120.1639438719974,-37.9,2.551,75.9,2.5306823199127617,long_nclose,192.07878808137863,0.17140782202558072,2.0
1642832220000.0,84869,1642832220000.0,0.0,-0.018899392,1120.576332561376,1112.2194844799972,39.4,2.3984,115.3,2.485479168095218,long_rentry,286.5757480813786,0.25573960448221617,9.0
1642833360000.0,84888,1642833360000.0,0.0,-0.02766348,1120.548669081376,1102.2377209999972,59.8,2.313,175.1,2.4265742323322597,long_rentry,424.8931480813786,0.37918312680671457,19.0
1642836180000.0,84935,1642836180000.0,0.0,-0.0399066,1120.508762481376,1083.7216143999972,90.8,2.1975,265.9,2.3483495602910067,long_rentry,624.4261480813786,0.5572702052758444,47.0
1642839120000.0,84984,1642839120000.0,1.6701489582168019,-0.041946784,1122.1369646555927,1126.152887615997,-88.6,2.3672,177.3,2.3483495602910067,long_nclose,416.3623770395955,0.3710441685408571,49.0
1642839120000.0,84984,1642839120000.0,3.5484689582167914,-0.042322448,1125.6431111658094,1127.6522051679972,-88.6,2.3884,88.7,2.3483495602910067,long_nclose,208.2986059978123,0.18504853264022642,0.0
1642839540000.0,84991,1642839540000.0,0.5560879714153009,-0.01396648,1126.1852326572248,1126.638138687997,-29.5,2.3672,59.2,2.3483495602910067,long_nclose,139.0222939692276,0.12344531781970329,7.0
1642839600000.0,84992,1642839600000.0,0.371353662267167,-0.009326768000000001,1126.547259551492,1127.4814519199972,-19.7,2.3672,39.5,2.3483495602910067,long_nclose,92.75980763149477,0.08233991680777322,1.0
1642839600000.0,84992,1642839600000.0,0.7889936622671647,-0.009410296,1127.3268429177592,1127.7951216239974,-19.7,2.3884,19.8,2.3483495602910067,long_nclose,46.497321293761935,0.041245643697631715,0.0
1642839660000.0,84993,1642839660000.0,0.39649935311903206,-0.004729032,1127.7186132388783,1128.1309525919974,-9.9,2.3884,9.9,2.3483495602910067,long_nclose,23.248660646880968,0.02061565746450647,1.0
1642839720000.0,84994,1642839720000.0,0.0,-0.004302,1127.7143112388783,1127.8998505919974,9.0,2.39,18.9,2.3681831030095752,long_ientry_partial,44.75866064688097,0.03968971591546998,1.0
1642839780000.0,84995,1642839780000.0,0.11980645103967591,-0.0030078720000000004,1127.831109817918,1128.0178027199975,-6.3,2.3872,12.6,2.3681831030095752,long_nclose,29.839107097920646,0.02645707042319306,1.0
1642839840000.0,84996,1642839840000.0,0.07987096735978394,-0.002005248,1127.908975537278,1128.1090374719975,-4.2,2.3872,8.4,2.3681831030095752,long_nclose,19.892738065280433,0.017636829298042028,1.0
1642839900000.0,84997,1642839900000.0,0.16933096735978434,-0.00202314,1128.076283364638,1128.3065143319977,-4.2,2.4085,4.2,2.3681831030095752,long_nclose,9.946369032640217,0.008817106767792196,1.0
1642839900000.0,84997,1642839900000.0,0.2592109673597838,-0.002041116,1128.3334532159977,1128.3334532159977,-4.2,2.4299,0.0,2.3681831030095752,long_nclose,0.0,0.0,0.0
1642839960000.0,84998,1642839960000.0,0.0,-0.009013560000000002,1128.3244396559976,1128.3430396559977,18.6,2.423,18.6,2.423,long_ientry_normal,45.067800000000005,0.03994223506648516,1.0
1642840080000.0,85000,1642840080000.0,0.12028000000000053,-0.0030285760000000003,1128.4416910799978,1128.6772910799978,-6.2,2.4424,12.4,2.423,long_nclose,30.0452,0.026625389896082836,2.0
1642840140000.0,85001,1642840140000.0,0.0,-0.00297924,1128.4387118399977,1128.5818118399977,6.1,2.442,18.5,2.429264864864865,long_ientry_partial,44.9414,0.03982617711397009,1.0
1642840140000.0,85001,1642840140000.0,0.05385405405405432,-0.0020027680000000003,1128.4905631260517,1128.6019490719978,-4.1,2.4424,14.4,2.429264864864865,long_nclose,34.981414054054056,0.030998410794992756,0.0
1642840200000.0,85002,1642840200000.0,0.09376864864864771,-0.002350848,1128.5819809267002,1128.9250382239975,-4.8,2.4488,9.6,2.429264864864865,long_nclose,23.320942702702702,0.020663933233767768,1.0
1642840200000.0,85002,1642840200000.0,0.19840864864864896,-0.0023717760000000004,1128.7780177993488,1128.9495464479976,-4.8,2.4706,4.8,2.429264864864865,long_nclose,11.660471351351351,0.010330172245987264,0.0
1642840260000.0,85003,1642840260000.0,0.0,-0.0066555,1128.7713622993488,1128.4487909479974,13.5,2.465,18.3,2.45562684980062,long_ientry_partial,44.93797135135135,0.03981140278028586,1.0
1642840380000.0,85005,1642840380000.0,0.12000621621621586,-0.003019866,1128.8883486495652,1129.0515010819977,-6.1,2.4753,12.2,2.45562684980062,long_nclose,29.958647567567564,0.026538184757957377,2.0
1642840380000.0,85005,1642840380000.0,0.2554262162162172,-0.00304695,1129.1407279157813,1129.2223041319976,-6.1,2.4975,6.1,2.45562684980062,long_nclose,14.979323783783782,0.013266126545123645,0.0
1642840440000.0,85006,1642840440000.0,0.0,-0.0060243599999999994,1129.1347035557812,1128.9966797719974,12.2,2.469,18.3,2.4645422832668733,long_ientry_partial,45.101123783783784,0.03994308530395436,1.0
1642840920000.0,85014,1642840920000.0,0.0,-0.009029264,1129.1256742917813,1127.6214305079975,18.8,2.4014,37.1,2.432545654549428,long_rentry,90.2474437837838,0.07992683705504215,8.0
1642841340000.0,85021,1642841340000.0,0.2405184490420356,-0.006032166000000001,1129.360160574823,1130.1402283419973,-12.3,2.4521,24.8,2.432545654549428,long_nclose,60.32713223282582,0.053417089019786604,7.0
1642842480000.0,85040,1642842480000.0,0.0,-0.009028952000000002,1129.351131622823,1127.4393393899973,19.1,2.3636,43.9,2.402548798014256,long_rentry,105.47189223282584,0.09339158502570218,19.0
1642843080000.0,85050,1642843080000.0,0.2810675489918662,-0.007071656000000001,1129.6251275158147,1129.784847733997,-14.6,2.4218,29.3,2.402548798014256,long_nclose,70.3946797818177,0.062316850136491124,10.0
1642843140000.0,85051,1642843140000.0,0.1867366592617193,-0.004698292000000001,1129.8071658830763,1130.4628094419968,-9.7,2.4218,19.6,2.402548798014256,long_nclose,47.08995644107942,0.041679640440475625,1.0
1642843200000.0,85052,1642843200000.0,0.40132177946028996,-0.00478926,1130.2036984025365,1130.4041201819969,-9.8,2.4435,9.8,2.402548798014256,long_nclose,23.54497822053971,0.02083250855913751,1.0
1642843260000.0,85053,1642843260000.0,0.0,-0.00431294,1130.1993854625364,1130.1567072419966,8.9,2.423,18.7,2.4122822577828726,long_ientry_partial,45.10967822053971,0.03991302667544673,1.0
1642843440000.0,85056,1642843440000.0,0.11977000174618953,-0.003015184,1130.3161402802825,1130.5501120579966,-6.2,2.4316,12.5,2.4122822577828726,long_nclose,30.153528222285907,0.02667707480033753,3.0
1642843500000.0,85057,1642843500000.0,0.0,-0.0029658199999999997,1130.3131744602824,1130.2681462379965,6.1,2.431,18.6,2.4184208721659086,long_ientry_partial,44.9826282222859,0.039796606143040696,1.0
1642843500000.0,85057,1642843500000.0,0.05403442411977459,-0.001993912,1130.365214972402,1130.3301123259964,-4.1,2.4316,14.5,2.4184208721659086,long_nclose,35.06710264640567,0.031022807657135696,0.0
1642843620000.0,85059,1642843620000.0,0.09301981360363953,-0.0023402880000000003,1130.4558944980058,1130.6458120379964,-4.8,2.4378,9.7,2.4184208721659086,long_nclose,23.45868246000931,0.020751523853503772,2.0
1642843680000.0,85060,1642843680000.0,0.0,-0.004290880000000001,1130.4516036180057,1130.1420211579964,8.8,2.438,18.5,2.4277341870275304,long_ientry_partial,44.91308246000931,0.0397302125241498,1.0
1642844040000.0,85066,1642844040000.0,0.0,-0.009036592000000001,1130.4425670260057,1129.2329245659964,19.1,2.3656,37.6,2.3961713420215243,long_rentry,90.09604246000931,0.0796997964231266,6.0
1642844280000.0,85070,1642844280000.0,0.0,-0.009030060000000001,1130.4335369660057,1127.8304945059963,19.5,2.3154,57.1,2.368587433625382,long_rentry,135.24634246000932,0.11964112708740031,4.0
1642844820000.0,85079,1642844820000.0,0.0,-0.013436032,1130.4201009340056,1124.1089984739963,29.6,2.2696,86.7,2.3347924159170628,long_rentry,202.42650246000935,0.1790719240508508,9.0
1642845240000.0,85086,1642845240000.0,0.0,-0.0198819,1130.4002190340057,1122.3869165739961,45.0,2.2091,131.7,2.291845121184582,long_rentry,301.8360024600094,0.2670169355752127,7.0
1642845720000.0,85094,1642845720000.0,0.0,-0.029063016,1130.3711560180056,1107.2200735579963,68.3,2.1276,200.0,2.235755412300047,long_rentry,447.15108246000943,0.3955789919792387,8.0
1642846200000.0,85102,1642846200000.0,0.0,-0.04183880200000001,1130.3293172160056,1088.369324755996,103.7,2.0173,303.7,2.1611626356931497,long_rentry,656.3450924600096,0.580667140507851,8.0
1642846980000.0,85115,1642846980000.0,1.7545412678532606,-0.04409284,1132.0397656438588,1142.739331915996,-101.2,2.1785,202.5,2.1611626356931497,long_nclose,437.6354337278628,0.3865901596477517,13.0
1642846980000.0,85115,1642846980000.0,3.7279412678532453,-0.04448752,1135.723219391712,1141.075644395996,-101.2,2.198,101.3,2.1611626356931497,long_nclose,218.92577499571607,0.1927633170280446,0.0
1642847040000.0,85116,1642847040000.0,5.696845004283939,-0.044924524,1141.375139871996,1141.375139871996,-101.3,2.2174,0.0,2.1611626356931497,long_nclose,0.0,0.0,1.0
1642847220000.0,85119,1642847220000.0,0.0,-0.009127800000000002,1141.366012071996,1141.663012071996,19.8,2.305,19.8,2.305,long_ientry_normal,45.639,0.03998629669824192,3.0
1642847280000.0,85120,1642847280000.0,0.12209999999999974,-0.00306702,1141.4850450519962,1141.7094450519962,-6.6,2.3235,13.2,2.305,long_nclose,30.426000000000002,0.026654751310048092,1.0
1642847340000.0,85121,1642847340000.0,0.08139999999999983,-0.0020446800000000005,1141.5644003719963,1141.7580003719963,-4.4,2.3235,8.8,2.305,long_nclose,20.284000000000002,0.01776859894491292,1.0
1642847400000.0,85122,1642847400000.0,0.0,-0.005026320000000001,1141.5593740519962,1142.6545740519962,10.8,2.327,19.6,2.3171224489795916,long_ientry_partial,45.4156,0.0397838264327821,1.0
1642847400000.0,85122,1642847400000.0,0.11958122448979705,-0.0020629840000000003,1141.676892292486,1142.5262310679962,-4.4,2.3443,15.2,2.3171224489795916,long_nclose,35.22026122448979,0.03084958753414685,0.0
1642847400000.0,85122,1642847400000.0,0.21066122448979777,-0.0020812000000000005,1141.8854723169757,1142.488949867996,-4.4,2.365,10.8,2.3171224489795916,long_nclose,25.02492244897959,0.021915439906772832,0.0
1642847460000.0,85123,1642847460000.0,0.0,-0.0039866400000000005,1141.8814856769757,1141.6977632279961,8.4,2.373,19.2,2.341568877551021,long_ientry_partial,44.9581224489796,0.03937196899407274,1.0
1642847520000.0,85124,1642847520000.0,0.12051918367346559,-0.003021312,1141.998983548649,1142.234901915996,-6.4,2.3604,12.8,2.341568877551021,long_nclose,29.97208163265307,0.026245278730036858,1.0
1642847580000.0,85125,1642847580000.0,0.0,-0.0031152,1141.995868348649,1142.173586715996,6.6,2.36,19.4,2.3478392594151067,long_ientry_partial,45.548081632653066,0.03988462909109872,1.0
1642847580000.0,85125,1642847580000.0,0.05275511045655099,-0.001982736,1142.0466407231056,1142.1858839799959,-4.2,2.3604,15.2,2.3478392594151067,long_nclose,35.68715674310962,0.031248423199698488,0.0
1642847640000.0,85126,1642847640000.0,0.09430370292446533,-0.0023667,1142.13857772603,1142.385017279996,-5.0,2.3667,10.2,2.3478392594151067,long_nclose,23.947960446034088,0.02096764868385226,1.0
1642847700000.0,85127,1642847700000.0,0.0,-0.004317039999999999,1142.13426068603,1141.956100239996,9.1,2.372,19.3,2.359231111193476,long_ientry_partial,45.53316044603409,0.0398667319713221,1.0
1642848060000.0,85133,1642848060000.0,0.1214008883617538,-0.0030440960000000005,1142.2526174783918,1142.468936143996,-6.4,2.3782,12.9,2.359231111193476,long_nclose,30.43408133439584,0.026643914724906785,6.0
1642848120000.0,85134,1642848120000.0,0.0,-0.00299376,1142.2496237183918,1142.485142383996,6.3,2.376,19.2,2.364733402833117,long_ientry_partial,45.40288133439584,0.03974865072539467,1.0
1642848180000.0,85135,1642848180000.0,0.12138622186805322,-0.0030511360000000003,1142.3679588042598,1142.6145712479959,-6.4,2.3837,12.8,2.364733402833117,long_nclose,30.268587556263896,0.02649635550698275,1.0
1642848300000.0,85137,1642848300000.0,0.0,-0.0030515200000000003,1142.3649072842597,1142.4195197279957,6.4,2.384,19.2,2.371155601888745,long_ientry_partial,45.5261875562639,0.039852578861594365,2.0
1642848600000.0,85142,1642848600000.0,0.0,-0.009149184000000001,1142.3557581002597,1141.3296505439957,19.8,2.3104,39.0,2.3403104501606125,long_rentry,91.27210755626389,0.07989814636033316,5.0
1642848960000.0,85148,1642848960000.0,0.24426414791204065,-0.006133660000000001,1142.5938885881717,1143.1318168839957,-13.0,2.3591,26.0,2.3403104501606125,long_nclose,60.84807170417592,0.05325432974209401,6.0
1642849080000.0,85150,1642849080000.0,0.5185641479120364,-0.00618852,1143.1062642160837,1143.6872283639957,-13.0,2.3802,13.0,2.3403104501606125,long_nclose,30.42403585208796,0.026615229751148353,2.0
1642849140000.0,85151,1642849140000.0,0.0,-0.0029574,1143.1033068160837,1143.7034709639956,6.2,2.385,19.2,2.3547414506295814,long_ientry_partial,45.21103585208796,0.03955113731410285,1.0
1642849200000.0,85152,1642849200000.0,0.3855220739560167,-0.0045982079999999995,1143.4842306820397,1143.7939127559957,-9.6,2.3949,9.6,2.3547414506295814,long_nclose,22.60551792604398,0.019768980908954688,1.0
1642849200000.0,85152,1642849200000.0,0.5890420739560198,-0.004638912,1144.0686338439957,1144.0686338439957,-9.6,2.4161,0.0,2.3547414506295814,long_nclose,0.0,0.0,0.0
1642849260000.0,85153,1642849260000.0,0.0,-0.00916608,1144.0594677639956,1143.2914677639956,19.2,2.387,19.2,2.387,long_ientry_normal,45.8304,0.04005945607842669,1.0
1642849440000.0,85156,1642849440000.0,0.12288000000000068,-0.0030799360000000006,1144.1792678279955,1144.4224678279957,-6.4,2.4062,12.8,2.387,long_nclose,30.553600000000003,0.026703507797340306,3.0
1642849500000.0,85157,1642849500000.0,0.08064000000000045,-0.002021208,1144.2578866199954,1144.4384866199953,-4.2,2.4062,8.6,2.387,long_nclose,20.5282,0.017940186596080987,1.0
1642849560000.0,85158,1642849560000.0,0.0,-0.00504105,1144.2528455699953,1144.3593955699953,10.5,2.4005,19.1,2.3944214659685863,long_ientry_partial,45.733450000000005,0.03996795828566933,1.0
1642850460000.0,85173,1642850460000.0,0.12082476439790754,-0.0030411360000000003,1144.370629198393,1144.6212344339951,-6.3,2.4136,12.8,2.3944214659685863,long_nclose,30.648594764397906,0.026782052931458564,15.0
1642850640000.0,85176,1642850640000.0,0.08054984293193837,-0.0020274240000000003,1144.449151617325,1144.608927009995,-4.2,2.4136,8.6,2.3944214659685863,long_nclose,20.59202460732984,0.0179929572041094,3.0
1642850700000.0,85177,1642850700000.0,0.0,-0.005029080000000001,1144.444122537325,1144.412997929995,10.5,2.3948,19.1,2.3946295605931853,long_ientry_partial,45.73742460732984,0.039964751189360194,1.0
1642851300000.0,85187,1642851300000.0,0.0,-0.009146144000000002,1144.434976393325,1143.7570317859952,19.6,2.3332,38.7,2.363517948509815,long_rentry,91.46814460732985,0.07992428271948726,10.0
1642852560000.0,85208,1642852560000.0,0.2448684642233844,-0.006146850000000001,1144.6736980075484,1145.3311349359951,-12.9,2.3825,25.8,2.363517948509815,long_nclose,60.97876307155323,0.05327174301086379,21.0
1642852800000.0,85212,1642852800000.0,0.5196384642233857,-0.006201804,1145.1871346677717,1145.786753131995,-12.9,2.4038,12.9,2.363517948509815,long_nclose,30.489381535776616,0.026623929498318925,4.0
1642853040000.0,85216,1642853040000.0,0.794408464223387,-0.006256758,1145.975286373995,1145.975286373995,-12.9,2.4251,0.0,2.363517948509815,long_nclose,0.0,0.0,4.0
1642859160000.0,85318,1642859160000.0,0.0,-0.009148416000000001,1145.966137957995,1146.188857957995,19.2,2.3824,19.2,2.3824,long_ientry_normal,45.74208,0.03991573440512661,102.0
1642859220000.0,85319,1642859220000.0,0.12223999999999934,-0.0030739200000000004,1146.085304037995,1146.784184037995,-6.4,2.4015,12.8,2.3824,long_nclose,30.49472,0.026607722734562734,1.0
1642859220000.0,85319,1642859220000.0,0.2598399999999998,-0.0031014400000000004,1146.342042597995,1146.691482597995,-6.4,2.423,6.4,2.3824,long_nclose,15.24736,0.013300881790433487,0.0
1642859220000.0,85319,1642859220000.0,0.39679999999999893,-0.0031288320000000002,1146.7357137659951,1146.7357137659951,-6.4,2.4444,0.0,2.3824,long_nclose,0.0,0.0,0.0
1642860840000.0,85346,1642860840000.0,0.0,-0.009186414,1146.7265273519952,1146.4968573519952,19.3,2.3799,19.3,2.3799,long_ientry_normal,45.93207,0.04005494675881066,27.0
1642861020000.0,85349,1642861020000.0,0.12223999999999934,-0.0030707200000000003,1146.845696631995,1147.672586631995,-6.4,2.399,12.9,2.3799,long_nclose,30.70071,0.02676969542647321,3.0
1642861020000.0,85349,1642861020000.0,0.2591999999999985,-0.003098112,1147.1017985199949,1147.5184485199948,-6.4,2.4204,6.5,2.3799,long_nclose,15.46935,0.01348559475711637,0.0
1642861020000.0,85349,1642861020000.0,0.4029999999999989,-0.00317447,1147.501624049995,1147.501624049995,-6.5,2.4419,0.0,2.3799,long_nclose,0.0,0.0,0.0
1642863000000.0,85382,1642863000000.0,0.0,-0.00917136,1147.492452689995,1147.2608526899949,19.3,2.376,19.3,2.376,long_ientry_normal,45.8568,0.03996261578235288,33.0
1642863240000.0,85386,1642863240000.0,0.12223999999999934,-0.003065728,1147.611626961995,1147.766426961995,-6.4,2.3951,12.9,2.376,long_nclose,30.6504,0.02670799012479423,4.0
1642863360000.0,85388,1642863360000.0,0.0,-0.0030396159999999998,1147.608587345995,1147.6169073459948,6.4,2.3747,19.3,2.375568911917098,long_ientry_partial,45.848479999999995,0.03995132182308866,2.0
1642863600000.0,85392,1642863600000.0,0.12179896373057204,-0.003065088,1147.7273212217253,1147.9908822579948,-6.4,2.3946,12.9,2.375568911917098,long_nclose,30.644838963730567,0.026700452622413787,4.0
1642863720000.0,85394,1642863720000.0,0.08183367875647808,-0.002059356,1147.8070955444819,1147.9570029019949,-4.3,2.3946,8.6,2.375568911917098,long_nclose,20.429892642487044,0.0177990646004813,2.0
1642863780000.0,85395,1642863780000.0,0.053287046632125266,-0.001340976,1147.859041615114,1147.9311419259948,-2.8,2.3946,5.8,2.375568911917098,long_nclose,13.77829968911917,0.012003477073049131,1.0
1642864080000.0,85400,1642864080000.0,0.0,-0.006453744000000001,1147.8525878711139,1147.8417681819947,13.6,2.3727,19.4,2.373557715933978,long_ientry_partial,46.04701968911917,0.040115795508655974,5.0
1642865160000.0,85418,1642865160000.0,0.12187061802254107,-0.003062528,1147.9713959611363,1149.3291456539946,-6.4,2.3926,13.0,2.373557715933978,long_nclose,30.85625030714171,0.026878936544675304,18.0
1642865160000.0,85418,1642865160000.0,0.25883061802254304,-0.0030899200000000003,1148.2271366591588,1148.9164557339946,-6.4,2.414,6.6,2.373557715933978,long_nclose,15.665480925164253,0.013643189944756039,0.0
1642865160000.0,85418,1642865160000.0,0.4081590748357466,-0.0032147279999999996,1148.6320810059945,1148.6320810059945,-6.6,2.4354,0.0,2.373557715933978,long_nclose,0.0,0.0,0.0
1642874580000.0,85575,1642874580000.0,0.0,-0.009190944,1148.6228900619944,1148.3551700619944,19.4,2.3688,19.4,2.3688,long_ientry_normal,45.954719999999995,0.04000853578455126,157.0
1642874700000.0,85577,1642874700000.0,0.12160000000000082,-0.003056384,1148.7414336779943,1148.7830336779944,-6.4,2.3878,13.0,2.3688,long_nclose,30.794399999999996,0.026807076942810114,2.0
1642874760000.0,85578,1642874760000.0,0.0,-0.0030310400000000005,1148.7384026379943,1148.6116026379943,6.4,2.368,19.4,2.3685360824742268,long_ientry_partial,45.9496,0.04000005562143659,1.0
1642875360000.0,85588,1642875360000.0,0.12136907216494991,-0.0030560000000000006,1148.8567157101593,1149.0317466379943,-6.4,2.3875,13.0,2.3685360824742268,long_nclose,30.79096907216495,0.02680140060210353,10.0
1642875420000.0,85589,1642875420000.0,0.08154484536082571,-0.0020532500000000004,1148.9362073055202,1149.1142433879943,-4.3,2.3875,8.7,2.3685360824742268,long_nclose,20.60626391752577,0.01793508097882256,1.0
1642875540000.0,85591,1642875540000.0,0.05499536082474292,-0.0013847500000000001,1148.989817916345,1149.1143086379943,-2.9,2.3875,5.8,2.3685360824742268,long_nclose,13.737509278350515,0.01195616276501304,2.0
1642875780000.0,85595,1642875780000.0,0.0360314432989695,-0.0009072500000000001,1149.024942109644,1149.1086513879945,-1.9,2.3875,3.9,2.3685360824742268,long_nclose,9.237290721649485,0.008039242999102827,4.0
1642876020000.0,85599,1642876020000.0,0.0,-0.007327470000000002,1149.0176146396439,1148.7717739179943,15.5,2.3637,19.4,2.364672202146881,long_ientry_partial,45.87464072164949,0.039925097872443624,4.0
1642876680000.0,85610,1642876680000.0,0.0,-0.009170317999999998,1149.0084443216438,1147.2006135999943,19.9,2.3041,39.3,2.334000781721361,long_rentry,91.72623072164949,0.07983077163179875,11.0
1642877520000.0,85624,1642877520000.0,0.0,-0.009201624,1148.9992426976437,1145.649591975994,20.4,2.2553,59.7,2.3071080522889362,long_rentry,137.7343507216495,0.11987331723411235,14.0
1642880940000.0,85681,1642880940000.0,0.36798975945017126,-0.009255888,1149.3579765690938,1150.6670760879942,-19.9,2.3256,39.8,2.3071080522889362,long_nclose,91.82290048109965,0.07989060184294959,57.0
1642882140000.0,85701,1642882140000.0,0.24409370978604325,-0.006139584,1149.5959306948798,1150.417656503994,-13.2,2.3256,26.6,2.3071080522889362,long_nclose,61.369074190885705,0.0533831692965291,20.0
1642882320000.0,85704,1642882320000.0,0.5225829045571487,-0.006241424000000001,1150.1122721754368,1150.882235079994,-13.3,2.3464,13.3,2.3071080522889362,long_nclose,30.684537095442852,0.02667960149438547,3.0
1642882320000.0,85704,1642882320000.0,0.7992229045571478,-0.006296752,1150.905198327994,1150.905198327994,-13.3,2.3672,0.0,2.3071080522889362,long_nclose,0.0,0.0,0.0
1642883040000.0,85716,1642883040000.0,0.0,-0.00921967,1150.895978657994,1150.866128657994,19.9,2.3165,19.9,2.3165,long_ientry_normal,46.098349999999996,0.040054314946649766,12.0
1642883100000.0,85717,1642883100000.0,0.12276000000000113,-0.003082332,1151.0156563259939,1151.368106325994,-6.6,2.3351,13.3,2.3165,long_nclose,30.809450000000002,0.02676718585943723,1.0
1642883400000.0,85722,1642883400000.0,0.08184000000000076,-0.0020548880000000004,1151.095441437994,1151.527091437994,-4.4,2.3351,8.9,2.3165,long_nclose,20.61685,0.0179106347378499,5.0
1642883400000.0,85722,1642883400000.0,0.17379999999999943,-0.0020732800000000003,1151.2671681579939,1151.4854181579938,-4.4,2.356,4.5,2.3165,long_nclose,10.42425,0.009054588099371067,0.0
1642883520000.0,85724,1642883520000.0,0.08689999999999971,-0.0010366400000000001,1151.353031517994,1151.443881517994,-2.2,2.356,2.3,2.3165,long_nclose,5.3279499999999995,0.004627555453582641,2.0
1642883580000.0,85725,1642883580000.0,0.04344999999999986,-0.0005183200000000001,1151.3959631979938,1151.4505631979937,-1.1,2.356,1.2,2.3165,long_nclose,2.7798,0.0024142867344081405,1.0
1642883640000.0,85726,1642883640000.0,0.07235999999999976,-0.000570432,1151.4677527659937,1151.4677527659937,-1.2,2.3768,0.0,2.3165,long_nclose,0.0,0.0,1.0
1642940340000.0,86671,1642940340000.0,0.0,-0.009205811999999999,1151.4585469539938,1151.4509869539938,18.9,2.4354,18.9,2.4354,long_ientry_normal,46.029059999999994,0.039974569750481054,945.0
1642940640000.0,86676,1642940640000.0,0.12284999999999906,-0.0030931739999999998,1151.5783037799938,1151.8756637799938,-6.3,2.4549,12.6,2.4354,long_nclose,30.68604,0.026646941766161038,5.0
1642941240000.0,86686,1642941240000.0,0.08189999999999938,-0.002062116,1151.6581416639938,1151.8227816639937,-4.2,2.4549,8.4,2.4354,long_nclose,20.45736,0.017763396323879427,10.0
1642941420000.0,86689,1642941420000.0,0.05459999999999958,-0.001374744,1151.7113669199937,1151.8211269199937,-2.8,2.4549,5.6,2.4354,long_nclose,13.63824,0.011841716936833368,3.0
1642941840000.0,86696,1642941840000.0,0.0,-0.0064725780000000005,1151.7048943419936,1151.6685643419937,13.3,2.4333,18.9,2.4339222222222223,long_ientry_partial,46.001129999999996,0.03994176826545652,7.0
1642942200000.0,86702,1642942200000.0,0.12333999999999946,-0.0030914099999999997,1151.8251429319937,1151.9899229319938,-6.3,2.4535,12.6,2.4339222222222223,long_nclose,30.66742,0.026625065608426878,6.0
1642942680000.0,86710,1642942680000.0,0.08222666666666632,-0.0020609400000000003,1151.9053086586603,1152.2755619919935,-4.2,2.4535,8.4,2.4339222222222223,long_nclose,20.444946666666667,0.017748808441966336,8.0
1642942680000.0,86710,1642942680000.0,0.17420666666666645,-0.002079336,1152.077435989327,1152.2625626559936,-4.2,2.4754,4.2,2.4339222222222223,long_nclose,10.222473333333333,0.00887307833136664,0.0
1642943580000.0,86725,1642943580000.0,0.02740888888888877,-0.00068698,1152.1041578982158,1152.1603756759937,-1.4,2.4535,2.8,2.4339222222222223,long_nclose,6.8149822222222225,0.00591524835276595,15.0
1642943760000.0,86728,1642943760000.0,0.017619999999999924,-0.0004416300000000001,1152.1213362682158,1152.1461840459936,-0.9,2.4535,1.9,2.4339222222222223,long_nclose,4.624452222222223,0.004013858676726773,3.0
1642943880000.0,86730,1642943880000.0,0.011746666666666615,-0.00029442,1152.1327885148823,1152.1497896259934,-0.6,2.4535,1.3,2.4339222222222223,long_nclose,3.1640988888888892,0.0027462970591848736,2.0
1642944120000.0,86734,1642944120000.0,0.007831111111111079,-0.00019628,1152.1404233459934,1152.1602933459935,-0.4,2.4535,0.9,2.4339222222222223,long_nclose,2.1905300000000003,0.0019012699803018485,4.0
1642944420000.0,86739,1642944420000.0,0.005873333333333308,-0.00014721,1152.1461494693267,1152.1599961359934,-0.3,2.4535,0.6,2.4339222222222223,long_nclose,1.4603533333333334,0.001267507020707369,5.0
1642944720000.0,86744,1642944720000.0,0.003915555555555539,-9.814e-05,1152.1499668848821,1152.1615979959931,-0.2,2.4535,0.4,2.4339222222222223,long_nclose,0.9735688888888889,0.0008450018807197203,5.0
1642944960000.0,86748,1642944960000.0,0.008295555555555546,-9.9016e-05,1152.1581634244378,1152.1655789799934,-0.2,2.4754,0.2,2.4339222222222223,long_nclose,0.48678444444444446,0.00042249793465649416,4.0
1642945020000.0,86749,1642945020000.0,0.004147777777777773,-4.9508e-05,1152.1622616942154,1152.1660694719933,-0.1,2.4754,0.1,2.4339222222222223,long_nclose,0.24339222222222223,0.00021124821591042415,1.0
1642945080000.0,86750,1642945080000.0,0.004147777777777773,-4.9508e-05,1152.166359963993,1152.166359963993,-0.1,2.4754,0.0,2.4339222222222223,long_nclose,0.0,0.0,1.0
1642948860000.0,86813,1642948860000.0,0.0,-0.00921348,1152.157146483993,1152.088746483993,19.0,2.4246,19.0,2.4246,long_ientry_normal,46.0674,0.03998360826088927,63.0
1642952520000.0,86874,1642952520000.0,0.0,-0.00921336,1152.147933123993,1150.411733123993,19.5,2.3624,38.5,2.393096103896104,long_rentry,92.1342,0.07996733522767568,61.0
1642953660000.0,86893,1642953660000.0,0.24580987012986955,-0.006175488000000001,1152.3875675061229,1153.156097635993,-12.8,2.4123,25.7,2.393096103896104,long_nclose,61.502569870129875,0.053369692284365174,19.0
1642953900000.0,86897,1642953900000.0,0.16323311688311648,-0.00410091,1152.5466997130059,1152.8030467259928,-8.5,2.4123,17.2,2.393096103896104,long_nclose,41.161252987012986,0.035713306018109715,4.0
1642954080000.0,86900,1642954080000.0,0.10946220779220753,-0.0027500220000000004,1152.653411898798,1152.9513067039927,-5.7,2.4123,11.5,2.393096103896104,long_nclose,27.520605194805196,0.023875871888905217,3.0
1642954440000.0,86906,1642954440000.0,0.0,-0.0036926120000000005,1152.649719286798,1152.6116540919927,7.7,2.3978,19.2,2.394982562229438,long_ientry_partial,45.983665194805205,0.039893876192723665,6.0
1642956840000.0,86946,1642956840000.0,0.0,-0.009241056000000001,1152.640478230798,1151.2045330359927,19.8,2.3336,39.0,2.3638191075591077,long_rentry,92.1889451948052,0.07998065913519464,40.0
1642959360000.0,86988,1642959360000.0,0.24675160173159982,-0.006195280000000001,1152.8810345525296,1153.4057377559927,-13.0,2.3828,26.0,2.3638191075591077,long_nclose,61.459296796536805,0.05330931375793786,42.0
1642959900000.0,86997,1642959900000.0,0.1632356749916737,-0.004098416,1153.0401718115213,1153.530519339993,-8.6,2.3828,17.4,2.3638191075591077,long_nclose,41.13045247152847,0.03567130918509902,9.0
1642960860000.0,87013,1642960860000.0,0.3504437642357638,-0.004183134,1153.386432441757,1153.7186062059927,-8.7,2.4041,8.7,2.3638191075591077,long_nclose,20.565226235764236,0.017830300112189612,16.0
1642961040000.0,87016,1642961040000.0,0.17320783749583726,-0.002067526,1153.5575727532528,1153.8003686799927,-4.3,2.4041,4.4,2.3638191075591077,long_nclose,10.400804073260074,0.009016285202337984,3.0
1642961160000.0,87018,1642961160000.0,0.08861796336996326,-0.0010578040000000003,1153.6451329126226,1153.7555308759925,-2.2,2.4041,2.2,2.3638191075591077,long_nclose,5.200402036630037,0.0045078004390314685,2.0
1642961340000.0,87021,1642961340000.0,0.013286624708624606,-0.000333592,1153.658085945331,1153.6838572839924,-0.7,2.3828,1.5,2.3638191075591077,long_nclose,3.5457286613386616,0.003073465790718416,3.0
1642961400000.0,87022,1642961400000.0,0.009490446220446147,-0.00023828,1153.6673381115515,1153.6835190039924,-0.5,2.3828,1.0,2.3638191075591077,long_nclose,2.3638191075591077,0.002048960761451793,1.0
1642961460000.0,87023,1642961460000.0,0.005694267732267688,-0.00014296800000000002,1153.6728894112837,1153.6982160359923,-0.3,2.3828,0.7,2.3638191075591077,long_nclose,1.6546733752913754,0.0014342656315134102,1.0
1642961460000.0,87023,1642961460000.0,0.012084267732267716,-0.000144246,1153.684829433016,1153.6993017899922,-0.3,2.4041,0.4,2.3638191075591077,long_nclose,0.9455276430236431,0.000819571878645858,0.0
1642961940000.0,87031,1642961940000.0,0.0018980892440892295,-4.7656000000000006e-05,1153.68667986626,1153.6933341339923,-0.1,2.3828,0.3,2.3638191075591077,long_nclose,0.7091457322677323,0.0006146779230821485,8.0
1642962480000.0,87040,1642962480000.0,0.0018980892440892295,-4.7656000000000006e-05,1153.688530299504,1153.6903664779923,-0.1,2.3828,0.2,2.3638191075591077,long_nclose,0.47276382151182156,0.0004097846247887109,9.0
1642962540000.0,87041,1642962540000.0,0.0018980892440892295,-4.7656000000000006e-05,1153.690380732748,1153.6931988219922,-0.1,2.3828,0.1,2.3638191075591077,long_nclose,0.23638191075591078,0.00020489198376238223,1.0
1642962720000.0,87044,1642962720000.0,0.0018980892440892295,-4.7656000000000006e-05,1153.692231165992,1153.692231165992,-0.1,2.3828,0.0,2.3638191075591077,long_nclose,0.0,0.0,3.0
1642963560000.0,87058,1642963560000.0,0.0,-0.009246496000000002,1153.682984669992,1153.784904669992,19.6,2.3588,19.6,2.3588,long_ientry_normal,46.23248,0.04007381630337963,14.0
1642965360000.0,87088,1642965360000.0,0.0,-0.009239166,1153.673745503992,1152.079035503992,20.1,2.2983,39.7,2.3281690176322414,long_rentry,92.42831,0.08011650638683983,30.0
1642965960000.0,87098,1642965960000.0,0.24724896725441656,-0.006195816,1153.9147986552464,1154.413819687992,-13.2,2.3469,26.5,2.3281690176322414,long_nclose,61.69647896725439,0.05346710089787779,10.0
1642966380000.0,87105,1642966380000.0,0.16483264483627771,-0.004130544000000001,1154.0755007560826,1154.302609143992,-8.8,2.3469,17.7,2.3281690176322414,long_nclose,41.20859161209067,0.03570701534266451,7.0
1642966440000.0,87106,1642966440000.0,0.1105127959697771,-0.0027693420000000006,1154.1832442100524,1154.381849801992,-5.9,2.3469,11.8,2.3281690176322414,long_nclose,27.47239440806045,0.023802454719279123,1.0
1642966500000.0,87107,1642966500000.0,0.0,-0.0037016240000000006,1154.1795425860523,1154.1788281779918,7.9,2.3428,19.7,2.334036264368551,long_ientry_partial,45.98051440806045,0.03983826840756214,1.0
1642966860000.0,87113,1642966860000.0,0.0,-0.009233658000000002,1154.1703089280522,1153.1015045199917,20.3,2.2743,40.0,2.3037201102015112,long_rentry,92.14880440806044,0.07983986738806738,6.0
1642967100000.0,87117,1642967100000.0,0.24578253431990107,-0.006177052000000001,1154.409914410372,1154.8712874679918,-13.3,2.3222,26.7,2.3037201102015112,long_nclose,61.50932694238035,0.05328205014056635,4.0
1642967160000.0,87118,1642967160000.0,0.16447101920655036,-0.004133516,1154.5702519135787,1154.8956339519918,-8.9,2.3222,17.8,2.3037201102015112,long_nclose,41.0062179615869,0.03551643383641957,1.0
1642967220000.0,87119,1642967220000.0,0.10903134981108394,-0.0027401960000000003,1154.6765430673897,1154.7631737559918,-5.9,2.3222,11.9,2.3037201102015112,long_nclose,27.414269311397984,0.02374194702056749,1.0
1642967280000.0,87120,1642967280000.0,0.0,-0.0037438199999999997,1154.6727992473898,1154.1594299359917,8.1,2.311,20.0,2.3066684655698992,long_ientry_partial,46.133369311397985,0.03995362958360801,1.0
1642968840000.0,87146,1642968840000.0,0.12230812723866603,-0.0030692640000000004,1154.7920381106285,1155.104680671992,-6.6,2.3252,13.4,2.3066684655698992,long_nclose,30.90935743863665,0.026766167776154644,26.0
1642968900000.0,87147,1642968900000.0,0.0,-0.00302367,1154.7890144406285,1154.6109070019918,6.5,2.3259,19.9,2.3129501225445552,long_ientry_partial,46.02770743863665,0.039858109891123386,1.0
1642976820000.0,87279,1642976820000.0,0.12242919120593632,-0.0030775800000000003,1154.9083660518345,1155.1218294219918,-6.6,2.3315,13.3,2.3129501225445552,long_nclose,30.762236629842587,0.026636084328496342,132.0
1642976880000.0,87280,1642976880000.0,0.08161946080395754,-0.0020517200000000004,1154.9879337926384,1155.1841777019918,-4.4,2.3315,8.9,2.3129501225445552,long_nclose,20.585256090646542,0.017822918740848362,1.0
1642977120000.0,87284,1642977120000.0,0.17357946080395623,-0.0020701120000000003,1155.1594431414424,1155.4071675899918,-4.4,2.3524,4.5,2.3129501225445552,long_nclose,10.4082755514505,0.009010250154857687,4.0
1642977180000.0,87285,1642977180000.0,0.27112444854950235,-0.00213588,1155.4284317099919,1155.4284317099919,-4.5,2.3732,0.0,2.3129501225445552,long_nclose,0.0,0.0,1.0
1643007600000.0,87792,1643007600000.0,0.0,-0.0092259,1155.4192058099918,1155.3991058099919,20.1,2.295,20.1,2.295,long_ientry_normal,46.1295,0.039924470502168526,507.0
1643009340000.0,87821,1643009340000.0,0.1232800000000013,-0.0030999560000000005,1155.539385853992,1155.8341858539918,-6.7,2.3134,13.4,2.295,long_nclose,30.753,0.0266135454805569,29.0
1643009460000.0,87823,1643009460000.0,0.2619699999999994,-0.0031276940000000003,1155.7982281599918,1156.0595281599917,-6.7,2.3341,6.7,2.295,long_nclose,15.3765,0.013303792673639141,2.0
1643009880000.0,87830,1643009880000.0,0.1290299999999997,-0.0015405059999999999,1155.9257176539918,1156.0787176539918,-3.3,2.3341,3.4,2.295,long_nclose,7.803,0.006750433769945506,7.0
1643010240000.0,87836,1643010240000.0,0.0,-0.007682976000000001,1155.9180346779917,1155.4733546779917,16.8,2.2866,20.2,2.2880138613861387,long_ientry_partial,46.21788,0.03998370006648013,6.0
1643010420000.0,87839,1643010420000.0,0.12318712871287066,-0.0030905760000000003,1156.0381312307047,1156.388944101992,-6.7,2.3064,13.5,2.2880138613861387,long_nclose,30.88818712871287,0.026719003719911615,3.0
1643010480000.0,87840,1643010480000.0,0.26120712871287033,-0.00311818,1156.2962201794176,1156.5749259219917,-6.7,2.327,6.8,2.2880138613861387,long_nclose,15.558494257425743,0.013455457162189459,1.0
1643010720000.0,87844,1643010720000.0,0.0,-0.00612514,1156.2900950394176,1156.4245007819918,13.4,2.2855,20.2,2.286346250367611,long_ientry_partial,46.184194257425744,0.039941701875299156,4.0
1643013960000.0,87898,1643013960000.0,0.0,-0.009267232,1156.2808278074176,1155.6004735499919,20.8,2.2277,41.0,2.256594006278677,long_rentry,92.52035425742575,0.08001547031863035,54.0
1643014020000.0,87899,1643014020000.0,0.2462415146099964,-0.006187184000000001,1156.5208821380274,1158.2856063659917,-13.6,2.2747,27.4,2.256594006278677,long_nclose,61.83067577203575,0.0534626540056338,1.0
1643014020000.0,87899,1643014020000.0,0.5223215146099932,-0.0062424,1157.0369612526374,1157.9257639659916,-13.6,2.295,13.8,2.256594006278677,long_nclose,31.140997286645742,0.02691443603748986,0.0
1643014020000.0,87899,1643014020000.0,0.8115227133542575,-0.006390504,1157.8420934619917,1157.8420934619917,-13.8,2.3154,0.0,2.256594006278677,long_nclose,0.0,0.0,0.0
1643014140000.0,87901,1643014140000.0,0.0,-0.009266088,1157.8328273739917,1157.7491873739916,20.4,2.2711,20.4,2.2711,long_ientry_normal,46.330439999999996,0.04001479220888837,2.0
1643015880000.0,87930,1643015880000.0,0.0,-0.009249922,1157.8235774519917,1156.7230274519918,20.9,2.2129,41.3,2.241647699757869,long_rentry,92.58004999999999,0.07996041176129767,29.0
1643018280000.0,87970,1643018280000.0,0.0,-0.00927048,1157.8143069719918,1154.4392569719919,21.4,2.166,62.7,2.2158285486443376,long_rentry,138.93245,0.11999545105237748,40.0
1643018880000.0,87980,1643018880000.0,0.0,-0.01380015,1157.8005068219918,1150.6441068219917,32.5,2.1231,95.2,2.1841722689075627,long_rentry,207.93319999999997,0.1795932881138124,10.0
1643020560000.0,88008,1643020560000.0,0.0,-0.020416032,1157.7800907899918,1146.510330789992,49.4,2.0664,144.6,2.1439374827109265,long_rentry,310.01336,0.26776532302301687,28.0
1643022960000.0,88048,1643022960000.0,0.8320533333333411,-0.020833968,1158.5913101553251,1160.4289368219918,-48.2,2.1612,96.4,2.1439374827109265,long_nclose,206.67557333333332,0.17838522654345268,40.0
1643028420000.0,88139,1643028420000.0,0.0,-0.020288,1158.5710221553252,1148.818648821992,50.0,2.0288,146.4,2.104614571948998,long_rentry,308.1155733333333,0.26594448457733433,91.0
1643035080000.0,88250,1643035080000.0,0.8240088888888983,-0.020705840000000003,1159.3743252042143,1161.266342981992,-48.8,2.1215,97.6,2.104614571948998,long_nclose,205.4103822222222,0.1771734786226535,111.0
1643035200000.0,88252,1643035200000.0,1.7512088888888828,-0.020891279999999998,1161.1046428131033,1162.733851701992,-48.8,2.1405,48.8,2.104614571948998,long_nclose,102.7051911111111,0.08845472434101963,2.0
1643035860000.0,88263,1643035860000.0,0.0,-0.0102718,1161.0943710131032,1158.342379901992,25.3,2.03,74.1,2.079138881391513,long_rentry,154.0641911111111,0.13268877617302002,11.0
1643038380000.0,88305,1643038380000.0,0.4115296296296306,-0.010353252,1161.495547390733,1162.8718866499923,-24.7,2.0958,49.4,2.079138881391513,long_nclose,102.70946074074074,0.08842863063183896,42.0
1643038620000.0,88309,1643038620000.0,0.8758896296296234,-0.010446124,1162.3609908963626,1163.2961605259923,-24.7,2.1146,24.7,2.079138881391513,long_nclose,51.35473037037037,0.04418139525722368,4.0
1643038860000.0,88313,1643038860000.0,0.13662117258959394,-0.003437112,1162.4941749569523,1162.7723834139924,-8.2,2.0958,16.5,2.079138881391513,long_nclose,34.305791542959966,0.02951050618746569,4.0
1643039040000.0,88316,1643039040000.0,0.2907811725895915,-0.0034679439999999993,1162.7814881855418,1163.1289354699923,-8.2,2.1146,8.3,2.079138881391513,long_nclose,17.25685271554956,0.014841010878559784,3.0
1643039160000.0,88318,1643039160000.0,0.14539058629479576,-0.0017339719999999996,1162.9251447998365,1163.1135614979921,-4.1,2.1146,4.2,2.079138881391513,long_nclose,8.732383301844354,0.007508981417155081,2.0
1643039400000.0,88322,1643039400000.0,0.0,-0.007567923999999999,1162.9175768758364,1162.847973573992,18.2,2.0791,22.4,2.0791072902609087,long_ientry_partial,46.572003301844354,0.04004755300625816,4.0
1643039820000.0,88329,1643039820000.0,0.12352605206927657,-0.0031017840000000007,1163.0380011439058,1163.5163917899922,-7.4,2.0958,15.0,2.0791072902609087,long_nclose,31.18660935391363,0.026814781050352652,7.0
1643039820000.0,88329,1643039820000.0,0.26190605206927614,-0.0031294600000000006,1163.296777735975,1163.539162329992,-7.4,2.1145,7.6,2.0791072902609087,long_nclose,15.801215405982905,0.013583133477542558,0.0
1643040000000.0,88332,1643040000000.0,0.04173177434772857,-0.0010479,1163.3374616103226,1163.357314429992,-2.5,2.0958,5.1,2.0791072902609087,long_nclose,10.603447180330633,0.00911467869834868,3.0
1643040120000.0,88334,1643040120000.0,0.028377606556455427,-0.0007125720000000001,1163.365126644879,1163.4191618579919,-1.7,2.0958,3.4,2.0791072902609087,long_nclose,7.068964786887089,0.006076307966419655,2.0
1643040180000.0,88335,1643040180000.0,0.018361980713000572,-0.0004610760000000001,1163.383027549592,1163.389680781992,-1.1,2.0958,2.3,2.0791072902609087,long_nclose,4.78194676760009,0.004110380377193742,1.0
1643040240000.0,88336,1643040240000.0,0.011684896817363998,-0.000293412,1163.3944190344093,1163.4166473699918,-0.7,2.0958,1.6,2.0791072902609087,long_nclose,3.326571664417454,0.0028593670469714235,1.0
1643040420000.0,88339,1643040420000.0,0.0,-0.008635744,1163.3857832904093,1163.293291625992,20.8,2.0759,22.4,2.076129092161494,long_ientry_partial,46.50529166441746,0.03997409314465433,3.0
1643040960000.0,88348,1643040960000.0,0.12336471800494522,-0.003097344,1163.5060506644143,1163.8041142819918,-7.4,2.0928,15.0,2.076129092161494,long_nclose,31.141936382422408,0.026765598996789885,9.0
1643041320000.0,88354,1643041320000.0,0.08335453919253055,-0.0020928,1163.5873124036068,1163.8560214819918,-5.0,2.0928,10.0,2.076129092161494,long_nclose,20.76129092161494,0.017842486507289788,6.0
1643041440000.0,88356,1643041440000.0,0.05501399586707016,-0.001381248,1163.640945151474,1163.8008802339918,-3.3,2.0928,6.7,2.076129092161494,long_nclose,13.910064917482009,0.011953914973034318,2.0
1643041680000.0,88360,1643041680000.0,0.11672399586706995,-0.0013935899999999999,1163.756275557341,1163.874836643992,-3.3,2.1115,3.4,2.076129092161494,long_nclose,7.058838913349079,0.006065564638926214,4.0
1643041800000.0,88362,1643041800000.0,0.060130543325460285,-0.00071791,1163.8156881906664,1163.9089687339917,-1.7,2.1115,1.7,2.076129092161494,long_nclose,3.5294194566745394,0.003032627496336275,2.0
1643041800000.0,88362,1643041800000.0,0.09192054332546018,-0.0007242679999999999,1163.9068844659917,1163.9068844659917,-1.7,2.1302,0.0,2.076129092161494,long_nclose,0.0,0.0,0.0
1643042100000.0,88367,1643042100000.0,0.0,-0.00932085,1163.8975636159917,1164.0033136159916,22.5,2.0713,22.5,2.0713,long_ientry_normal,46.60425,0.04004153927018296,5.0
1643042760000.0,88378,1643042760000.0,0.0,-0.009324084000000002,1163.8882395319918,1162.1371695319917,23.1,2.0182,45.6,2.044400657894737,long_rentry,93.22467,0.08009761318448097,11.0
1643043300000.0,88387,1643043300000.0,0.2492699999999985,-0.006264832,1164.1312446999918,1164.6966646999917,-15.2,2.0608,30.4,2.044400657894737,long_nclose,62.14978,0.05338726220342674,9.0
1643043540000.0,88391,1643043540000.0,0.1656333552631569,-0.004162816000000001,1164.2927152392551,1164.609381883992,-10.1,2.0608,20.3,2.044400657894737,long_nclose,41.501333355263164,0.03564510265507836,4.0
1643045640000.0,88426,1643045640000.0,0.1098755921052625,-0.0027614720000000005,1164.3998293593604,1164.951980411992,-6.7,2.0608,13.6,2.044400657894737,long_nclose,27.803848947368422,0.023878266078642234,35.0
1643045640000.0,88426,1643045640000.0,0.2331555921052638,-0.0027861280000000006,1164.6301988234657,1164.910334283992,-6.7,2.0792,6.9,2.044400657894737,long_nclose,14.106364539473685,0.012112312177482806,0.0
1643045760000.0,88428,1643045760000.0,0.037718486842105034,-0.0009479679999999999,1164.6669693423078,1164.729526315992,-2.3,2.0608,4.6,2.044400657894737,long_nclose,9.40424302631579,0.008074619847445664,2.0
1643045820000.0,88429,1643045820000.0,0.0,-0.007429326000000001,1164.6595400163078,1164.121566989992,18.1,2.0523,22.7,2.0506992522606073,long_ientry_partial,46.550873026315784,0.03996951162711806,1.0
1643046120000.0,88434,1643046120000.0,0.12375560804544605,-0.0031008000000000003,1164.7801948243532,1165.043166189992,-7.5,2.0672,15.2,2.0506992522606073,long_nclose,31.17062863436123,0.026760953502529036,5.0
1643046420000.0,88439,1643046420000.0,0.26524568281938343,-0.0031701119999999997,1165.0422703951726,1165.310556077992,-7.6,2.0856,7.6,2.0506992522606073,long_nclose,15.585314317180615,0.0133774668209199,5.0
1643046720000.0,88444,1643046720000.0,0.13262284140969172,-0.0015850559999999998,1165.1733081805824,1165.326451021992,-3.8,2.0856,3.8,2.0506992522606073,long_nclose,7.792657158590307,0.006687981181751012,5.0
1643047260000.0,88453,1643047260000.0,0.06631142070484586,-0.0007925279999999999,1165.2388270732872,1165.313498493992,-1.9,2.0856,1.9,2.0506992522606073,long_nclose,3.8963285792951536,0.0033438025654204326,9.0
1643047620000.0,88459,1643047620000.0,0.10146142070484578,-0.000799558,1165.3394889359922,1165.3394889359922,-1.9,2.1041,0.0,2.0506992522606073,long_nclose,0.0,0.0,6.0
1643248560000.0,91808,1643248560000.0,0.0,-0.009349254000000001,1165.3301396819923,1164.8222696819923,17.1,2.7337,17.1,2.7337,long_ientry_normal,46.74627,0.04011418602178832,3349.0
1643249280000.0,91820,1643249280000.0,0.0,-0.00932225,1165.3208174319923,1164.3452974319923,17.5,2.6635,34.6,2.698194219653179,long_rentry,93.35752000000001,0.08011314875995366,12.0
1643249940000.0,91831,1643249940000.0,0.2484664739884419,-0.006255540000000001,1165.5630283659807,1165.9281418919923,-11.5,2.7198,23.1,2.698194219653179,long_nclose,62.32828647398844,0.05347483143950383,11.0
1643250720000.0,91844,1643250720000.0,0.0,-0.009332896,1165.5536954699808,1163.9643289959922,17.8,2.6216,40.9,2.6648598159899377,long_rentry,108.99276647398845,0.09351157900111999,13.0
1643252040000.0,91866,1643252040000.0,0.29022650253684606,-0.007306464,1165.8366155085175,1166.3591425319921,-13.6,2.6862,27.3,2.6648598159899377,long_nclose,72.75067297652531,0.062402117079495514,22.0
1643252220000.0,91869,1643252220000.0,0.19419567449156613,-0.004888884,1166.0259222990092,1166.4834736479922,-9.1,2.6862,18.2,2.6648598159899377,long_nclose,48.50044865101687,0.04159465730863888,3.0
1643252460000.0,91873,1643252460000.0,0.12804110406037328,-0.00322344,1166.1507399630696,1166.5184502079924,-6.0,2.6862,12.2,2.6648598159899377,long_nclose,32.511289755077236,0.027879148587691867,4.0
1643252580000.0,91875,1643252580000.0,0.2765751224613796,-0.003306444,1166.424008641531,1166.7237637639923,-6.1,2.7102,6.1,2.6648598159899377,long_nclose,16.255644877538618,0.013936308543983643,2.0
1643252640000.0,91876,1643252640000.0,0.0,-0.00602508,1166.417983561531,1166.8553386839924,11.1,2.714,17.2,2.6965723766010825,long_ientry_partial,46.38104487753862,0.039763657223390134,1.0
1643252820000.0,91879,1643252820000.0,0.12327745337382941,-0.003098748,1166.538162266905,1166.9340799359925,-5.7,2.7182,11.5,2.6965723766010825,long_nclose,31.01058233091245,0.02658342721566035,3.0
1643253240000.0,91886,1643253240000.0,0.0,-0.003098178,1166.5350640889048,1166.4047917579924,5.7,2.7177,17.2,2.7035739727274684,long_ientry_partial,46.501472330912456,0.03986290147843207,7.0
1643254740000.0,91911,1643254740000.0,0.0,-0.009325422000000002,1166.5257386669048,1165.3935563359923,17.7,2.6343,34.9,2.6684407544674054,long_rentry,93.12858233091244,0.07983414274025273,25.0
1643256600000.0,91942,1643256600000.0,0.24892724817809989,-0.006240568000000001,1166.7684253470827,1167.1076557679921,-11.6,2.6899,23.3,2.6684407544674054,long_nclose,62.17466957909055,0.05328792606004506,31.0
1643258040000.0,91966,1643258040000.0,0.1652361906009801,-0.004142446,1166.9295190916837,1167.1098433219922,-7.7,2.6899,15.6,2.6684407544674054,long_nclose,41.62767576969152,0.03567282778320128,24.0
1643258220000.0,91969,1643258220000.0,0.11158807676949305,-0.0027974960000000004,1167.0383096724531,1167.3145258259922,-5.2,2.6899,10.4,2.6684407544674054,long_nclose,27.751783846461016,0.023779668256348818,3.0
1643258280000.0,91970,1643258280000.0,0.0,-0.0037191000000000004,1167.0345905724532,1167.2243067259922,6.9,2.695,17.3,2.679033748350348,long_ientry_partial,46.34728384646102,0.03971371904557411,1.0
1643258340000.0,91971,1643258340000.0,0.12235763440301635,-0.00307857,1167.1538696368561,1167.710278155992,-5.7,2.7005,11.6,2.679033748350348,long_nclose,31.076791480864035,0.026626130700773114,1.0
1643258340000.0,91971,1643258340000.0,0.26029763440301634,-0.003106158,1167.4110611132592,1167.694061997992,-5.7,2.7247,5.9,2.679033748350348,long_nclose,15.806299115267054,0.013539617399370835,0.0
1643258340000.0,91971,1643258340000.0,0.4116208847329481,-0.0032435840000000007,1167.819438413992,1167.819438413992,-5.9,2.7488,0.0,2.679033748350348,long_nclose,0.0,0.0,0.0
1643259060000.0,91983,1643259060000.0,0.0,-0.009336810000000001,1167.810101603992,1167.507351603992,17.3,2.6985,17.3,2.6985,long_ientry_normal,46.684050000000006,0.03997572031264267,12.0
1643259720000.0,91994,1643259720000.0,0.1236900000000003,-0.0031010280000000005,1167.930690575992,1168.203290575992,-5.7,2.7202,11.6,2.6985,long_nclose,31.3026,0.026801761656389388,11.0
1643259840000.0,91996,1643259840000.0,0.0824600000000002,-0.002067352,1168.011083223992,1168.194383223992,-3.8,2.7202,7.8,2.6985,long_nclose,21.0483,0.018020633795615724,2.0
1643260080000.0,92000,1643260080000.0,0.0,-0.00512354,1168.005959683992,1167.807759683992,9.5,2.6966,17.3,2.6974566473988437,long_ientry_partial,46.666,0.03995356326146285,4.0
1643261820000.0,92029,1643261820000.0,0.0,-0.009356748000000002,1167.9966029359919,1166.122762935992,17.8,2.6283,35.1,2.662385754985755,long_rentry,93.44973999999999,0.08000857174164332,29.0
1643264100000.0,92067,1643264100000.0,0.24937666666666847,-0.006279858,1168.2396997446585,1168.3476730779919,-11.7,2.6837,23.4,2.662385754985755,long_nclose,62.29982666666666,0.05332794860531062,38.0
1643264160000.0,92068,1643264160000.0,0.16625111111111232,-0.0041865719999999995,1168.4017642837696,1168.6921465059918,-7.8,2.6837,15.6,2.662385754985755,long_nclose,41.53321777777777,0.03554703445970714,1.0
1643264280000.0,92070,1643264280000.0,0.11083407407407489,-0.002791048,1168.5098073098436,1168.7553954579917,-5.2,2.6837,10.4,2.662385754985755,long_nclose,27.688811851851852,0.023695831801016157,2.0
1643264400000.0,92072,1643264400000.0,0.07246843304843358,-0.001824916,1168.580450826892,1168.7317505419917,-3.4,2.6837,7.0,2.662385754985755,long_nclose,18.636700284900282,0.015948153395611644,2.0
1643264580000.0,92075,1643264580000.0,0.15859985754985817,-0.0018953900000000003,1168.737155294442,1168.8968051519917,-3.5,2.7077,3.5,2.662385754985755,long_nclose,9.318350142450141,0.007973007532307428,3.0
1643264700000.0,92077,1643264700000.0,0.07703421652421683,-0.000920618,1168.813268892966,1168.8953745339918,-1.7,2.7077,1.8,2.662385754985755,long_nclose,4.792294358974359,0.004100136853779346,2.0
1643265480000.0,92090,1643265480000.0,0.04078282051282067,-0.0004873860000000001,1168.8535643274788,1168.9000171479915,-0.9,2.7077,0.9,2.662385754985755,long_nclose,2.3961471794871794,0.0020499977521699617,13.0
1643265600000.0,92092,1643265600000.0,0.062382820512820694,-0.0004917060000000001,1168.9154554419915,1168.9154554419915,-0.9,2.7317,0.0,2.662385754985755,long_nclose,0.0,0.0,2.0
1643267700000.0,92127,1643267700000.0,0.0,-0.0093541,1168.9061013419914,1169.2981013419915,17.5,2.6726,17.5,2.6726,long_ientry_normal,46.7705,0.040012195972203395,35.0
1643267940000.0,92131,1643267940000.0,0.1241199999999992,-0.00312504,1169.0270963019914,1169.3476763019914,-5.8,2.694,11.7,2.6726,long_nclose,31.26942,0.02674824227677462,4.0
1643268300000.0,92137,1643268300000.0,0.08345999999999947,-0.00210132,1169.1084549819914,1169.5561749819913,-3.9,2.694,7.8,2.6726,long_nclose,20.84628,0.01783092057128362,6.0
1643268300000.0,92137,1643268300000.0,0.17745000000000036,-0.0021201180000000003,1169.2837848639913,1169.5076448639913,-3.9,2.7181,3.9,2.6726,long_nclose,10.42314,0.008914123444560038,0.0
1643270280000.0,92170,1643270280000.0,0.027819999999999824,-0.0007004400000000001,1169.3109044239914,1169.3379444239913,-1.3,2.694,2.6,2.6726,long_nclose,6.94876,0.005942611134224388,33.0
1643270340000.0,92171,1643270340000.0,0.017119999999999892,-0.00043104000000000005,1169.3275933839914,1169.4075133839913,-0.8,2.694,1.8,2.6726,long_nclose,4.8106800000000005,0.004114056682848019,1.0
1643271240000.0,92186,1643271240000.0,0.012839999999999917,-0.00032328,1169.3401101039915,1169.3705901039914,-0.6,2.694,1.2,2.6726,long_nclose,3.20712,0.002742675097080853,15.0
1643271720000.0,92194,1643271720000.0,0.008559999999999946,-0.00021552000000000002,1169.3484545839915,1169.3727745839915,-0.4,2.694,0.8,2.6726,long_nclose,2.13808,0.0018284370168861644,8.0
1643271840000.0,92196,1643271840000.0,0.004279999999999973,-0.00010776000000000001,1169.3526268239916,1169.3660668239916,-0.2,2.694,0.6,2.6726,long_nclose,1.60356,0.0013713228697790957,2.0
1643272080000.0,92200,1643272080000.0,0.004279999999999973,-0.00010776000000000001,1169.3567990639917,1169.3645590639917,-0.2,2.694,0.4,2.6726,long_nclose,1.06904,0.0009142119846189888,4.0
1643272140000.0,92201,1643272140000.0,0.0021399999999999865,-5.3880000000000006e-05,1169.3588851839918,1169.3689051839917,-0.1,2.694,0.3,2.6726,long_nclose,0.80178,0.0006856577652581352,1.0
1643272320000.0,92204,1643272320000.0,0.0021399999999999865,-5.3880000000000006e-05,1169.3609713039918,1169.3678513039918,-0.1,2.694,0.2,2.6726,long_nclose,0.53452,0.00045710436137092863,3.0
1643272500000.0,92207,1643272500000.0,0.0,-0.009257495999999999,1169.351713807992,1169.521713807992,17.4,2.6602,17.6,2.660340909090909,long_ientry_partial,46.822,0.04004098976134754,3.0
1643272620000.0,92209,1643272620000.0,0.12388272727272938,-0.0031107720000000004,1169.4724857632648,1170.046663035992,-5.8,2.6817,11.8,2.660340909090909,long_nclose,31.392022727272728,0.0268428912261108,2.0
1643272620000.0,92209,1643272620000.0,0.26308272727272947,-0.0031386120000000003,1169.7324298785377,1170.0243844239922,-5.8,2.7057,6.0,2.660340909090909,long_nclose,15.962045454545454,0.013645894605318343,0.0
1643272860000.0,92213,1643272860000.0,0.04271818181818254,-0.0010726800000000001,1169.7740753803557,1169.864711743992,-2.0,2.6817,4.0,2.660340909090909,long_nclose,10.641363636363636,0.00909693919563362,4.0
1643272980000.0,92215,1643272980000.0,0.027766818181818653,-0.000697242,1169.8011449565377,1169.9298245019922,-1.3,2.6817,2.7,2.660340909090909,long_nclose,7.182920454545455,0.006140291865428398,2.0
1643272980000.0,92215,1643272980000.0,0.05896681818181868,-0.0007034820000000001,1169.8594082927193,1169.926131019992,-1.3,2.7057,1.4,2.660340909090909,long_nclose,3.724477272727272,0.003183696473546967,0.0
1643273100000.0,92217,1643273100000.0,0.09696272727272753,-0.000764288,1169.955606731992,1169.955606731992,-1.4,2.7296,0.0,2.660340909090909,long_nclose,0.0,0.0,2.0
1643298060000.0,92633,1643298060000.0,0.0,-0.009333522,1169.9462732099921,1170.1497632099922,17.1,2.7291,17.1,2.7291,long_ientry_normal,46.66761,0.039888677855229766,416.0
1643299680000.0,92660,1643299680000.0,0.0,-0.009360384000000001,1169.936912825992,1168.665282825992,17.6,2.6592,34.7,2.693646397694524,long_rentry,93.46952999999999,0.07989279505184907,27.0
1643301000000.0,92682,1643301000000.0,0.2490164265129724,-0.00624519,1170.179684062505,1170.698287635992,-11.5,2.7153,23.2,2.693646397694524,long_nclose,62.49259642651296,0.0534042739569344,22.0
1643301180000.0,92685,1643301180000.0,0.0,-0.009369934,1170.170314128505,1168.057947701992,17.9,2.6173,41.1,2.6603957768008017,long_rentry,109.34226642651295,0.09344132653710892,3.0
1643303340000.0,92721,1643303340000.0,0.0,-0.010920084000000002,1170.159394044505,1167.770307617992,21.3,2.5634,62.4,2.627286641450528,long_rentry,163.94268642651295,0.14010286740498334,36.0
1643317140000.0,92951,1643317140000.0,0.0,-0.016242768,1170.143151276505,1162.271024849992,32.4,2.5066,94.8,2.58603930829655,long_rentry,245.15652642651293,0.20950985882289064,230.0
1643320200000.0,93002,1643320200000.0,0.6560378578290118,-0.016474976,1170.782714158334,1172.2338298739921,-31.6,2.6068,63.2,2.58603930829655,long_nclose,163.43768428434197,0.13959693998543185,51.0
1643320560000.0,93008,1643320560000.0,0.43597452577244455,-0.01094856,1171.2077401241065,1172.176681313992,-21.0,2.6068,42.2,2.58603930829655,long_nclose,109.13085881011442,0.09317805464515665,6.0
1643320740000.0,93011,1643320740000.0,0.29064968384829637,-0.00729904,1171.4910907679548,1172.053982273992,-14.0,2.6068,28.2,2.58603930829655,long_nclose,72.92630849396271,0.062250843449570645,3.0
1643320800000.0,93012,1643320800000.0,0.19515050201242756,-0.004900784,1171.6813404859672,1172.019001489992,-9.4,2.6068,18.8,2.58603930829655,long_nclose,48.617538995975146,0.04149382371815404,1.0
1643323620000.0,93059,1643323620000.0,0.1287162885613884,-0.0032324320000000004,1171.8068243425287,1172.0079290579922,-6.2,2.6068,12.6,2.58603930829655,long_nclose,32.58409528453653,0.027806712341702438,47.0
1643323800000.0,93062,1643323800000.0,0.08719490515448891,-0.002189712,1171.8918295356832,1172.0930993459922,-4.2,2.6068,8.4,2.58603930829655,long_nclose,21.72273018969102,0.018536463555939128,3.0
1643323920000.0,93064,1643323920000.0,0.05812993676965927,-0.001459808,1171.9484996644528,1172.0714795379922,-2.8,2.6068,5.6,2.58603930829655,long_nclose,14.48182012646068,0.012357044810934142,2.0
1643324040000.0,93066,1643324040000.0,0.03736924506620953,-0.000938448,1171.984930461519,1172.0759810899922,-1.8,2.6068,3.8,2.58603930829655,long_nclose,9.82694937152689,0.00838487690081229,2.0
1643324280000.0,93070,1643324280000.0,0.02491283004413969,-0.000625632,1172.009217659563,1172.071515457992,-1.2,2.6068,2.6,2.58603930829655,long_nclose,6.72370220157103,0.005736902150819161,4.0
1643325900000.0,93097,1643325900000.0,0.016608553362759793,-0.000417088,1172.025409124926,1172.0595383699922,-0.8,2.6068,1.8,2.58603930829655,long_nclose,4.65487075493379,0.003971646620195099,27.0
1643325960000.0,93098,1643325960000.0,0.012456415022069844,-0.000312816,1172.0375527239482,1172.0675055539923,-0.6,2.6068,1.2,2.58603930829655,long_nclose,3.10324716995586,0.0026477369797098752,1.0
1643326320000.0,93104,1643326320000.0,0.008304276681379896,-0.000208544,1172.0456484566296,1172.0744170099924,-0.4,2.6068,0.8,2.58603930829655,long_nclose,2.06883144663724,0.0017651457939044557,6.0
1643326380000.0,93105,1643326380000.0,0.017624276681380027,-0.00021040800000000004,1172.063062325311,1172.0834466019924,-0.4,2.6301,0.4,2.58603930829655,long_nclose,1.03441572331862,0.000882559784169287,1.0
1643326380000.0,93105,1643326380000.0,0.026944276681379976,-0.00021227200000000003,1172.0897943299924,1172.0897943299924,-0.4,2.6534,0.0,2.58603930829655,long_nclose,0.0,0.0,0.0
1643372520000.0,93874,1643372520000.0,0.0,-0.00937728,1172.0804170499923,1171.9040170499923,18.0,2.6048,18.0,2.6048,long_ientry_normal,46.8864,0.04000271595528259,769.0
1643374080000.0,93900,1643374080000.0,0.0,-0.009390599999999999,1172.0710264499924,1170.8321264499923,18.5,2.538,36.5,2.5709424657534248,long_rentry,93.8394,0.0800628954067945,26.0
1643376660000.0,93943,1643376660000.0,0.24995616438356172,-0.006271672000000001,1172.314710942376,1172.8773147779925,-12.1,2.5916,24.4,2.5709424657534248,long_nclose,62.73099616438356,0.053510371898307645,43.0
1643376780000.0,93945,1643376780000.0,0.16732602739726032,-0.004198392,1172.4778385777731,1172.8210763859922,-8.1,2.5916,16.3,2.5709424657534248,long_nclose,41.90636219178083,0.03574170940630626,2.0
1643377620000.0,93959,1643377620000.0,0.3544360273972595,-0.004235814,1172.8280387911705,1173.1975105719923,-8.1,2.6147,8.2,2.5709424657534248,long_nclose,21.081728219178082,0.017975122969354433,14.0
1643378100000.0,93967,1643378100000.0,0.1794058904109585,-0.002144054,1173.0053006275814,1173.1982365179924,-4.1,2.6147,4.1,2.5709424657534248,long_nclose,10.540864109589041,0.008986203305261679,8.0
1643378520000.0,93974,1643378520000.0,0.0875150684931505,-0.0010458800000000001,1173.0917698160745,1173.1758906379923,-2.0,2.6147,2.1,2.5709424657534248,long_nclose,5.398979178082192,0.0046023502312429335,7.0
1643378580000.0,93975,1643378580000.0,0.04375753424657525,-0.0005229400000000001,1173.135004410321,1173.1856676979924,-1.0,2.6147,1.1,2.5709424657534248,long_nclose,2.8280367123287675,0.002410666037324738,1.0
1643378700000.0,93977,1643378700000.0,0.0736532876712329,-0.0005803380000000001,1173.2080773599923,1173.2080773599923,-1.1,2.6379,0.0,2.5709424657534248,long_nclose,0.0,0.0,2.0
1643472540000.0,95541,1643472540000.0,0.0,-0.009368064,1173.1987092959923,1173.2123892959924,17.1,2.7392,17.1,2.7392,long_ientry_normal,46.84032,0.03992530815867307,1564.0
1643475480000.0,95590,1643475480000.0,0.12540000000000137,-0.0031477680000000004,1173.3209615279923,1173.5694815279924,-5.7,2.7612,11.4,2.7392,long_nclose,31.226879999999998,0.026614098804928755,49.0
1643475540000.0,95591,1643475540000.0,0.08360000000000091,-0.002098512,1173.4024630159922,1173.6365430159922,-3.8,2.7612,7.6,2.7392,long_nclose,20.817919999999997,0.017741500172491348,1.0
1643475960000.0,95598,1643475960000.0,0.17745999999999987,-0.0021172839999999997,1173.5778057319924,1173.7594457319924,-3.8,2.7859,3.8,2.7392,long_nclose,10.408959999999999,0.00886942471914561,7.0
1643476740000.0,95611,1643476740000.0,0.0,-0.0073206880000000005,1173.5704850439924,1173.2732850439925,13.4,2.7316,17.2,2.733279069767442,long_ientry_partial,47.0124,0.04005928966272332,13.0
1643476740000.0,95611,1643476740000.0,0.033505116279069644,-0.000662688,1173.6033274722715,1173.3268623559925,-1.2,2.7612,16.0,2.733279069767442,long_nclose,43.73246511627907,0.037263412681754114,0.0
1643477520000.0,95624,1643477520000.0,0.0,-0.009379744,1173.5939477282716,1172.7083626119925,17.6,2.6647,33.6,2.6973566998892577,long_rentry,90.63118511627907,0.07722533444528583,13.0
1643478180000.0,95635,1643478180000.0,0.24240496124031166,-0.006090559999999999,1173.8302621295118,1174.3374720519923,-11.2,2.719,22.4,2.6973566998892577,long_nclose,60.42079007751937,0.05147319167586172,11.0
1643479500000.0,95657,1643479500000.0,0.514564961240314,-0.006144992,1174.338682098752,1174.8498870599924,-11.2,2.7433,11.2,2.6973566998892577,long_nclose,30.210395038759685,0.025725453397113972,22.0
1643479620000.0,95659,1643479620000.0,0.257282480620157,-0.003072496,1174.5928920833724,1174.7980945639924,-5.6,2.7433,5.6,2.6973566998892577,long_nclose,15.105197519379843,0.012859942896970705,2.0
1643479680000.0,95660,1643479680000.0,0.1286412403100785,-0.001536248,1174.7199970756824,1174.8617983159925,-2.8,2.7433,2.8,2.6973566998892577,long_nclose,7.552598759689921,0.006429275723994795,1.0
1643480220000.0,95669,1643480220000.0,0.06432062015503925,-0.000768124,1174.7835495718375,1174.8488501919926,-1.4,2.7433,1.4,2.6973566998892577,long_nclose,3.7762993798449607,0.003214463959102316,9.0
1643480520000.0,95674,1643480520000.0,0.03216031007751963,-0.000384062,1174.815325819915,1174.8514761299925,-0.7,2.7433,0.7,2.6973566998892577,long_nclose,1.8881496899224803,0.0016071885073551645,5.0
1643481060000.0,95683,1643481060000.0,0.013782990033222697,-0.000164598,1174.828944211948,1174.8480015319924,-0.3,2.7433,0.4,2.6973566998892577,long_nclose,1.0789426799557031,0.0009183827869336642,9.0
1643481420000.0,95689,1643481420000.0,0.009188660022148465,-0.00010973200000000001,1174.8380231399701,1174.8479517999922,-0.2,2.7433,0.2,2.6973566998892577,long_nclose,0.5394713399778516,0.0004591878449218178,6.0
1643481960000.0,95698,1643481960000.0,0.0045943300110742324,-5.4866000000000006e-05,1174.8425626039812,1174.8498269339923,-0.1,2.7433,0.1,2.6973566998892577,long_nclose,0.2697356699889258,0.00022959303533493872,9.0
1643481960000.0,95698,1643481960000.0,0.00702433001107421,-5.5352e-05,1174.8495315819923,1174.8495315819923,-0.1,2.7676,0.0,2.6973566998892577,long_nclose,0.0,0.0,0.0
1643482860000.0,95713,1643482860000.0,0.0,-0.009394938,1174.8401366439923,1174.8522466439922,17.3,2.7153,17.3,2.7153,long_ientry_normal,46.97469,0.03998389954073775,15.0
1643483460000.0,95723,1643483460000.0,0.12425999999999897,-0.003120294,1174.9612763499924,1175.2013963499924,-5.7,2.7371,11.6,2.7153,long_nclose,31.49748,0.026807249425144175,10.0
1643483520000.0,95724,1643483520000.0,0.08283999999999932,-0.002080196,1175.0420361539925,1175.2658961539926,-3.8,2.7371,7.8,2.7153,long_nclose,21.17934,0.018024325384410664,1.0
1643483700000.0,95727,1643483700000.0,0.05667999999999953,-0.001423292,1175.0972928619924,1175.2413328619923,-2.6,2.7371,5.2,2.7153,long_nclose,14.11956,0.012015651883267722,3.0
1643484360000.0,95738,1643484360000.0,0.03705999999999969,-0.000930614,1175.1334222479925,1175.1778722479926,-1.7,2.7371,3.5,2.7153,long_nclose,9.50355,0.008087209350083852,11.0
1643484420000.0,95739,1643484420000.0,0.023979999999999804,-0.000602162,1175.1568000859925,1175.2064800859926,-1.1,2.7371,2.4,2.7153,long_nclose,6.51672,0.005545404663890927,1.0
1643484540000.0,95741,1643484540000.0,0.017439999999999855,-0.00043793600000000004,1175.1738021499925,1175.2101221499925,-0.8,2.7371,1.6,2.7153,long_nclose,4.34448,0.0036968829564203434,2.0
1643484720000.0,95744,1643484720000.0,0.01089999999999991,-0.00027371,1175.1844284399924,1175.2104984399923,-0.5,2.7371,1.1,2.7153,long_nclose,2.9868300000000003,0.0025415840507390748,3.0
1643484840000.0,95746,1643484840000.0,0.006539999999999946,-0.00016422599999999998,1175.1908042139926,1175.2057642139926,-0.3,2.7371,0.8,2.7153,long_nclose,2.17224,0.0018484147358971785,2.0
1643484900000.0,95747,1643484900000.0,0.004359999999999964,-0.00010948400000000001,1175.1950547299925,1175.2158747299925,-0.2,2.7371,0.6,2.7153,long_nclose,1.62918,0.0013863060378298759,1.0
1643485500000.0,95757,1643485500000.0,0.004359999999999964,-0.00010948400000000001,1175.1993052459925,1175.2103852459925,-0.2,2.7371,0.4,2.7153,long_nclose,1.08612,0.0009242006825154254,10.0
1643486700000.0,95777,1643486700000.0,0.00923999999999996,-0.00011046000000000001,1175.2084347859925,1175.2173747859924,-0.2,2.7615,0.2,2.7153,long_nclose,0.54306,0.0004620967514574486,20.0
1643486760000.0,95778,1643486760000.0,0.00461999999999998,-5.5230000000000005e-05,1175.2129995559924,1175.2169695559924,-0.1,2.7615,0.1,2.7153,long_nclose,0.27153,0.00023104747828911595,1.0
1643486820000.0,95779,1643486820000.0,0.00461999999999998,-5.5230000000000005e-05,1175.2175643259923,1175.2175643259923,-0.1,2.7615,0.0,2.7153,long_nclose,0.0,0.0,1.0
1643514480000.0,96240,1643514480000.0,0.0,-0.009421055999999999,1175.2081432699922,1175.1524632699923,17.4,2.7072,17.4,2.7072,long_ientry_normal,47.10527999999999,0.04008249965740582,461.0
1643516700000.0,96277,1643516700000.0,0.1258600000000003,-0.003165524,1175.3308377459923,1175.5837177459923,-5.8,2.7289,11.6,2.7072,long_nclose,31.403519999999997,0.02671887692509162,37.0
1643517960000.0,96298,1643517960000.0,0.0824600000000002,-0.0020739639999999998,1175.4112237819925,1175.5734637819926,-3.8,2.7289,7.8,2.7072,long_nclose,21.116159999999997,0.017964912681416152,21.0
1643518020000.0,96299,1643518020000.0,0.05642000000000014,-0.0014190280000000001,1175.4662247539923,1175.5743847539923,-2.6,2.7289,5.2,2.7072,long_nclose,14.07744,0.011976048059523105,1.0
1643518080000.0,96300,1643518080000.0,0.03689000000000009,-0.000927826,1175.5021869279924,1175.5854869279924,-1.7,2.7289,3.5,2.7072,long_nclose,9.4752,0.008060554974178385,1.0
1643518260000.0,96303,1643518260000.0,0.02387000000000006,-0.0006003580000000001,1175.5254565699925,1175.5729765699925,-1.1,2.7289,2.4,2.7072,long_nclose,6.497279999999999,0.005527128284365777,3.0
1643518380000.0,96305,1643518380000.0,0.017360000000000042,-0.00043662400000000004,1175.5423799459925,1175.5756599459926,-0.8,2.7289,1.6,2.7072,long_nclose,4.33152,0.0036846991430449336,2.0
1643518440000.0,96306,1643518440000.0,0.010850000000000026,-0.00027289,1175.5529570559925,1175.5769370559924,-0.5,2.7289,1.1,2.7072,long_nclose,2.97792,0.0025332078679447868,1.0
1643521140000.0,96351,1643521140000.0,0.023050000000000015,-0.00027533,1175.5757317259925,1175.6038117259925,-0.5,2.7533,0.6,2.7072,long_nclose,1.6243199999999998,0.0013817229772301919,45.0
1643521620000.0,96359,1643521620000.0,0.013830000000000009,-0.000165198,1175.5893965279924,1175.6034365279925,-0.3,2.7533,0.3,2.7072,long_nclose,0.8121599999999999,0.0006908534581875681,8.0
1643523120000.0,96384,1643523120000.0,0.004610000000000003,-5.5066000000000004e-05,1175.5939514619924,1175.6037114619924,-0.1,2.7533,0.2,2.7072,long_nclose,0.54144,0.00046056718761325224,25.0
1643523300000.0,96387,1643523300000.0,0.004610000000000003,-5.5066000000000004e-05,1175.5985063959924,1175.6029863959925,-0.1,2.7533,0.1,2.7072,long_nclose,0.27072,0.00023028270155764369,3.0
1643523360000.0,96388,1643523360000.0,0.004610000000000003,-5.5066000000000004e-05,1175.6030613299924,1175.6030613299924,-0.1,2.7533,0.0,2.7072,long_nclose,0.0,0.0,1.0
1643569560000.0,97158,1643569560000.0,0.0,-0.009384186000000001,1175.5936771439924,1175.5600471439925,17.7,2.6509,17.7,2.6509,long_ientry_normal,46.92093,0.03991254028687064,770.0
1643572200000.0,97202,1643572200000.0,0.0,-0.009402120000000002,1175.5842750239924,1174.1311450239923,18.2,2.583,35.9,2.6164771587743734,long_rentry,93.93153,0.07990199596543851,44.0
1643580720000.0,97344,1643580720000.0,0.0,-0.009404904,1175.5748701199925,1172.7763201199925,18.6,2.5282,54.5,2.5863495412844038,long_rentry,140.95605,0.11990393260585132,142.0
1643580780000.0,97345,1643580780000.0,0.0,-0.014026046,1175.5608440739925,1172.0541640739925,28.3,2.4781,82.8,2.549351207729469,long_rentry,211.08628000000002,0.17956219030608828,1.0
1643584260000.0,97403,1643584260000.0,0.564386666666655,-0.014185296,1176.111045444659,1177.1956587779923,-27.6,2.5698,55.2,2.549351207729469,long_nclose,140.7241866666667,0.11965212571697453,58.0
1643584320000.0,97404,1643584320000.0,0.37625777777777,-0.009456863999999999,1176.4778463584369,1177.3849219139925,-18.4,2.5698,36.8,2.549351207729469,long_nclose,93.81612444444444,0.07974321380962199,1.0
1643584680000.0,97410,1643584680000.0,0.7994577777777724,-0.009541504,1177.2677626322145,1178.1077004099923,-18.4,2.5928,18.4,2.549351207729469,long_nclose,46.90806222222222,0.03984485408599146,6.0
1643584800000.0,97412,1643584800000.0,0.3997288888888862,-0.004770752,1177.6627207691033,1178.2298896579923,-9.2,2.5928,9.2,2.549351207729469,long_nclose,23.45403111111111,0.01991574556745232,2.0
1643585220000.0,97419,1643585220000.0,0.1998644444444431,-0.002385376,1177.860199837548,1178.0793842819924,-4.6,2.5928,4.6,2.549351207729469,long_nclose,11.727015555555555,0.009956203254998311,7.0
1643585460000.0,97423,1643585460000.0,0.09993222222222155,-0.001192688,1177.9589393717702,1178.0777315939924,-2.3,2.5928,2.3,2.549351207729469,long_nclose,5.8635077777777775,0.004977684350275322,4.0
1643585760000.0,97428,1643585760000.0,0.04779367149758423,-0.0005704160000000001,1178.0061626272677,1178.0585411779923,-1.1,2.5928,1.2,2.549351207729469,long_nclose,3.0592214492753627,0.002596948595287892,5.0
1643585880000.0,97430,1643585880000.0,0.026069275362318668,-0.000311136,1178.03192076663,1178.0599100419925,-0.6,2.5928,0.6,2.549351207729469,long_nclose,1.5296107246376813,0.0012984459059838156,2.0
1643587800000.0,97462,1643587800000.0,0.004089758454106196,-0.000102792,1178.035907733084,1178.0393672499922,-0.2,2.5698,0.4,2.549351207729469,long_nclose,1.0197404830917876,0.0008656276743330283,32.0
1643588520000.0,97474,1643588520000.0,0.0,-0.009221226,1178.0266865070842,1177.9648160239924,18.1,2.5473,18.5,2.547344350437394,long_ientry_partial,47.12587048309179,0.04000407717657285,12.0
1643588760000.0,97478,1643588760000.0,0.12477946233189682,-0.0031327160000000002,1178.148333253416,1178.5160633079922,-6.1,2.5678,12.4,2.547344350437394,long_nclose,31.587069945423686,0.026810775055970314,4.0
1643589720000.0,97494,1643589720000.0,0.0,-0.0031025819999999996,1178.145230671416,1178.0167507259923,6.1,2.5431,18.5,2.5459448619147937,long_ientry_partial,47.099979945423684,0.03997807631796104,16.0
1643594520000.0,97574,1643594520000.0,0.0,-0.009426660000000002,1178.135804011416,1176.9025240659923,19.0,2.4807,37.5,2.5128874652112985,long_rentry,94.23327994542369,0.07998507440701681,80.0
1643621880000.0,98030,1643621880000.0,0.2526566848587708,-0.006332750000000001,1178.3821279462747,1178.9349413159923,-12.5,2.5331,25.0,2.5128874652112985,long_nclose,62.82218663028246,0.0533122364472475,456.0
1643624880000.0,98080,1643624880000.0,0.5351566848587674,-0.00638925,1178.9108953811335,1179.4123020659922,-12.5,2.5557,12.5,2.5128874652112985,long_nclose,31.41109331514123,0.026644162369019626,50.0
1643626200000.0,98102,1643626200000.0,0.2654377156899487,-0.003169068,1179.1731640288235,1179.5014729979923,-6.2,2.5557,6.3,2.5128874652112985,long_nclose,15.83119103083118,0.013425671066615458,22.0
1643626380000.0,98105,1643626380000.0,0.13271885784497434,-0.001584534,1179.3042983526686,1179.4358584639924,-3.1,2.5557,3.2,2.5128874652112985,long_nclose,8.041239888676156,0.006818630187228775,3.0
1643626500000.0,98107,1643626500000.0,0.06850005566192223,-0.0008178240000000001,1179.3719805843305,1179.4377606399923,-1.6,2.5557,1.6,2.5128874652112985,long_nclose,4.020619944338078,0.0034091194385897023,2.0
1643626560000.0,98108,1643626560000.0,0.034250027830961115,-0.00040891200000000004,1179.4058217001614,1179.4419117279924,-0.8,2.5557,0.8,2.5128874652112985,long_nclose,2.010309972169039,0.0017045108097491798,1.0
1643626800000.0,98112,1643626800000.0,0.017125013915480557,-0.00020445600000000002,1179.422742258077,1179.4407872719926,-0.4,2.5557,0.4,2.5128874652112985,long_nclose,1.0051549860845195,0.0008522431780144317,4.0
1643627340000.0,98121,1643627340000.0,0.008562506957740279,-0.00010222800000000001,1179.4312025370348,1179.4394250439925,-0.2,2.5557,0.2,2.5128874652112985,long_nclose,0.5025774930422597,0.0004261185323579554,9.0
1643627520000.0,98124,1643627520000.0,0.004281253478870139,-5.1114000000000006e-05,1179.4354326765138,1179.4393439299927,-0.1,2.5557,0.1,2.5128874652112985,long_nclose,0.25128874652112987,0.0002130585020248848,3.0
1643627820000.0,98129,1643627820000.0,0.004281253478870139,-5.1114000000000006e-05,1179.4396628159927,1179.4396628159927,-0.1,2.5557,0.0,2.5128874652112985,long_nclose,0.0,0.0,5.0
1643816160000.0,101268,1643816160000.0,0.0,-0.009462000000000002,1179.4302008159927,1179.2808008159927,16.6,2.85,16.6,2.85,long_ientry_normal,47.31,0.04011258993306125,3139.0
1643816700000.0,101277,1643816700000.0,0.12594999999999956,-0.0031601900000000002,1179.5529906259928,1179.9525906259928,-5.5,2.8729,11.1,2.85,long_nclose,31.635,0.026819481830325568,9.0
1643816940000.0,101281,1643816940000.0,0.2667499999999987,-0.00318835,1179.8165522759928,1180.2029522759929,-5.5,2.8985,5.6,2.85,long_nclose,15.959999999999999,0.01352752677457478,4.0
1643817300000.0,101287,1643817300000.0,0.13579999999999934,-0.0016231599999999998,1179.9507291159928,1180.0739291159928,-2.8,2.8985,2.8,2.85,long_nclose,7.9799999999999995,0.006762994253140159,6.0
1643817360000.0,101288,1643817360000.0,0.06789999999999967,-0.0008115799999999999,1180.017817535993,1180.092017535993,-1.4,2.8985,1.4,2.85,long_nclose,3.9899999999999998,0.003381304875829383,1.0
1643817480000.0,101290,1643817480000.0,0.033949999999999834,-0.00040578999999999995,1180.0513617459928,1180.083561745993,-0.7,2.8985,0.7,2.85,long_nclose,1.9949999999999999,0.0016906043793282156,2.0
1643817540000.0,101291,1643817540000.0,0.01454999999999993,-0.00017391,1180.0657378359929,1180.0857378359929,-0.3,2.8985,0.4,2.85,long_nclose,1.1400000000000001,0.0009660478763585955,1.0
1643817720000.0,101294,1643817720000.0,0.009699999999999953,-0.00011594,1180.075321895993,1180.084721895993,-0.2,2.8985,0.2,2.85,long_nclose,0.5700000000000001,0.0004830200152683453,3.0
1643818020000.0,101299,1643818020000.0,0.0,-0.009340784,1180.065981111993,1179.7036611119931,16.4,2.8478,16.6,2.847826506024096,long_ientry_partial,47.27392,0.040060404042368124,5.0
1643821620000.0,101359,1643821620000.0,0.12580421686747134,-0.00315777,1180.1886275588606,1180.5679533419932,-5.5,2.8707,11.1,2.847826506024096,long_nclose,31.610874216867465,0.026784594834007504,60.0
1643821800000.0,101362,1643821800000.0,0.26660421686747293,-0.0031859300000000004,1180.4520458457282,1180.7666174119934,-5.5,2.8963,5.6,2.847826506024096,long_nclose,15.947828433734935,0.013509933325846544,3.0
1643822220000.0,101369,1643822220000.0,0.13572578313253167,-0.0016219280000000001,1180.5861497008607,1180.7126354839932,-2.8,2.8963,2.8,2.847826506024096,long_nclose,7.973914216867468,0.006754199360112698,7.0
1643823480000.0,101390,1643823480000.0,0.02058614457831349,-0.000516726,1180.6062191194392,1180.6502487579935,-0.9,2.8707,1.9,2.847826506024096,long_nclose,5.410870361445782,0.004583128797577829,21.0
1643825340000.0,101421,1643825340000.0,0.013724096385542327,-0.000344484,1180.6195987318247,1180.6458242739934,-0.6,2.8707,1.3,2.847826506024096,long_nclose,3.7021744578313247,0.003135789429387802,31.0
1643825520000.0,101424,1643825520000.0,0.009149397590361553,-0.000229656,1180.628518473415,1180.6457746179933,-0.4,2.8707,0.9,2.847826506024096,long_nclose,2.5630438554216863,0.0021709147418662836,3.0
1643825580000.0,101425,1643825580000.0,0.0068620481927711635,-0.000172242,1180.6352082796077,1180.6479123759932,-0.3,2.8707,0.6,2.847826506024096,long_nclose,1.7086959036144576,0.0014472682939079267,1.0
1643825700000.0,101427,1643825700000.0,0.0045746987951807766,-0.000114828,1180.6396681504027,1180.648937547993,-0.2,2.8707,0.4,2.847826506024096,long_nclose,1.1391306024096384,0.0009648418845643288,2.0
1643825820000.0,101429,1643825820000.0,0.0022873493975903883,-5.7414e-05,1180.6418980858004,1180.6482501339933,-0.1,2.8707,0.3,2.847826506024096,long_nclose,0.8543479518072288,0.0007236300466656326,2.0
1643825880000.0,101430,1643825880000.0,0.0022873493975903883,-5.7414e-05,1180.6441280211982,1180.6491627199935,-0.1,2.8707,0.2,2.847826506024096,long_nclose,0.5695653012048192,0.00048241911994212095,1.0
1643826000000.0,101432,1643826000000.0,0.0022873493975903883,-5.7414e-05,1180.646357956596,1180.6486753059935,-0.1,2.8707,0.1,2.847826506024096,long_nclose,0.2847826506024096,0.00024120910438863103,2.0
1643826300000.0,101437,1643826300000.0,0.0022873493975903883,-5.7414e-05,1180.6485878919937,1180.6485878919937,-0.1,2.8707,0.0,2.847826506024096,long_nclose,0.0,0.0,5.0
1643836920000.0,101614,1643836920000.0,0.0,-0.009470903999999999,1180.6391169879937,1180.6290969879938,16.7,2.8356,16.7,2.8356,long_ientry_normal,47.354519999999994,0.04010922501094935,177.0
1643837160000.0,101618,1643837160000.0,0.12540000000000084,-0.00314424,1180.7613727479936,1181.0234527479936,-5.5,2.8584,11.2,2.8356,long_nclose,31.758719999999997,0.02689681482896728,4.0
1643837280000.0,101620,1643837280000.0,0.08436000000000057,-0.0021152160000000005,1180.8436175319937,1181.0416175319938,-3.7,2.8584,7.5,2.8356,long_nclose,21.267,0.01801000546071359,2.0
1643837520000.0,101624,1643837520000.0,0.057000000000000384,-0.0014292,1180.8991883319936,1180.9811883319937,-2.5,2.8584,5.0,2.8356,long_nclose,14.177999999999999,0.012006105296783427,4.0
1643837640000.0,101626,1643837640000.0,0.0,-0.006632495999999999,1180.8925558359936,1180.8464758359935,11.7,2.8344,16.7,2.8347592814371256,long_ientry_partial,47.34048,0.04008872760357616,2.0
1643843160000.0,101718,1643843160000.0,0.12507395209580863,-0.0031432499999999998,1181.0144865380894,1181.8235825859936,-5.5,2.8575,11.2,2.8347592814371256,long_nclose,31.749303952095804,0.026883077484648486,92.0
1643843160000.0,101718,1643843160000.0,0.26532395209580906,-0.0031713,1181.276639190185,1181.6884112859934,-5.5,2.883,5.7,2.8347592814371256,long_nclose,16.158127904191616,0.01367852996336971,0.0
1643843220000.0,101719,1643843220000.0,0.42089209580838305,-0.0033158040000000003,1181.6942154819933,1181.6942154819933,-5.7,2.9086,0.0,2.8347592814371256,long_nclose,0.0,0.0,1.0
1643844360000.0,101738,1643844360000.0,0.0,-0.009429504,1181.6847859779932,1181.8796659779932,16.8,2.8064,16.8,2.8064,long_ientry_normal,47.14752,0.039898558870739356,19.0
1643844420000.0,101739,1643844420000.0,0.1259999999999998,-0.003168368,1181.8076176099933,1182.2959376099932,-5.6,2.8289,11.2,2.8064,long_nclose,31.431679999999997,0.026596274665723743,1.0
1643844720000.0,101744,1643844720000.0,0.26768000000000036,-0.003196704,1182.0721009059932,1182.4282609059933,-5.6,2.8542,5.6,2.8064,long_nclose,15.715839999999998,0.013295161934669359,5.0
1643844840000.0,101746,1643844840000.0,0.4093600000000009,-0.00322504,1182.4782358659934,1182.4782358659934,-5.6,2.8795,0.0,2.8064,long_nclose,0.0,0.0,2.0
1643921580000.0,103025,1643921580000.0,0.0,-0.009430368,1182.4688054979933,1182.6233654979933,13.8,3.4168,13.8,3.4168,long_ientry_normal,47.15184,0.039875758058701714,1279.0
1643921700000.0,103027,1643921700000.0,0.1260400000000004,-0.003168664,1182.5916768339935,1183.0351168339935,-4.6,3.4442,9.2,3.4168,long_nclose,31.434559999999998,0.026581076643593382,2.0
1643921820000.0,103029,1643921820000.0,0.0,-0.0031430879999999996,1182.5885337459936,1182.7587337459936,4.6,3.4164,13.8,3.416666666666666,long_ientry_partial,47.14999999999999,0.03987016502743064,2.0
1643922000000.0,103032,1643922000000.0,0.1261933333333368,-0.003168572,1182.7115585073268,1183.4690251739935,-4.6,3.4441,9.2,3.416666666666666,long_nclose,31.433333333333326,0.026577345175356717,3.0
1643922000000.0,103032,1643922000000.0,0.26741333333333656,-0.003196816,1182.9757750246602,1183.3545083579934,-4.6,3.4748,4.6,3.416666666666666,long_nclose,15.716666666666663,0.013285704575259823,0.0
1643922060000.0,103033,1643922060000.0,0.40909333333333525,-0.0032251520000000002,1183.3816432059937,1183.3816432059937,-4.6,3.5056,0.0,3.416666666666666,long_nclose,0.0,0.0,1.0
1643923260000.0,103053,1643923260000.0,0.0,-0.009495090000000001,1183.3721481159937,1183.5041981159936,13.9,3.4155,13.9,3.4155,long_ientry_normal,47.47545,0.04011878264634168,20.0
1643923320000.0,103054,1643923320000.0,0.12603999999999838,-0.0031674679999999997,1183.495020647994,1183.7693706479938,-4.6,3.4429,9.3,3.4155,long_nclose,31.764150000000004,0.02683927641926902,1.0
1643923440000.0,103056,1643923440000.0,0.0,-0.0031420759999999997,1183.491878571994,1183.319048571994,4.6,3.4153,13.9,3.41543381294964,long_ientry_partial,47.47453,0.04011394658430859,2.0
1643923440000.0,103056,1643923440000.0,0.08514517985611487,-0.002134598,1183.57488915385,1183.440603973994,-3.1,3.4429,10.8,3.41543381294964,long_nclose,36.886685179856116,0.031165484768122097,0.0
1643923500000.0,103057,1643923500000.0,0.0,-0.0021098600000000003,1183.57277929385,1183.355094113994,3.1,3.403,13.9,3.4126608043061957,long_ientry_partial,47.43598517985612,0.04007863817902068,1.0
1643923860000.0,103063,1643923860000.0,0.12576030019149964,-0.0031647999999999997,1183.6953747940418,1183.9682293139942,-4.6,3.44,9.3,3.4126608043061957,long_nclose,31.73774548004762,0.02681242670697253,6.0
1643924100000.0,103067,1643924100000.0,0.08475150665079326,-0.0021328000000000002,1183.7779935006924,1184.077696513994,-3.1,3.44,6.2,3.4126608043061957,long_nclose,21.158496986698413,0.017873703602250685,4.0
1643924640000.0,103076,1643924640000.0,0.05467839138760855,-0.001376,1183.83129589208,1183.916720513994,-2.0,3.44,4.2,3.4126608043061957,long_nclose,14.333175378086022,0.012107447596479706,9.0
1643924700000.0,103077,1643924700000.0,0.0,-0.006620056,1183.8246758360801,1183.762420457994,9.7,3.4124,13.9,3.41247880417885,long_ientry_partial,47.433455378086016,0.040067973194245154,1.0
1643924880000.0,103080,1643924880000.0,0.1256775007772905,-0.003164616,1183.9471887208574,1184.277535841994,-4.6,3.4398,9.3,3.41247880417885,long_nclose,31.736052878863305,0.026805294341845684,3.0
1643924940000.0,103081,1643924940000.0,0.26735750077729126,-0.003192952,1184.2113532696346,1184.439402889994,-4.6,3.4706,4.7,3.41247880417885,long_nclose,16.038650379640593,0.01354373975165625,1.0
1643925000000.0,103082,1643925000000.0,0.13367875038864563,-0.001596476,1184.3434355440234,1184.531886413994,-2.3,3.4706,2.4,3.41247880417885,long_nclose,8.18994913002924,0.006915180921543437,1.0
1643925000000.0,103082,1643925000000.0,0.21317086997076054,-0.001680624,1184.554925789994,1184.554925789994,-2.4,3.5013,0.0,3.41247880417885,long_nclose,0.0,0.0,0.0
1643931900000.0,103197,1643931900000.0,0.0,-0.009477576,1184.545448213994,1184.653868213994,13.9,3.4092,13.9,3.4092,long_ientry_normal,47.387879999999996,0.04000511763516493,115.0
1643932920000.0,103214,1643932920000.0,0.12558000000000147,-0.00316158,1184.6678666339938,1185.1124066339937,-4.6,3.4365,9.3,3.4092,long_nclose,31.705560000000002,0.026763248073981498,17.0
1643933040000.0,103216,1643933040000.0,0.0,-0.003133336,1184.6647332979937,1184.4968932979937,4.6,3.4058,13.9,3.4080748201438844,long_ientry_partial,47.37224,0.0399878874321853,2.0
1643933100000.0,103217,1643933100000.0,0.12569582733813175,-0.003160568,1184.7872685573318,1184.6935727299938,-4.6,3.4354,9.3,3.4080748201438844,long_nclose,31.69509582733813,0.026751718784024395,1.0
1643933160000.0,103218,1643933160000.0,0.0,-0.00312616,1184.7841423973318,1184.4680465699937,4.6,3.398,13.9,3.404740707002743,long_ientry_partial,47.32589582733813,0.03994474109990815,1.0
1643933580000.0,103225,1643933580000.0,0.0,-0.00948805,1184.7746543473318,1183.5479085199936,14.3,3.3175,28.2,3.3605016250829123,long_rentry,94.76614582733812,0.07998664174626766,7.0
1643937780000.0,103295,1643937780000.0,0.25378472422062626,-0.006368500000000001,1185.0220705715524,1185.3322400199936,-9.4,3.3875,18.8,3.3605016250829123,long_nclose,63.17743055155875,0.05331329442757755,70.0
1643937840000.0,103296,1643937840000.0,0.16738992448594497,-0.0042005,1185.1852599960382,1185.5695395199934,-6.2,3.3875,12.6,3.3605016250829123,long_nclose,42.34232047604469,0.03572633064655751,1.0
1643937900000.0,103297,1643937900000.0,0.3603497619776524,-0.004306302000000001,1185.5413034560158,1185.9350432179936,-6.3,3.4177,6.3,3.3605016250829123,long_nclose,21.171160238022345,0.01785780063191852,1.0
1643938080000.0,103300,1643938080000.0,0.1773149622429718,-0.002118974,1185.7164994442587,1185.9132942439935,-3.1,3.4177,3.2,3.3605016250829123,long_nclose,10.75360520026532,0.009069288658212564,3.0
1643938320000.0,103304,1643938320000.0,0.0915173998673403,-0.001093664,1185.806923180126,1185.9021205799934,-1.6,3.4177,1.6,3.3605016250829123,long_nclose,5.37680260013266,0.004534298539692296,4.0
1643938440000.0,103306,1643938440000.0,0.04575869993367015,-0.000546832,1185.8521350480596,1185.8997337479932,-0.8,3.4177,0.8,3.3605016250829123,long_nclose,2.68840130006633,0.002267062832380342,2.0
1643938740000.0,103311,1643938740000.0,0.0,-0.00893508,1185.8431999680597,1185.7993986679933,13.2,3.3845,14.0,3.383128664290452,long_ientry_partial,47.36380130006633,0.039941032086992664,5.0
1643940720000.0,103344,1643940720000.0,0.12498814426391974,-0.0031374759999999997,1185.9650506363237,1186.3962411919933,-4.6,3.4103,9.4,3.383128664290452,long_nclose,31.80140944433025,0.026814794776007407,33.0
1643940780000.0,103345,1643940780000.0,0.2705852778348755,-0.0032342580000000007,1186.2324016561586,1186.4902969339935,-4.7,3.4407,4.7,3.383128664290452,long_nclose,15.900704722165125,0.01340437565182451,1.0
1643940840000.0,103346,1643940840000.0,0.13241407213196033,-0.001582722,1186.3632330062906,1186.4949242119935,-2.3,3.4407,2.4,3.383128664290452,long_nclose,8.119508794297085,0.006844032728258051,1.0
1643941200000.0,103352,1643941200000.0,0.06908560285145757,-0.000825768,1186.431492841142,1186.5009384439934,-1.2,3.4407,1.2,3.383128664290452,long_nclose,4.059754397148542,0.0034218194827470966,6.0
1643942760000.0,103378,1643942760000.0,0.0,-0.008709048,1186.4227837931421,1186.3770893959936,12.9,3.3756,14.1,3.376240737386422,long_ientry_partial,47.604994397148545,0.04012481473505542,26.0
1643943480000.0,103390,1643943480000.0,0.0,-0.009474048,1186.4133097451422,1184.1485753479938,14.4,3.2896,28.5,3.33246436481223,long_rentry,94.97523439714855,0.08005240131497726,12.0
1643944740000.0,103411,1643944740000.0,0.0,-0.009531200000000002,1186.4037785451421,1182.9387441479935,14.8,3.22,43.3,3.294023889079644,long_rentry,142.63123439714857,0.12022149370769349,21.0
1643945940000.0,103431,1643945940000.0,0.0,-0.014202000000000001,1186.389576545142,1181.6633421479935,22.5,3.156,65.8,3.246827270473383,long_rentry,213.6412343971486,0.1800767965437528,20.0
1643968680000.0,103810,1643968680000.0,0.0,-0.020946948,1186.368629597142,1179.6806551999935,34.1,3.0714,99.9,3.1869466906621478,long_rentry,318.3759743971486,0.268361760800486,379.0
1643975280000.0,103920,1643975280000.0,0.0,-0.030641771999999998,1186.337987825142,1164.2402534279934,51.8,2.9577,151.7,3.1086673328750734,long_rentry,471.5848343971486,0.3975130521291686,110.0
1643984460000.0,104073,1643984460000.0,0.0,-0.044130238,1186.293857587142,1142.4034331899934,78.7,2.8037,230.4,3.0044966336681798,long_rentry,692.2360243971486,0.5835282885179222,153.0
1643996580000.0,104275,1643996580000.0,1.8511385342837912,-0.046519296,1188.0984768254257,1190.7869938939932,-76.8,3.0286,153.6,3.0044966336681798,long_nclose,461.4906829314324,0.3884279728768998,202.0
1643996640000.0,104276,1643996640000.0,1.234092356189194,-0.031012864000000005,1189.3015563176148,1192.834701029993,-51.2,3.0286,102.4,3.0044966336681798,long_nclose,307.66045528762163,0.25869003000401175,1.0
1643996760000.0,104278,1643996760000.0,0.8219247919150687,-0.020655052,1190.10282605753,1192.5277059779933,-34.1,3.0286,68.3,3.0044966336681798,long_nclose,205.20712007953668,0.17242805880843856,2.0
1643996760000.0,104278,1643996760000.0,1.7460347919150654,-0.020839874,1191.8280209754448,1193.042236103993,-34.1,3.0557,34.2,3.0044966336681798,long_nclose,102.75378487145176,0.08621527859980462,0.0
1644000840000.0,104346,1644000840000.0,0.0,-0.010263522,1191.8177574534448,1188.048762581993,17.7,2.8993,51.9,2.968620325076142,long_rentry,154.07139487145176,0.12927429039206118,68.0
1644005880000.0,104430,1644005880000.0,0.4113883761827418,-0.010353704000000002,1192.2187921256275,1193.1315288779929,-17.3,2.9924,34.6,2.968620325076142,long_nclose,102.71426324763452,0.0861538703516856,84.0
1644006840000.0,104446,1644006840000.0,0.27346626162436594,-0.00688252,1192.4853758672518,1193.187146357993,-11.5,2.9924,23.1,2.968620325076142,long_nclose,68.57512950925889,0.057506054914414906,16.0
1644007860000.0,104463,1644007860000.0,0.1831034969137059,-0.0046082960000000004,1192.6638710681655,1192.8545180619928,-7.7,2.9924,15.4,2.968620325076142,long_nclose,45.71675300617259,0.03833163233596408,17.0
1644008040000.0,104466,1644008040000.0,0.12127634211167532,-0.003052248,1192.7820951622773,1193.084705813993,-5.1,2.9924,10.3,2.968620325076142,long_nclose,30.576789348284265,0.025634849376343388,3.0
1644008280000.0,104470,1644008280000.0,0.08085089474111688,-0.002034832,1192.8609112250185,1193.0153309819932,-3.4,2.9924,6.9,2.968620325076142,long_nclose,20.48348024302538,0.01717172559706873,4.0
1644008340000.0,104471,1644008340000.0,0.05469325232487318,-0.001376504,1192.9142279733433,1193.026374477993,-2.3,2.9924,4.6,2.968620325076142,long_nclose,13.655653495350252,0.011447305409836557,1.0
1644008460000.0,104473,1644008460000.0,0.03566951238578686,-0.0008977200000000001,1192.948999765729,1193.027676757993,-1.5,2.9924,3.1,2.968620325076142,long_nclose,9.20272300773604,0.007714263568302809,2.0
1644008820000.0,104479,1644008820000.0,0.023779674923857907,-0.00059848,1192.9721809606528,1193.025478277993,-1.0,2.9924,2.1,2.968620325076142,long_nclose,6.234102682659898,0.005225689904721688,6.0
1644009480000.0,104490,1644009480000.0,0.016645772446700534,-0.000418936,1192.9884077970996,1193.012739341993,-0.7,2.9924,1.4,2.968620325076142,long_nclose,4.156068455106599,0.003483745883818724,11.0
1644010260000.0,104503,1644010260000.0,0.009511869969543164,-0.00023939200000000003,1192.9976802750693,1193.0210599499933,-0.4,2.9924,1.0,2.968620325076142,long_nclose,2.968620325076142,0.002488370576204027,13.0
1644010500000.0,104507,1644010500000.0,0.007133902477157372,-0.00017954400000000001,1193.0046346335464,1193.0217004059932,-0.3,2.9924,0.7,2.968620325076142,long_nclose,2.0780342275532995,0.0017418492495560223,4.0
1644011160000.0,104518,1644011160000.0,0.004755934984771582,-0.00011969600000000001,1193.0092708725313,1193.0209607099932,-0.2,2.9924,0.5,2.968620325076142,long_nclose,1.484310162538071,0.0012441732003075643,11.0
1644011400000.0,104522,1644011400000.0,0.002377967492385791,-5.984800000000001e-05,1193.0115889920235,1193.022540861993,-0.1,2.9924,0.4,2.968620325076142,long_nclose,1.187448130030457,0.0009953366262214877,4.0
1644011700000.0,104527,1644011700000.0,0.010115934984771613,-0.00012076800000000002,1193.0215841590082,1193.0302600939929,-0.2,3.0192,0.2,2.968620325076142,long_nclose,0.5937240650152285,0.0004976641436322042,5.0
1644011760000.0,104528,1644011760000.0,0.005057967492385807,-6.038400000000001e-05,1193.0265817425004,1193.0324197099928,-0.1,3.0192,0.1,2.968620325076142,long_nclose,0.2968620325076142,0.00024883102945956665,1.0
1644011820000.0,104529,1644011820000.0,0.007727967492385801,-6.091800000000001e-05,1193.034248791993,1193.034248791993,-0.1,3.0459,0.0,2.968620325076142,long_nclose,0.0,0.0,1.0
1644013680000.0,104560,1644013680000.0,0.0,-0.009544590000000002,1193.024704201993,1193.498254201993,16.5,2.8923,16.5,2.8923,long_ientry_normal,47.722950000000004,0.040001644418521574,31.0
1644013680000.0,104560,1644013680000.0,0.0,-0.009525177999999999,1193.015179023993,1195.2277390239929,16.9,2.8181,33.4,2.8547556886227543,long_rentry,95.34884,0.07992257070694188,0.0
1644013740000.0,104561,1644013740000.0,2.4831000000000074,-0.019566388,1195.478712635993,1195.478712635993,-33.4,2.9291,0.0,2.8547556886227543,long_nclose,0.0,0.0,1.0
1644013800000.0,104562,1644013800000.0,0.0,-0.009543270000000001,1195.469169365993,1195.0748193659929,16.5,2.8919,16.5,2.8919,long_ientry_normal,47.716350000000006,0.0399143292213098,1.0
1644013800000.0,104562,1644013800000.0,0.0,-0.00958052,1195.4595888459928,1195.9186388459927,17.0,2.8178,33.5,2.8542970149253732,long_rentry,95.61895,0.07998509601843035,0.0
1644014100000.0,104567,1644014100000.0,0.25422313432835925,-0.006387384,1195.7074245963213,1195.633571461993,-11.1,2.8772,22.4,2.8542970149253732,long_nclose,63.936253134328354,0.05347148626756554,5.0
1644014280000.0,104570,1644014280000.0,0.1694820895522395,-0.004258256000000001,1195.8726484298736,1196.468193205993,-7.4,2.8772,15.0,2.8542970149253732,long_nclose,42.8144552238806,0.035801851710626574,3.0
1644014580000.0,104575,1644014580000.0,0.3645223880596993,-0.00435435,1196.2328164679332,1196.6205888559928,-7.5,2.9029,7.5,2.8542970149253732,long_nclose,21.4072276119403,0.017895536150854423,5.0
1644014880000.0,104580,1644014880000.0,0.0,-0.0052539760000000005,1196.2275624919332,1196.192454879993,9.1,2.8868,16.6,2.8721149163819453,long_ientry_partial,47.67710761194029,0.039856218922611396,5.0
1644015000000.0,104582,1644015000000.0,0.126967959899301,-0.0031847200000000003,1196.3513457318325,1196.6941701599928,-5.5,2.8952,11.1,2.8721149163819453,long_nclose,31.880475571839593,0.026648087692280446,2.0
1644015360000.0,104588,1644015360000.0,0.2688679598993,-0.0032131,1196.6170005917318,1196.9019570599928,-5.5,2.921,5.6,2.8721149163819453,long_nclose,16.083843531738893,0.013441095625237959,6.0
1644015840000.0,104596,1644015840000.0,0.041553150512498506,-0.0010422720000000001,1196.6575114702443,1196.759674787993,-1.8,2.8952,3.8,2.8721149163819453,long_nclose,10.91403668225139,0.009120434692163611,8.0
1644015960000.0,104598,1644015960000.0,0.0,-0.0073779200000000005,1196.6501335502444,1196.787296867993,12.8,2.882,16.6,2.8797371495332165,long_ientry_partial,47.803636682251394,0.039947880622740295,2.0
1644016080000.0,104600,1644016080000.0,0.1268456775673097,-0.0031930800000000005,1196.7737861478117,1196.921003787993,-5.5,2.9028,11.1,2.8797371495332165,long_nclose,31.9650823598187,0.02670937710183998,2.0
1644016320000.0,104604,1644016320000.0,0.08533254672709925,-0.0021480720000000004,1196.856970622539,1197.0143157159932,-3.7,2.9028,7.4,2.8797371495332165,long_nclose,21.3100549065458,0.017805013823382326,4.0
1644016380000.0,104605,1644016380000.0,0.05535084112028059,-0.001393344,1196.9109281196593,1197.0722423719933,-2.4,2.9028,5.0,2.8797371495332165,long_nclose,14.398685747666082,0.012029872406868522,1.0
1644016560000.0,104608,1644016560000.0,0.12265712616695845,-0.0014643999999999998,1197.0321208458263,1197.1427779719932,-2.5,2.9288,2.5,2.8797371495332165,long_nclose,7.199342873833041,0.006014327225192558,3.0
1644016620000.0,104609,1644016620000.0,0.05887542056014006,-0.000702912,1197.0902933543864,1197.1504350599932,-1.2,2.9288,1.3,2.8797371495332165,long_nclose,3.7436582943931813,0.003127298178905966,1.0
1644016680000.0,104610,1644016680000.0,0.02943771028007003,-0.000351456,1197.1193796086663,1197.158763603993,-0.6,2.9288,0.7,2.8797371495332165,long_nclose,2.0158160046732516,0.0016838888744180333,1.0
1644017280000.0,104620,1644017280000.0,0.05247399532674839,-0.00041365799999999996,1197.171439945993,1197.171439945993,-0.7,2.9547,0.0,2.8797371495332165,long_nclose,0.0,0.0,10.0
1644023280000.0,104720,1644023280000.0,0.0,-0.009573552,1197.161866393993,1197.583506393993,16.6,2.8836,16.6,2.8836,long_ientry_normal,47.867760000000004,0.039984367480885366,100.0
1644023340000.0,104721,1644023340000.0,0.4075300000000012,-0.004868282000000001,1197.564528111993,1197.982848111993,-8.3,2.9327,8.3,2.8836,long_nclose,23.933880000000002,0.01998546169176595,1.0
1644023700000.0,104727,1644023700000.0,0.20131000000000057,-0.002404814,1197.7634332979928,1198.0129132979928,-4.1,2.9327,4.2,2.8836,long_nclose,12.11112,0.010111445769096927,6.0
1644024000000.0,104732,1644024000000.0,0.31541999999999976,-0.002485308,1198.0763679899928,1198.0763679899928,-4.2,2.9587,0.0,2.8836,long_nclose,0.0,0.0,5.0
1644056520000.0,105274,1644056520000.0,0.0,-0.009556704000000001,1198.0668112859928,1198.0408912859928,16.2,2.9496,16.2,2.9496,long_ientry_normal,47.78352,0.039883852511288294,542.0
1644061260000.0,105353,1644061260000.0,0.0,-0.00959916,1198.0572121259927,1196.9969921259926,16.7,2.874,32.9,2.9112255319148934,long_rentry,95.77931999999998,0.07994553100685098,79.0
1644061500000.0,105357,1644061500000.0,0.2547817021276628,-0.006397428000000001,1198.3055964001205,1198.8946346979928,-10.9,2.9346,22.0,2.9112255319148934,long_nclose,64.04696170212766,0.05344793673211057,4.0
1644061500000.0,105357,1644061500000.0,0.5403617021276604,-0.006454544,1198.8395035582482,1199.136700153993,-10.9,2.9608,11.1,2.9112255319148934,long_nclose,32.314603404255315,0.02695490372843327,0.0
1644061560000.0,105358,1644061560000.0,0.27265957446808553,-0.0032568799999999998,1199.1089062527162,1199.3932432739928,-5.5,2.9608,5.6,2.9112255319148934,long_nclose,16.302862978723404,0.013595815103793017,1.0
1644061680000.0,105360,1644061680000.0,0.13880851063829808,-0.0016580479999999999,1199.2460567153544,1199.4134252259926,-2.8,2.9608,2.8,2.9112255319148934,long_nclose,8.151431489361702,0.006797130116640004,2.0
1644061680000.0,105360,1644061680000.0,0.2121685106382987,-0.0016727200000000002,1199.4565525059927,1199.4565525059927,-2.8,2.987,0.0,2.9112255319148934,long_nclose,0.0,0.0,0.0
1644062940000.0,105381,1644062940000.0,0.0,-0.009584160000000001,1199.4469683459927,1199.4305683459927,16.4,2.922,16.4,2.922,long_ientry_normal,47.9208,0.039952412457285695,21.0
1644066180000.0,105435,1644066180000.0,0.12635999999999808,-0.0031810320000000003,1199.5701473139927,1199.9111473139926,-5.4,2.9454,11.0,2.922,long_nclose,32.142,0.02679459810830612,54.0
1644066480000.0,105440,1644066480000.0,0.08423999999999872,-0.002120688,1199.6522666259925,1199.8520666259926,-3.6,2.9454,7.4,2.922,long_nclose,21.6228,0.018024223019903814,5.0
1644066840000.0,105446,1644066840000.0,0.05615999999999914,-0.001413792,1199.7070128339926,1199.8220128339926,-2.4,2.9454,5.0,2.922,long_nclose,14.610000000000001,0.01217797332491015,6.0
1644066900000.0,105447,1644066900000.0,0.03743999999999943,-0.000942528,1199.7435103059927,1199.8115103059927,-1.6,2.9454,3.4,2.922,long_nclose,9.934800000000001,0.008280769943457453,1.0
1644067200000.0,105452,1644067200000.0,0.02573999999999961,-0.000647988,1199.7686023179926,1199.8330023179926,-1.1,2.9454,2.3,2.922,long_nclose,6.7206,0.005601580160553943,5.0
1644067560000.0,105458,1644067560000.0,0.01637999999999975,-0.00041235599999999995,1199.7845699619927,1199.8229699619926,-0.7,2.9454,1.6,2.922,long_nclose,4.6752,0.003896699555111051,6.0
1644068220000.0,105469,1644068220000.0,0.011699999999999822,-0.00029454,1199.7959754219928,1199.8223754219928,-0.5,2.9454,1.1,2.922,long_nclose,3.2142000000000004,0.0026789554773006307,11.0
1644068520000.0,105474,1644068520000.0,0.007019999999999893,-0.000176724,1199.8028186979927,1199.8236186979927,-0.3,2.9454,0.8,2.922,long_nclose,2.3376,0.0019483201435855327,5.0
1644068700000.0,105477,1644068700000.0,0.004679999999999929,-0.000117816,1199.8073808819927,1199.8229808819926,-0.2,2.9454,0.6,2.922,long_nclose,1.7532,0.0014612345514254145,3.0
1644069720000.0,105494,1644069720000.0,0.004679999999999929,-0.000117816,1199.8119430659926,1199.8203430659926,-0.2,2.9454,0.4,2.922,long_nclose,1.1688,0.0009741526634692893,17.0
1644069840000.0,105496,1644069840000.0,0.0023399999999999645,-5.8908e-05,1199.8142241579926,1199.8202241579927,-0.1,2.9454,0.3,2.922,long_nclose,0.8766,0.0007306131085545195,2.0
1644069900000.0,105497,1644069900000.0,0.0023399999999999645,-5.8908e-05,1199.8165052499926,1199.8213052499925,-0.1,2.9454,0.2,2.922,long_nclose,0.5844,0.0004870744796749025,1.0
1644070680000.0,105510,1644070680000.0,0.0023399999999999645,-5.8908e-05,1199.8187863419926,1199.8211863419926,-0.1,2.9454,0.1,2.922,long_nclose,0.2922,0.00024353677682515654,13.0
1644070920000.0,105514,1644070920000.0,0.0023399999999999645,-5.8908e-05,1199.8210674339925,1199.8210674339925,-0.1,2.9454,0.0,2.922,long_nclose,0.0,0.0,4.0
1644079980000.0,105665,1644079980000.0,0.0,-0.009626548,1199.8114408859926,1199.8248008859925,16.7,2.8822,16.7,2.8822,long_ientry_normal,48.13274,0.04011692034246373,151.0
1644112800000.0,106212,1644112800000.0,0.12704999999999944,-0.00319583,1199.9352950559926,1200.3586550559926,-5.5,2.9053,11.2,2.8822,long_nclose,32.28064,0.02690198390946879,547.0
1644112980000.0,106215,1644112980000.0,0.2749599999999983,-0.003283056,1200.2069719999924,1200.4634519999925,-5.6,2.9313,5.6,2.8822,long_nclose,16.14032,0.013447947209558537,3.0
1644113040000.0,106216,1644113040000.0,0.13747999999999916,-0.001641528,1200.3428104719926,1200.4710504719926,-2.8,2.9313,2.8,2.8822,long_nclose,8.07016,0.006723212676907436,1.0
1644113100000.0,106217,1644113100000.0,0.06873999999999958,-0.000820764,1200.4107297079925,1200.4706497079924,-1.4,2.9313,1.4,2.8822,long_nclose,4.03508,0.0033614161387757325,1.0
1644113460000.0,106223,1644113460000.0,0.03436999999999979,-0.000410382,1200.4446893259926,1200.4788493259925,-0.7,2.9313,0.7,2.8822,long_nclose,2.01754,0.0016806605235038172,6.0
1644113520000.0,106224,1644113520000.0,0.01472999999999991,-0.000175878,1200.4592434479928,1200.4811634479927,-0.3,2.9313,0.4,2.8822,long_nclose,1.1528800000000001,0.0009603657985827706,1.0
1644113880000.0,106230,1644113880000.0,0.029999999999999895,-0.000236576,1200.4890068719928,1200.4890068719928,-0.4,2.9572,0.0,2.8822,long_nclose,0.0,0.0,6.0
1644173460000.0,107223,1644173460000.0,0.0,-0.009612804,1200.4793940679929,1199.273574067993,17.4,2.7623,17.4,2.7623,long_ientry_normal,48.06402,0.040037355274486076,993.0
1644173460000.0,107223,1644173460000.0,0.0,-0.009581740000000002,1200.469812327993,1199.290692327993,17.8,2.6915,35.2,2.726497727272727,long_rentry,95.97272,0.07994596699927535,0.0
1644173520000.0,107224,1644173520000.0,0.0,-0.009642270000000001,1200.4601700579929,1203.2406000579929,18.3,2.6345,53.5,2.695029345794392,long_rentry,144.18407,0.12010733350114783,1.0
1644173520000.0,107224,1644173520000.0,0.6244366542056141,-0.006431256000000001,1201.0781754561983,1203.2505488019926,-11.7,2.7484,41.8,2.695029345794392,long_nclose,112.65222665420558,0.0937925848260606,0.0
1644174240000.0,107236,1644174240000.0,0.9586966728972022,-0.011456962,1202.0254151670956,1203.2788018399929,-20.9,2.7409,20.9,2.695029345794392,long_nclose,56.32611332710279,0.046859336430313994,12.0
1644174240000.0,107236,1644174240000.0,1.4665666728972067,-0.011558536,1203.480423303993,1203.480423303993,-20.9,2.7652,0.0,2.695029345794392,long_nclose,0.0,0.0,0.0
1644174300000.0,107237,1644174300000.0,0.0,-0.0096425,1203.470780803993,1203.4357808039929,17.5,2.755,17.5,2.755,long_ientry_normal,48.2125,0.04006121359073717,1.0
1644175440000.0,107256,1644175440000.0,0.12818000000000004,-0.0032214360000000003,1203.5957393679928,1203.6776393679927,-5.8,2.7771,11.7,2.755,long_nclose,32.2335,0.026781002080420942,19.0
1644176520000.0,107274,1644176520000.0,0.0,-0.0031871,1203.5925522679927,1203.2160522679926,5.8,2.7475,17.5,2.7525142857142852,long_ientry_partial,48.16899999999999,0.0400210186655215,18.0
1644189000000.0,107482,1644189000000.0,0.1280971428571453,-0.0032185359999999997,1203.7174308748497,1203.8869137319925,-5.8,2.7746,11.7,2.7525142857142852,long_nclose,32.20441714285714,0.026754133750020795,208.0
1644189060000.0,107483,1644189060000.0,0.08613428571428736,-0.002164188,1203.801400972564,1203.9767895439925,-3.9,2.7746,7.8,2.7525142857142852,long_nclose,21.469611428571426,0.017834845026119674,1.0
1644189360000.0,107488,1644189360000.0,0.05742285714285824,-0.001442792,1203.8573810377068,1203.9847067519925,-2.6,2.7746,5.2,2.7525142857142852,long_nclose,14.313074285714285,0.011889343797000797,5.0
1644189540000.0,107491,1644189540000.0,0.037545714285715,-0.0009433640000000001,1203.8939833879924,1203.9796833879925,-1.7,2.7746,3.5,2.7525142857142852,long_nclose,9.633799999999999,0.008002199639613287,3.0
1644189600000.0,107492,1644189600000.0,0.0797057142857149,-0.0009517959999999999,1203.972737306278,1204.0564115919924,-1.7,2.7994,1.8,2.7525142857142852,long_nclose,4.9545257142857135,0.0041151477610454675,1.0
1644189660000.0,107493,1644189660000.0,0.042197142857143176,-0.000503892,1204.014430557135,1204.053567699992,-0.9,2.7994,0.9,2.7525142857142852,long_nclose,2.4772628571428568,0.0020575026297621284,1.0
1644189840000.0,107496,1644189840000.0,0.01875428571428586,-0.00022395200000000003,1204.0329608908494,1204.0577037479923,-0.4,2.7994,0.5,2.7525142857142852,long_nclose,1.3762571428571426,0.0011430394246340788,3.0
1644189960000.0,107498,1644189960000.0,0.00937714285714293,-0.00011197600000000001,1204.0422260577066,1204.0546717719922,-0.2,2.7994,0.3,2.7525142857142852,long_nclose,0.8257542857142856,0.0006858183773321496,2.0
1644190560000.0,107508,1644190560000.0,0.004688571428571465,-5.598800000000001e-05,1204.046858641135,1204.0551557839922,-0.1,2.7994,0.2,2.7525142857142852,long_nclose,0.5505028571428571,0.000457210492425639,10.0
1644190620000.0,107509,1644190620000.0,0.004688571428571465,-5.598800000000001e-05,1204.0514912245635,1204.056439795992,-0.1,2.7994,0.1,2.7525142857142852,long_nclose,0.27525142857142854,0.000228604366655024,1.0
1644190680000.0,107510,1644190680000.0,0.007168571428571458,-5.6484e-05,1204.058603311992,1204.058603311992,-0.1,2.8242,0.0,2.7525142857142852,long_nclose,0.0,0.0,1.0
1644311700000.0,109527,1644311700000.0,0.0,-0.009618180000000002,1204.0489851319921,1203.8740851319922,16.5,2.9146,16.5,2.9146,long_ientry_normal,48.090900000000005,0.03994098296152636,2017.0
1644311820000.0,109529,1644311820000.0,0.12870000000000048,-0.003231800000000001,1204.174453331992,1204.354853331992,-5.5,2.938,11.0,2.9146,long_nclose,32.0606,0.02662454755728061,2.0
1644311880000.0,109530,1644311880000.0,0.08424000000000031,-0.00211536,1204.2565779719919,1204.429737971992,-3.6,2.938,7.4,2.9146,long_nclose,21.56804,0.01790983781572636,1.0
1644311940000.0,109531,1644311940000.0,0.05616000000000021,-0.00141024,1204.311327731992,1204.358327731992,-2.4,2.938,5.0,2.9146,long_nclose,14.573,0.012100691627176228,1.0
1644312000000.0,109532,1644312000000.0,0.0,-0.006702200000000001,1204.3046255319919,1204.219125531992,11.5,2.914,16.5,2.9141818181818184,long_ientry_partial,48.084,0.039926775153553265,1.0
1644312240000.0,109536,1644312240000.0,0.1287999999999998,-0.0032313600000000004,1204.4301941719918,1204.791194171992,-5.5,2.9376,11.0,2.9141818181818184,long_nclose,32.056000000000004,0.026615075041387104,4.0
1644312360000.0,109538,1644312360000.0,0.08430545454545442,-0.0021150720000000004,1204.5123845545374,1204.688639099992,-3.6,2.9376,7.4,2.9141818181818184,long_nclose,21.56494545454546,0.017903465112582284,2.0
1644312480000.0,109540,1644312480000.0,0.056203636363636275,-0.0014100480000000001,1204.567178142901,1204.8012690519918,-2.4,2.9376,5.0,2.9141818181818184,long_nclose,14.570909090909092,0.01209638561908459,2.0
1644312540000.0,109541,1644312540000.0,0.1240454545454539,-0.0014819,1204.6897416974464,1204.761787151992,-2.5,2.9638,2.5,2.9141818181818184,long_nclose,7.285454545454546,0.006047577474337175,1.0
1644312840000.0,109546,1644312840000.0,0.05954181818181787,-0.000711312,1204.748572203628,1204.8068358399917,-1.2,2.9638,1.3,2.9141818181818184,long_nclose,3.788436363636364,0.0031445867221131995,5.0
1644313260000.0,109553,1644313260000.0,0.029770909090908935,-0.000355656,1204.777987456719,1204.8086601839918,-0.6,2.9638,0.7,2.9141818181818184,long_nclose,2.039927272727273,0.0016931976629433196,7.0
1644313860000.0,109563,1644313860000.0,0.0,-0.009259524000000002,1204.768727932719,1204.8201806599918,15.9,2.9118,16.6,2.9119004381161004,long_ientry_partial,48.33754727272727,0.04012184758121204,10.0
1644315120000.0,109584,1644315120000.0,0.0,-0.009646480000000002,1204.759081452719,1203.3107341799919,17.0,2.8372,33.6,2.8741055735930736,long_rentry,96.56994727272728,0.08015706107505044,21.0
1644317220000.0,109619,1644317220000.0,0.258657575757578,-0.006489728,1205.0112493004767,1205.6584844519919,-11.2,2.8972,22.4,2.8741055735930736,long_nclose,64.37996484848485,0.053426857953283155,35.0
1644317520000.0,109624,1644317520000.0,0.17089875541125688,-0.004287856000000001,1205.1778601998878,1205.5662765959917,-7.4,2.8972,15.0,2.8741055735930736,long_nclose,43.11158360389611,0.035771967796309936,5.0
1644318000000.0,109632,1644318000000.0,0.36745819805194646,-0.00438465,1205.5409337479398,1206.1251419459918,-7.5,2.9231,7.5,2.8741055735930736,long_nclose,21.555791801948054,0.017880597164737205,8.0
1644318000000.0,109632,1644318000000.0,0.5609581980519485,-0.00442335,1206.0974685959918,1206.0974685959918,-7.5,2.9489,0.0,2.8741055735930736,long_nclose,0.0,0.0,0.0
1644318420000.0,109639,1644318420000.0,0.0,-0.009622024000000002,1206.0878465719918,1206.1509265719917,16.6,2.8982,16.6,2.8982,long_ientry_normal,48.11012000000001,0.03988939954642707,7.0
1644322080000.0,109700,1644322080000.0,0.0,-0.00965808,1206.0781884919918,1204.779068491992,17.1,2.824,33.7,2.8605495548961426,long_rentry,96.40052000000001,0.07992891416147196,61.0
1644323100000.0,109717,1644323100000.0,0.0,-0.00967435,1206.0685141419917,1203.1202441419916,17.5,2.7641,51.2,2.8275833984375,long_rentry,144.77227000000002,0.12003652222277965,17.0
1644323820000.0,109729,1644323820000.0,0.0,-0.014412944000000002,1206.0541011979917,1200.0551111979917,26.6,2.7092,77.8,2.787107840616967,long_rentry,216.83699000000001,0.17979043376629006,12.0
1644333180000.0,109885,1644333180000.0,0.0,-0.021251802,1206.0328493959917,1194.6027493959916,40.3,2.6367,118.1,2.7357832345469943,long_rentry,323.096,0.2678998338741882,156.0
1644353640000.0,110226,1644353640000.0,0.861328882303115,-0.021675522,1206.8725027562948,1208.8595838739916,-39.3,2.7577,78.8,2.7357832345469943,long_nclose,215.57971888230315,0.17862675501343775,341.0
1644356100000.0,110267,1644356100000.0,0.5742192548687434,-0.014450348,1207.4322716631634,1208.1274735259915,-26.2,2.7577,52.6,2.7357832345469943,long_nclose,143.9021981371719,0.11918034784589242,41.0
1644356400000.0,110272,1644356400000.0,0.38354339542759575,-0.00965195,1207.806163108591,1208.7263715759914,-17.5,2.7577,35.1,2.7357832345469943,long_nclose,96.0259915325995,0.07950447221220715,5.0
1644356460000.0,110273,1644356460000.0,0.8157933954275987,-0.009738400000000001,1208.6122181040184,1209.4080331759912,-17.5,2.7824,17.6,2.7357832345469943,long_nclose,48.1497849280271,0.03983890300526742,1.0
1644356520000.0,110274,1644356520000.0,0.4102275359864496,-0.004897024000000001,1209.017548616005,1209.4066561519912,-8.8,2.7824,8.8,2.7357832345469943,long_nclose,24.07489246401355,0.019912773384946094,1.0
1644356580000.0,110275,1644356580000.0,0.2051137679932248,-0.0024485120000000003,1209.220213871998,1209.4103676399914,-4.4,2.7824,4.4,2.7357832345469943,long_nclose,12.037446232006776,0.009954718002490322,1.0
1644356640000.0,110276,1644356640000.0,0.1025568839966124,-0.0012242560000000002,1209.3215464999948,1209.4276233839914,-2.2,2.7824,2.2,2.7357832345469943,long_nclose,6.018723116003388,0.004976941933617829,1.0
1644359760000.0,110328,1644359760000.0,0.01534173581710383,-0.000386078,1209.336502157812,1209.3728273059914,-0.7,2.7577,1.5,2.7357832345469943,long_nclose,4.103674851820491,0.0033933275349733744,52.0
1644360540000.0,110341,1644360540000.0,0.010958382726502736,-0.00027577,1209.3471847705387,1209.3634015359917,-0.5,2.7577,1.0,2.7357832345469943,long_nclose,2.7357832345469943,0.0022621983736341865,13.0
1644360840000.0,110346,1644360840000.0,0.006575029635901641,-0.00016546199999999998,1209.3535943381746,1209.3698460739918,-0.3,2.7577,0.7,2.7357832345469943,long_nclose,1.9150482641828959,0.0015835304687963627,5.0
1644362460000.0,110373,1644362460000.0,0.004383353090601095,-0.00011030800000000002,1209.357867383265,1209.3689757659915,-0.2,2.7577,0.5,2.7357832345469943,long_nclose,1.3678916172734972,0.001131089195486244,27.0
1644363840000.0,110396,1644363840000.0,0.009323353090601129,-0.000111296,1209.3670794403558,1209.3815444699917,-0.2,2.7824,0.3,2.7357832345469943,long_nclose,0.8207349703640983,0.0006786483478150405,23.0
1644365160000.0,110418,1644365160000.0,0.004661676545300564,-5.5648e-05,1209.3716854689012,1209.3815288219919,-0.1,2.7824,0.2,2.7357832345469943,long_nclose,0.5471566469093989,0.00045243050873748023,22.0
1644365700000.0,110427,1644365700000.0,0.014243353090601119,-0.00011228,1209.385816541992,1209.385816541992,-0.2,2.807,0.0,2.7357832345469943,long_nclose,0.0,0.0,9.0
1644372300000.0,110537,1644372300000.0,0.0,-0.009693319999999998,1209.376123221992,1209.376123221992,18.2,2.663,18.2,2.663,long_ientry_normal,48.46659999999999,0.04007570438126097,110.0
1644375060000.0,110583,1644375060000.0,0.12840000000000185,-0.0032212800000000004,1209.501301941992,1209.794101941992,-6.0,2.6844,12.2,2.663,long_nclose,32.4886,0.026861153392589036,46.0
1644375480000.0,110590,1644375480000.0,0.276940000000002,-0.003304248,1209.7749376939921,1210.067737693992,-6.1,2.7084,6.1,2.663,long_nclose,16.2443,0.013427538870133985,7.0
1644375660000.0,110593,1644375660000.0,0.136200000000001,-0.00162504,1209.9095126539921,1210.052112653992,-3.0,2.7084,3.1,2.663,long_nclose,8.2553,0.0068230722328082374,3.0
1644376020000.0,110599,1644376020000.0,0.0681000000000005,-0.00081252,1209.9768001339921,1210.050400133992,-1.5,2.7084,1.6,2.663,long_nclose,4.2608,0.003521389831216732,6.0
1644376200000.0,110602,1644376200000.0,0.11088000000000023,-0.0008743360000000001,1210.0868057979922,1210.0868057979922,-1.6,2.7323,0.0,2.663,long_nclose,0.0,0.0,3.0
1644499920000.0,112664,1644499920000.0,0.0,-0.009686404000000001,1210.0771193939922,1209.8652993939922,17.8,2.7209,17.8,2.7209,long_ientry_normal,48.43202,0.04002391188443825,2062.0
1644500100000.0,112667,1644500100000.0,0.0,-0.009703026,1210.0674163679923,1208.8574663679924,18.3,2.6511,36.1,2.685516620498615,long_rentry,96.94715000000001,0.080117147762714,3.0
1644501780000.0,112695,1644501780000.0,0.0,-0.009704552000000002,1210.0577118159924,1205.4786018159925,18.7,2.5948,54.8,2.6545604014598543,long_rentry,145.46991,0.12021733226400105,28.0
1644501780000.0,112695,1644501780000.0,0.0,-0.014445944,1210.0432658719924,1206.2508358719924,28.4,2.5433,83.2,2.616582091346154,long_rentry,217.69963,0.17991061653743376,0.0
1644503460000.0,112723,1644503460000.0,0.5821960697115344,-0.014612304000000001,1210.610849637704,1212.0770435679924,-27.7,2.6376,55.5,2.616582091346154,long_nclose,145.22030606971154,0.11995622384614446,28.0
1644504600000.0,112742,1644504600000.0,0.38883131009615113,-0.009759120000000001,1210.9899218278001,1211.8193844479924,-18.5,2.6376,37.0,2.616582091346154,long_nclose,96.8135373798077,0.07994578289609776,19.0
1644504900000.0,112747,1644504900000.0,0.8235813100961484,-0.00984607,1211.8036570678962,1212.6438883779924,-18.5,2.6611,18.5,2.616582091346154,long_nclose,48.40676868990385,0.0399460493517818,5.0
1644505020000.0,112749,1644505020000.0,0.4095647596153819,-0.004896423999999999,1212.2083254035117,1212.6307119539924,-9.2,2.6611,9.3,2.616582091346154,long_nclose,24.334213449519233,0.020074283388062875,2.0
1644505200000.0,112752,1644505200000.0,0.6334965504807671,-0.004993542,1212.8368284119924,1212.8368284119924,-9.3,2.6847,0.0,2.616582091346154,long_nclose,0.0,0.0,3.0
1644509700000.0,112827,1644509700000.0,0.0,-0.009705696,1212.8271227159923,1212.8744427159922,18.2,2.6664,18.2,2.6664,long_ientry_normal,48.528479999999995,0.04001269355794569,75.0
1644514200000.0,112902,1644514200000.0,0.12840000000000185,-0.003225360000000001,1212.9522973559924,1213.1670173559924,-6.0,2.6878,12.2,2.6664,long_nclose,32.53008,0.02681892772775108,75.0
1644515100000.0,112917,1644515100000.0,0.0,-0.0032306819999999995,1212.9490666739923,1212.7422766739924,6.1,2.6481,18.3,2.6603,long_ientry_partial,48.68349,0.0401364668456312,15.0
1644520500000.0,113007,1644520500000.0,0.0,-0.00969408,1212.9393725939924,1211.4304825939923,18.7,2.592,37.0,2.6257808108108103,long_rentry,97.15388999999998,0.08009789458167776,90.0
1644539940000.0,113331,1644539940000.0,0.0,-0.009742464,1212.9296301299923,1209.6990201299923,19.2,2.5371,56.2,2.5954841637010673,long_rentry,145.86621,0.1202594168503965,324.0
1644556680000.0,113610,1644556680000.0,0.3892561387900392,-0.009784962,1213.3091013067824,1214.2284451679923,-18.7,2.6163,37.5,2.5954841637010673,long_nclose,97.33065613879002,0.08021917583405665,279.0
1644556800000.0,113612,1644556800000.0,0.8268361387900408,-0.009872478,1214.1260649675723,1214.8313626899924,-18.7,2.6397,18.8,2.5954841637010673,long_nclose,48.795102277580064,0.04018948582483757,2.0
1644557040000.0,113616,1644557040000.0,0.12905818505338199,-0.003244212,1214.2518789406256,1214.5103784779922,-6.2,2.6163,12.6,2.5954841637010673,long_nclose,32.703100462633444,0.026932715550883293,4.0
1644557160000.0,113618,1644557160000.0,0.08742651245551683,-0.0021976920000000002,1214.3371077610811,1214.6606407859922,-4.2,2.6163,8.4,2.5954841637010673,long_nclose,21.802066975088966,0.017953883510392146,2.0
1644557160000.0,113618,1644557160000.0,0.1857065124555172,-0.002217348,1214.5205969255367,1214.682363437992,-4.2,2.6397,4.2,2.5954841637010673,long_nclose,10.901033487544483,0.00897558552332467,0.0
1644557280000.0,113620,1644557280000.0,0.0928532562277586,-0.001108674,1214.6123415077643,1214.7100247639921,-2.1,2.6397,2.1,2.5954841637010673,long_nclose,5.4505167437722415,0.004487453780525743,2.0
1644558540000.0,113641,1644558540000.0,0.014571085409252803,-0.00036628199999999995,1214.6265463111736,1214.6706684819922,-0.7,2.6163,1.4,2.5954841637010673,long_nclose,3.6336778291814937,0.002991600867128246,21.0
1644559260000.0,113653,1644559260000.0,0.008326334519573032,-0.000209304,1214.634663341693,1214.651179177992,-0.4,2.6163,1.0,2.5954841637010673,long_nclose,2.5954841637010673,0.0021368434822701273,12.0
1644559320000.0,113654,1644559320000.0,0.006244750889679773,-0.000156978,1214.6407511145828,1214.660712199992,-0.3,2.6163,0.7,2.5954841637010673,long_nclose,1.8168389145907469,0.0014957829406954878,1.0
1644559440000.0,113656,1644559440000.0,0.004163167259786516,-0.000104652,1214.6448096298427,1214.6555675479922,-0.2,2.6163,0.5,2.5954841637010673,long_nclose,1.2977420818505336,0.00106841281629155,2.0
1644559680000.0,113660,1644559680000.0,0.002081583629893258,-5.2326e-05,1214.6468388874725,1214.655445221992,-0.1,2.6163,0.4,2.5954841637010673,long_nclose,1.038193665480427,0.0008547288250725916,4.0
1644559800000.0,113662,1644559800000.0,0.002081583629893258,-5.2326e-05,1214.6488681451024,1214.654422895992,-0.1,2.6163,0.3,2.5954841637010673,long_nclose,0.7786452491103202,0.000641045547837536,2.0
1644559920000.0,113664,1644559920000.0,0.002081583629893258,-5.2326e-05,1214.6508974027322,1214.655400569992,-0.1,2.6163,0.2,2.5954841637010673,long_nclose,0.5190968327402135,0.0004273629845828045,2.0
1644560040000.0,113666,1644560040000.0,0.002081583629893258,-5.2326e-05,1214.652926660362,1214.655078243992,-0.1,2.6163,0.1,2.5954841637010673,long_nclose,0.2595484163701067,0.0002136811353048186,2.0
1644560220000.0,113669,1644560220000.0,0.002081583629893258,-5.2326e-05,1214.6549559179919,1214.6549559179919,-0.1,2.6163,0.0,2.5954841637010673,long_nclose,0.0,0.0,3.0
1644604980000.0,114415,1644604980000.0,0.0,-0.009729902000000002,1214.645226015992,1214.5931160159919,19.3,2.5207,19.3,2.5207,long_ientry_normal,48.64951000000001,0.04005244408654967,746.0
1644607440000.0,114456,1644607440000.0,0.0,-0.00972576,1214.635500255992,1213.347690255992,19.8,2.456,39.1,2.48793631713555,long_rentry,97.27831000000002,0.0800884792017836,41.0
1644607680000.0,114460,1644607680000.0,0.0,-0.009759834000000002,1214.6257404219918,1210.6924604219919,20.3,2.4039,59.4,2.4592168350168353,long_rentry,146.07748,0.12026542426908307,4.0
1644607740000.0,114461,1644607740000.0,0.0,-0.014513576000000002,1214.611226845992,1208.928066845992,30.8,2.3561,90.2,2.4240062084257206,long_rentry,218.64536,0.18001262887035985,1.0
1644609060000.0,114483,1644609060000.0,0.0,-0.02146248,1214.5897643659919,1203.4580043659919,46.8,2.293,137.0,2.3792537226277375,long_rentry,325.95776,0.26836860441529237,22.0
1644648360000.0,115138,1644648360000.0,0.0,-0.031399182,1214.5583651839918,1191.2975951839917,71.1,2.2081,208.1,2.320776886112446,long_rentry,482.95367,0.3976372678696573,655.0
1644689520000.0,115824,1644689520000.0,1.2905817924074845,-0.032424084,1215.8165228923992,1218.6234910999917,-69.3,2.3394,138.8,2.320776886112446,long_nclose,322.12383179240754,0.2649444432833356,686.0
1644690300000.0,115837,1644690300000.0,0.8603878616049897,-0.021616056,1216.6552946980041,1218.6205550439915,-46.2,2.3394,92.6,2.320776886112446,long_nclose,214.90393965401248,0.176635026034515,13.0
1644691920000.0,115864,1644691920000.0,0.5735919077366598,-0.014410704000000002,1217.2144759017408,1218.4642643399916,-30.8,2.3394,61.8,2.320776886112446,long_nclose,143.42401156174915,0.11782969591739148,27.0
1644692820000.0,115879,1644692820000.0,0.38363614608361013,-0.009638328,1217.5884737198244,1218.3804660119915,-20.6,2.3394,41.2,2.320776886112446,long_nclose,95.61600770783278,0.07852900201635342,15.0
1644693000000.0,115882,1644693000000.0,0.2551366602594883,-0.006409956,1217.837200424084,1218.5033360559917,-13.7,2.3394,27.5,2.320776886112446,long_nclose,63.82136436809227,0.05240549750481258,3.0
1644702120000.0,116034,1644702120000.0,0.0,-0.009833544,1217.827366880084,1216.0097825119917,21.8,2.2554,49.3,2.291867837080979,long_rentry,112.98908436809226,0.09277922917560613,152.0
1644711900000.0,116197,1644711900000.0,0.30228747187193983,-0.007577783999999999,1218.122076567956,1218.7515247279916,-16.4,2.3103,32.9,2.291867837080979,long_nclose,75.40245183996421,0.061900570796984244,163.0
1644712020000.0,116199,1644712020000.0,0.20091057581732588,-0.005036454,1218.3179506897732,1219.1348582739915,-10.9,2.3103,22.0,2.291867837080979,long_nclose,50.42109241578154,0.0413858241087515,2.0
1644712020000.0,116199,1644712020000.0,0.4254505758173302,-0.005081362000000001,1218.7383199035905,1219.1504869119917,-10.9,2.3309,11.1,2.291867837080979,long_nclose,25.439732991598866,0.020873827117876543,0.0
1644712080000.0,116200,1644712080000.0,0.21467689605461615,-0.0025639900000000004,1218.9504328096452,1219.1919729219917,-5.5,2.3309,5.6,2.291867837080979,long_nclose,12.834459887653482,0.010529107289514986,1.0
1644712260000.0,116203,1644712260000.0,0.10929005617325913,-0.0013053040000000002,1219.0584175618185,1219.1371876179917,-2.8,2.3309,2.8,2.291867837080979,long_nclose,6.417229943826741,0.005264087308187856,3.0
1644712740000.0,116211,1644712740000.0,0.05464502808662956,-0.0006526520000000001,1219.112409937905,1219.1811949659918,-1.4,2.3309,1.4,2.291867837080979,long_nclose,3.2086149719133705,0.0026319270854414482,8.0
1644712980000.0,116215,1644712980000.0,0.08362502808662917,-0.000658448,1219.1953765179917,1219.1953765179917,-1.4,2.3516,0.0,2.291867837080979,long_nclose,0.0,0.0,4.0
1644771720000.0,117194,1644771720000.0,0.0,-0.009742248,1219.1856342699916,1219.1283942699915,21.2,2.2977,21.2,2.2977,long_ientry_normal,48.71124,0.03995391565548317,979.0
1644772380000.0,117205,1644772380000.0,0.12880000000000136,-0.0032425400000000004,1219.3111917299916,1219.7130517299915,-7.0,2.3161,14.2,2.2977,long_nclose,32.62734,0.026758829264666592,11.0
1644773100000.0,117217,1644773100000.0,0.2776100000000025,-0.0033182560000000003,1219.5854834739916,1219.9071134739916,-7.1,2.3368,7.1,2.2977,long_nclose,16.31367,0.013376405525531902,12.0
1644773460000.0,117223,1644773460000.0,0.4245800000000005,-0.0033476499999999998,1220.0067158239917,1220.0067158239917,-7.1,2.3575,0.0,2.2977,long_nclose,0.0,0.0,6.0
1644780780000.0,117345,1644780780000.0,0.0,-0.009756252000000002,1219.9969595719917,1219.9713995719917,21.3,2.2902,21.3,2.2902,long_ientry_normal,48.78126,0.03998473899239372,122.0
1644784560000.0,117408,1644784560000.0,0.13064000000000137,-0.003278212,1220.1243213599919,1220.6184813599918,-7.1,2.3086,14.2,2.2902,long_nclose,32.52084,0.02665371014303786,63.0
1644784740000.0,117411,1644784740000.0,0.27690000000000103,-0.0033074640000000004,1220.397913895992,1220.6946938959918,-7.1,2.3292,7.1,2.2902,long_nclose,16.26042,0.013323867416398903,3.0
1644786120000.0,117434,1644786120000.0,0.1365000000000005,-0.0016304400000000001,1220.5327834559919,1220.704863455992,-3.5,2.3292,3.6,2.2902,long_nclose,8.244720000000001,0.006755017244727107,23.0
1644786420000.0,117439,1644786420000.0,0.21456000000000036,-0.0016918560000000005,1220.7456515999918,1220.7456515999918,-3.6,2.3498,0.0,2.2902,long_nclose,0.0,0.0,5.0
1644803640000.0,117726,1644803640000.0,0.0,-0.00976858,1220.735883019992,1220.5287830199918,21.8,2.2405,21.8,2.2405,long_ientry_normal,48.8429,0.0400110299692076,287.0
1644809640000.0,117826,1644809640000.0,0.1296000000000017,-0.0032522400000000004,1220.862230779992,1221.132330779992,-7.2,2.2585,14.6,2.2405,long_nclose,32.7113,0.026793604696167237,100.0
1644810120000.0,117834,1644810120000.0,0.08640000000000114,-0.00216816,1220.9464626199917,1221.0885626199918,-4.8,2.2585,9.8,2.2405,long_nclose,21.9569,0.017983507608419914,8.0
1644810240000.0,117836,1644810240000.0,0.05760000000000076,-0.0014454400000000003,1221.0026171799918,1221.118117179992,-3.2,2.2585,6.6,2.2405,long_nclose,14.787299999999998,0.012110784851675839,2.0
1644810300000.0,117837,1644810300000.0,0.039600000000000524,-0.0009937400000000003,1221.0412234399919,1221.1138234399918,-2.2,2.2585,4.4,2.2405,long_nclose,9.8582,0.008073601292695817,1.0
1644810360000.0,117838,1644810360000.0,0.025200000000000333,-0.0006323800000000001,1221.0657910599919,1221.1212910599918,-1.4,2.2585,3.0,2.2405,long_nclose,6.7215,0.005504617399988866,1.0
1644818340000.0,117971,1644818340000.0,0.0,-0.008445312,1221.0573457479918,1220.3276857479918,19.2,2.1993,22.2,2.2048675675675677,long_ientry_partial,48.948060000000005,0.040086618511774766,133.0
1644818340000.0,117971,1644818340000.0,0.0,-0.009753281999999999,1221.0475924659918,1220.8559224659919,22.7,2.1483,44.9,2.176268819599109,long_rentry,97.71446999999999,0.08002511171792961,0.0
1644818580000.0,117975,1644818580000.0,0.2597245879732805,-0.006537226000000002,1221.300779827965,1221.6527152399917,-14.9,2.1937,30.0,2.176268819599109,long_nclose,65.28806458797327,0.05345780962914793,4.0
1644819360000.0,117988,1644819360000.0,0.1743118040089131,-0.0043874000000000005,1221.470704231974,1221.9453278399917,-10.0,2.1937,20.0,2.176268819599109,long_nclose,43.52537639198218,0.03563358191169202,13.0
1644820140000.0,118001,1644820140000.0,0.11504579064588265,-0.002895684,1221.5828543386199,1221.9008521559917,-6.6,2.1937,13.4,2.176268819599109,long_nclose,29.16200218262806,0.023872308029746155,13.0
1644820260000.0,118003,1644820260000.0,0.0,-0.0039005140000000008,1221.57895382462,1221.6621816419918,8.9,2.1913,22.3,2.182267810880182,long_ientry_partial,48.66457218262806,0.03983743501004582,2.0
1644820800000.0,118012,1644820800000.0,0.1297381994866542,-0.0032557040000000008,1221.7054363201066,1221.969645937992,-7.4,2.1998,14.9,2.182267810880182,long_nclose,32.515790382114716,0.02661508201195812,9.0
1644821040000.0,118016,1644821040000.0,0.0,-0.0032394240000000003,1221.7021968961067,1221.7816865139919,7.4,2.1888,22.3,2.1844354431441575,long_ientry_partial,48.712910382114714,0.03987298255325741,4.0
1644821340000.0,118021,1644821340000.0,0.12997772073323421,-0.0032589600000000004,1221.8289156568399,1222.150227553992,-7.4,2.202,14.9,2.1844354431441575,long_nclose,32.54808810284795,0.026638826177518074,5.0
1644824460000.0,118073,1644824460000.0,0.27501772073323466,-0.003287968,1222.1006454095732,1222.412379585992,-7.4,2.2216,7.5,2.1844354431441575,long_nclose,16.38326582358118,0.013405823722554793,52.0
1644824820000.0,118079,1644824820000.0,0.13750886036661733,-0.001643984,1222.2365102859396,1222.4096556019917,-3.7,2.2216,3.8,2.1844354431441575,long_nclose,8.300854683947797,0.006791528983212774,6.0
1644825120000.0,118084,1644825120000.0,0.21608531605220094,-0.0017033879999999997,1222.450892213992,1222.450892213992,-3.8,2.2413,0.0,2.1844354431441575,long_nclose,0.0,0.0,5.0
1645019340000.0,121321,1645019340000.0,0.0,-0.00978432,1222.4411078939918,1222.0667078939919,20.8,2.352,20.8,2.352,long_ientry_normal,48.9216,0.04001959659576697,3237.0
1645029000000.0,121482,1645029000000.0,0.13040999999999944,-0.0032718420000000005,1222.5682460519918,1222.8740460519919,-6.9,2.3709,13.9,2.352,long_nclose,32.6928,0.026741083866339582,161.0
1645029180000.0,121485,1645029180000.0,0.08693999999999961,-0.002181228,1222.6530048239918,1222.8483048239918,-4.6,2.3709,9.3,2.352,long_nclose,21.8736,0.017890276238390988,3.0
1645029360000.0,121488,1645029360000.0,0.058589999999999746,-0.001469958,1222.710124865992,1222.8155248659918,-3.1,2.3709,6.2,2.352,long_nclose,14.5824,0.011926293651652079,3.0
1645029480000.0,121490,1645029480000.0,0.037799999999999834,-0.00094836,1222.746976505992,1222.826776505992,-2.0,2.3709,4.2,2.352,long_nclose,9.8784,0.008078858659890205,2.0
1645029900000.0,121497,1645029900000.0,0.026459999999999883,-0.0006638519999999999,1222.7727726539922,1222.8259726539923,-1.4,2.3709,2.8,2.352,long_nclose,6.5855999999999995,0.005385792149841666,7.0
1645030200000.0,121502,1645030200000.0,0.017009999999999924,-0.000426762,1222.7893558919923,1222.8330558919922,-0.9,2.3709,1.9,2.352,long_nclose,4.4688,0.0036545951095069266,5.0
1645030440000.0,121506,1645030440000.0,0.011339999999999949,-0.000284508,1222.8004113839922,1222.8251113839922,-0.6,2.3709,1.3,2.352,long_nclose,3.0576,0.0025004898358999906,4.0
1645038000000.0,121632,1645038000000.0,0.007559999999999967,-0.000189672,1222.8077817119922,1222.8329817119923,-0.4,2.3709,0.9,2.352,long_nclose,2.1168,0.00173109791388175,126.0
1645038180000.0,121635,1645038180000.0,0.0056699999999999745,-0.000142254,1222.8133094579923,1222.8265094579924,-0.3,2.3709,0.6,2.352,long_nclose,1.4111999999999998,0.0011540600589516883,3.0
1645039020000.0,121649,1645039020000.0,0.012030000000000074,-0.000143526,1222.8251959319923,1222.8374959319924,-0.3,2.3921,0.3,2.352,long_nclose,0.7055999999999999,0.0005770244204546485,14.0
1645041900000.0,121697,1645041900000.0,0.018390000000000038,-0.00014479800000000002,1222.8434411339922,1222.8434411339922,-0.3,2.4133,0.0,2.352,long_nclose,0.0,0.0,48.0
1645070580000.0,122175,1645070580000.0,0.0,-0.009781380000000001,1222.8336597539922,1222.7727597539922,21.0,2.3289,21.0,2.3289,long_ientry_normal,48.9069,0.03999472831802734,478.0
1645072380000.0,122205,1645072380000.0,0.13089999999999957,-0.00328664,1222.9612731139923,1223.2286731139923,-7.0,2.3476,14.0,2.3289,long_nclose,32.6046,0.02666036996983544,30.0
1645072800000.0,122212,1645072800000.0,0.08601999999999971,-0.002159792,1223.0451333219924,1223.2246733219924,-4.6,2.3476,9.4,2.3289,long_nclose,21.89166,0.017899306741476204,7.0
1645073880000.0,122230,1645073880000.0,0.05796999999999981,-0.0014555120000000002,1223.1016478099925,1223.2156778099925,-3.1,2.3476,6.3,2.3289,long_nclose,14.67207,0.011995789578299455,18.0
1645074420000.0,122239,1645074420000.0,0.039269999999999874,-0.0009859920000000002,1223.1399318179924,1223.2201518179925,-2.1,2.3476,4.2,2.3289,long_nclose,9.78138,0.007996942741834632,9.0
1645074600000.0,122242,1645074600000.0,0.02617999999999991,-0.000657328,1223.1654544899925,1223.1853344899926,-1.4,2.3476,2.8,2.3289,long_nclose,6.520919999999999,0.005331183917975302,3.0
1645076100000.0,122267,1645076100000.0,0.016829999999999946,-0.000422568,1223.1818619219925,1223.2238519219925,-0.9,2.3476,1.9,2.3289,long_nclose,4.42491,0.003617540561832002,25.0
1645076460000.0,122273,1645076460000.0,0.011219999999999963,-0.000281712,1223.1928002099926,1223.2150302099926,-0.6,2.3476,1.3,2.3289,long_nclose,3.02757,0.002475137197897371,6.0
1645076520000.0,122274,1645076520000.0,0.007479999999999976,-0.000187808,1223.2000924019926,1223.2163824019926,-0.4,2.3476,0.9,2.3289,long_nclose,2.09601,0.00171354630613547,1.0
1645077780000.0,122295,1645077780000.0,0.005609999999999981,-0.000140856,1223.2055615459926,1223.2188215459926,-0.3,2.3476,0.6,2.3289,long_nclose,1.39734,0.0011423590964007074,21.0
1645080120000.0,122334,1645080120000.0,0.011909999999999954,-0.000142116,1223.2173294299926,1223.2296594299926,-0.3,2.3686,0.3,2.3289,long_nclose,0.69867,0.0005711740532040806,39.0
1645080360000.0,122338,1645080360000.0,0.003969999999999985,-4.7372e-05,1223.2212520579926,1223.2292720579926,-0.1,2.3686,0.2,2.3289,long_nclose,0.46578,0.0003807814810414343,4.0
1645080540000.0,122341,1645080540000.0,0.003969999999999985,-4.7372e-05,1223.2251746859927,1223.2290846859926,-0.1,2.3686,0.1,2.3289,long_nclose,0.23289,0.0001903901299773232,3.0
1645080600000.0,122342,1645080600000.0,0.003969999999999985,-4.7372e-05,1223.2290973139927,1223.2290973139927,-0.1,2.3686,0.0,2.3289,long_nclose,0.0,0.0,1.0
1645088160000.0,122468,1645088160000.0,0.0,-0.009774048,1223.2193232659927,1223.1302832659926,21.2,2.3052,21.2,2.3052,long_ientry_normal,48.87024,0.039952148458149414,126.0
1645088760000.0,122478,1645088760000.0,0.12949999999999973,-0.0032531800000000005,1223.3455700859927,1223.4847300859926,-7.0,2.3237,14.2,2.3052,long_nclose,32.73384,0.02675763970576118,10.0
1645088880000.0,122480,1645088880000.0,0.08694999999999982,-0.0021842780000000004,1223.4303358079926,1223.5424358079927,-4.7,2.3237,9.5,2.3052,long_nclose,21.8994,0.017899997538917436,2.0
1645088940000.0,122481,1645088940000.0,0.05734999999999988,-0.0014406940000000002,1223.4862451139927,1223.6065651139927,-3.1,2.3237,6.4,2.3052,long_nclose,14.753280000000002,0.012058394656186293,1.0
1645089240000.0,122486,1645089240000.0,0.03884999999999992,-0.0009759540000000001,1223.5241191599926,1223.6049591599926,-2.1,2.3237,4.3,2.3052,long_nclose,9.91236,0.008101483121399605,5.0
1645089480000.0,122490,1645089480000.0,0.025899999999999944,-0.000650636,1223.5493685239926,1223.6038885239925,-1.4,2.3237,2.9,2.3052,long_nclose,6.68508,0.005463678190659712,4.0
1645089660000.0,122493,1645089660000.0,0.0,-0.008466576,1223.5409019479926,1223.2360419479926,18.4,2.3007,21.3,2.301312676056338,long_ientry_partial,49.017959999999995,0.040062379542816086,3.0
1645091580000.0,122525,1645091580000.0,0.13126000000000046,-0.0032941159999999997,1223.6688678319927,1223.9484278319926,-7.1,2.3198,14.2,2.301312676056338,long_nclose,32.678639999999994,0.026705459997440017,32.0
1645092060000.0,122533,1645092060000.0,0.08689042253521158,-0.002180612,1223.7535776425277,1223.9501072199926,-4.7,2.3198,9.5,2.301312676056338,long_nclose,21.86247042253521,0.017865092141059698,8.0
1645100100000.0,122667,1645100100000.0,0.05731070422535232,-0.001438276,1223.809450070753,1223.8906489439923,-3.1,2.3198,6.4,2.301312676056338,long_nclose,14.728401126760563,0.012034881023274546,134.0
1645100220000.0,122669,1645100220000.0,0.03882338028169028,-0.000974316,1223.8472991350345,1223.9276546279923,-2.1,2.3198,4.3,2.301312676056338,long_nclose,9.895644507042253,0.008085685619469105,2.0
1645100520000.0,122674,1645100520000.0,0.02588225352112685,-0.000649544,1223.8725318445556,1223.9296250839923,-1.4,2.3198,2.9,2.301312676056338,long_nclose,6.673806760563379,0.005453024385231502,5.0
1645100880000.0,122680,1645100880000.0,0.016638591549295836,-0.000417564,1223.888752872105,1223.9321275199923,-0.9,2.3198,2.0,2.301312676056338,long_nclose,4.602625352112676,0.0037606566293804686,6.0
1645101180000.0,122685,1645101180000.0,0.011092394366197222,-0.000278376,1223.899566890471,1223.9243291439923,-0.6,2.3198,1.4,2.301312676056338,long_nclose,3.2218377464788728,0.0026324363809234036,5.0
1645101660000.0,122693,1645101660000.0,0.007394929577464815,-0.000185584,1223.9067762360485,1223.925463559992,-0.4,2.3198,1.0,2.301312676056338,long_nclose,2.301312676056338,0.0018803006248022404,8.0
1645101780000.0,122695,1645101780000.0,0.005546197183098611,-0.000139188,1223.9121832452315,1223.923864371992,-0.3,2.3198,0.7,2.301312676056338,long_nclose,1.6109188732394364,0.0013162046225964085,2.0
1645101960000.0,122698,1645101960000.0,0.0036974647887324076,-9.2792e-05,1223.9157879180202,1223.9256315799921,-0.2,2.3198,0.5,2.301312676056338,long_nclose,1.150656338028169,0.000940143390082032,3.0
1645104120000.0,122734,1645104120000.0,0.0,-0.009563786000000003,1223.9062241320203,1223.817437793992,21.1,2.2663,21.6,2.2671104786124157,long_ientry_partial,48.96958633802818,0.040010897381257154,36.0
1645105140000.0,122751,1645105140000.0,0.13096455399060644,-0.0032908319999999996,1224.033897854011,1224.3059069619922,-7.2,2.2853,14.4,2.2671104786124157,long_nclose,32.646390892018786,0.026671149344192818,17.0
1645106160000.0,122768,1645106160000.0,0.0,-0.00329887,1224.030598984011,1224.0620580919922,7.3,2.2595,21.7,2.2645502715216033,long_ientry_partial,49.14074089201879,0.040146660494277966,17.0
1645122360000.0,123038,1645122360000.0,0.0,-0.009796416,1224.020802568011,1222.4779816759922,22.2,2.2064,43.9,2.2351439838728657,long_rentry,98.12282089201881,0.08016434090511852,270.0
1645128180000.0,123135,1645128180000.0,0.0,-0.009847776000000003,1224.010954792011,1220.6545538999922,22.8,2.1596,66.7,2.2093208529538053,long_rentry,147.36170089201883,0.12039246896859607,97.0
1645133040000.0,123216,1645133040000.0,0.0,-0.014647564,1223.9963072280111,1216.9371863359922,34.6,2.1167,101.3,2.177685300019929,long_rentry,220.59952089201883,0.1802289104871659,81.0
1645168980000.0,123815,1645168980000.0,0.5902453893283793,-0.014795648,1224.5717569693395,1225.6070306879924,-33.7,2.1952,67.6,2.177685300019929,long_nclose,147.2115262813472,0.12021469990919695,599.0
1645174560000.0,123908,1645174560000.0,0.39408074955158856,-0.009878399999999999,1224.9559593188912,1225.7819522879925,-22.5,2.1952,45.1,2.177685300019929,long_nclose,98.21360703089881,0.08017725558517895,93.0
1645174740000.0,123911,1645174740000.0,0.26272049970105904,-0.0065856,1225.2120942185923,1225.8235666879923,-15.0,2.1952,30.1,2.177685300019929,long_nclose,65.54832753059988,0.053499575983540104,3.0
1645174980000.0,123915,1645174980000.0,0.17514699980070603,-0.0043904,1225.382850818393,1225.7509762879924,-10.0,2.1952,20.1,2.177685300019929,long_nclose,43.77147453040058,0.03572065212204255,4.0
1645175220000.0,123919,1645175220000.0,0.11734848986647305,-0.002941568,1225.4972577402596,1225.7158747199926,-6.7,2.1952,13.4,2.177685300019929,long_nclose,29.180983020267053,0.02381154493489032,4.0
1645175340000.0,123921,1645175340000.0,0.07706467991231065,-0.001931776,1225.572390644172,1225.7462229439925,-4.4,2.1952,9.0,2.177685300019929,long_nclose,19.599167700179365,0.01599184825783964,2.0
1645175520000.0,123924,1645175520000.0,0.05254409994021181,-0.00131712,1225.623617624112,1225.7215058239924,-3.0,2.1952,6.0,2.177685300019929,long_nclose,13.066111800119575,0.010660786567941966,3.0
1645194960000.0,124248,1645194960000.0,0.0,-0.007310800000000001,1225.6163068241121,1225.1581950239927,17.5,2.0888,23.5,2.1114941191540244,long_ientry_partial,49.620111800119574,0.040485844977616266,324.0
1645195260000.0,124253,1645195260000.0,0.0,-0.009791796000000002,1225.6065150281122,1224.2762232279927,23.8,2.0571,47.3,2.084124562370393,long_rentry,98.57909180011958,0.08043290451818334,5.0
1645196340000.0,124271,1645196340000.0,0.2633743707848331,-0.006596826,1225.8632925728969,1226.3649564019925,-15.7,2.1009,31.6,2.084124562370393,long_nclose,65.85833617090442,0.05372404620475909,18.0
1645196400000.0,124272,1645196400000.0,0.17614209511087564,-0.004411890000000001,1226.0350227780077,1226.5387945119924,-10.5,2.1009,21.1,2.084124562370393,long_nclose,43.97502826601529,0.03586767706388567,1.0
1645197300000.0,124287,1645197300000.0,0.11742806340725043,-0.0029412600000000007,1226.149509581415,1226.3733532519925,-7.0,2.1009,14.1,2.084124562370393,long_nclose,29.38615632942254,0.02396620974831563,15.0
1645197360000.0,124288,1645197360000.0,0.07884455685915386,-0.001974846,1226.2263792922743,1226.3568084059925,-4.7,2.1009,9.4,2.084124562370393,long_nclose,19.590770886281696,0.01597647156929429,1.0
1645198140000.0,124301,1645198140000.0,0.0,-0.005900668,1226.2204786242742,1226.0255677379926,14.2,2.0777,23.6,2.0802589358593937,long_ientry_partial,49.0941108862817,0.04003693605032722,13.0
1645200300000.0,124337,1645200300000.0,0.0,-0.009810196,1226.2106684282742,1225.2907775419924,24.2,2.0269,47.8,2.053244579210914,long_rentry,98.1450908862817,0.08003933860083079,36.0
1645201500000.0,124357,1645201500000.0,0.2616411905464659,-0.006581646000000001,1226.4657279728206,1227.0321258959923,-15.9,2.0697,31.9,2.053244579210914,long_nclose,65.49850207682816,0.05340426608176666,20.0
1645201860000.0,124363,1645201860000.0,0.1744274603643106,-0.004387764000000001,1226.6357676691848,1227.0139581319922,-10.6,2.0697,21.3,2.053244579210914,long_nclose,43.734109537192474,0.035653704783364236,6.0
1645202280000.0,124370,1645202280000.0,0.11683348760250993,-0.002938974,1226.7496621827872,1227.0301891579923,-7.1,2.0697,14.2,2.053244579210914,long_nclose,29.15607302479498,0.023766929736028484,7.0
1645203480000.0,124390,1645203480000.0,0.0,-0.003990192,1226.7456719907873,1226.7292389659924,9.7,2.0568,23.9,2.054687574259204,long_ientry_partial,49.10703302479497,0.04003032914320627,20.0
1645212840000.0,124546,1645212840000.0,0.13044816335228868,-0.0032724960000000006,1226.8728476581396,1227.1498464699923,-7.9,2.0712,16.0,2.054687574259204,long_nclose,32.875001188147266,0.026795768812472472,156.0
1645214040000.0,124566,1645214040000.0,0.08751585642621897,-0.0021954720000000004,1226.9581680425658,1227.1541109979923,-5.3,2.0712,10.7,2.054687574259204,long_nclose,21.985157044573484,0.017918424292857206,20.0
1645214700000.0,124577,1645214700000.0,0.057793490092786115,-0.00144984,1227.0145116926585,1227.1751611579923,-3.5,2.0712,7.2,2.054687574259204,long_nclose,14.79375053466627,0.012056703807242171,11.0
1645215600000.0,124592,1645215600000.0,0.039629821777910475,-0.000994176,1227.0531473384365,1227.1362469819924,-2.4,2.0712,4.8,2.054687574259204,long_nclose,9.86250035644418,0.008037549455650416,15.0
1645216200000.0,124602,1645216200000.0,0.026419881185273653,-0.0006627840000000001,1227.0789044356218,1227.1279041979924,-1.6,2.0712,3.2,2.054687574259204,long_nclose,6.575000237629453,0.0053582538285535395,10.0
1645216500000.0,124607,1645216500000.0,0.016512425740796033,-0.00041424000000000007,1227.0950026213625,1227.1330899579923,-1.0,2.0712,2.2,2.054687574259204,long_nclose,4.520312663370249,0.003683751179585771,5.0
1645216860000.0,124613,1645216860000.0,0.011558698018557223,-0.00028996800000000004,1227.1062713513809,1227.132239989992,-0.7,2.0712,1.5,2.054687574259204,long_nclose,3.082031361388806,0.002511625466631055,6.0
1645217100000.0,124617,1645217100000.0,0.008256212870398016,-0.00020712000000000004,1227.1143204442515,1227.1316328699922,-0.5,2.0712,1.0,2.054687574259204,long_nclose,2.054687574259204,0.0016744059946389891,4.0
1645217340000.0,124621,1645217340000.0,0.004953727722238809,-0.000124272,1227.1191498999738,1227.1305685979924,-0.3,2.0712,0.7,2.054687574259204,long_nclose,1.4382813019814429,0.0011720795833873848,4.0
1645218960000.0,124648,1645218960000.0,0.0033024851481592067,-8.284800000000002e-05,1227.122369537122,1227.1310257499924,-0.2,2.0712,0.5,2.054687574259204,long_nclose,1.027343787129602,0.0008371975058340126,27.0
1645219380000.0,124655,1645219380000.0,0.0016512425740796033,-4.142400000000001e-05,1227.123979355696,1227.1309043259923,-0.1,2.0712,0.4,2.054687574259204,long_nclose,0.8218750297036816,0.0006697571260364488,7.0
1645219620000.0,124659,1645219620000.0,0.0016512425740796033,-4.142400000000001e-05,1227.12558917427,1227.1307829019922,-0.1,2.0712,0.3,2.054687574259204,long_nclose,0.6164062722777612,0.0005023171855559948,4.0
1645219740000.0,124661,1645219740000.0,0.0016512425740796033,-4.142400000000001e-05,1227.1271989928441,1227.1312614779922,-0.1,2.0712,0.2,2.054687574259204,long_nclose,0.4109375148518408,0.00033487768439092124,2.0
1645219980000.0,124665,1645219980000.0,0.0016512425740796033,-4.142400000000001e-05,1227.1288088114181,1227.1305400539923,-0.1,2.0712,0.1,2.054687574259204,long_nclose,0.2054687574259204,0.00016743862253949929,4.0
1645220220000.0,124669,1645220220000.0,0.0016512425740796033,-4.142400000000001e-05,1227.1304186299922,1227.1304186299922,-0.1,2.0712,0.0,2.054687574259204,long_nclose,0.0,0.0,4.0
1645266600000.0,125442,1645266600000.0,0.0,-0.00981124,1227.120607389992,1227.132807389992,24.4,2.0105,24.4,2.0105,long_ientry_normal,49.0562,0.03997667360858639,773.0
1645268520000.0,125474,1645268520000.0,0.13041000000000183,-0.003283092,1227.247734297992,1227.549284297992,-8.1,2.0266,16.3,2.0105,long_nclose,32.77115,0.02670296231489536,32.0
1645268700000.0,125477,1645268700000.0,0.08694000000000122,-0.0021887280000000005,1227.332485569992,1227.523235569992,-5.4,2.0266,10.9,2.0105,long_nclose,21.91445,0.017855349106825433,3.0
1645269000000.0,125482,1645269000000.0,0.05796000000000081,-0.0014591520000000002,1227.388986417992,1227.5167364179922,-3.6,2.0266,7.3,2.0105,long_nclose,14.676649999999999,0.011957619110492661,5.0
1645270440000.0,125506,1645270440000.0,0.0,-0.006880344000000001,1227.3821060739922,1227.2302360739923,17.2,2.0001,24.5,2.003198775510204,long_ientry_partial,49.07836999999999,0.03998621925244307,24.0
1645275180000.0,125585,1645275180000.0,0.0,-0.009837071999999999,1227.3722690019922,1225.7750390019921,25.2,1.9518,49.7,1.9771374245472835,long_rentry,98.26373,0.08006024943019183,79.0
1645275300000.0,125587,1645275300000.0,0.0,-0.009857664000000002,1227.3624113379922,1224.3173613379922,25.8,1.9104,75.5,1.95433178807947,long_rentry,147.55204999999998,0.12021881119786629,2.0
1645280220000.0,125669,1645280220000.0,0.39327211920530375,-0.009889400000000001,1227.7457940571974,1228.5858719379921,-25.1,1.97,50.4,1.95433178807947,long_nclose,98.49832211920528,0.08022696766380982,82.0
1645280400000.0,125672,1645280400000.0,0.26322596026490447,-0.006619200000000001,1228.0024008174623,1228.528852737992,-16.8,1.97,33.6,1.95433178807947,long_nclose,65.6655480794702,0.05347346881061279,3.0
1645280460000.0,125673,1645280460000.0,0.1754839735099363,-0.004412800000000001,1228.1734719909723,1228.502039937992,-11.2,1.97,22.4,1.95433178807947,long_nclose,43.777032052980125,0.035644013692963,1.0
1645280640000.0,125676,1645280640000.0,0.11594476821192222,-0.0029156000000000004,1228.2865011591841,1228.536524337992,-7.4,1.97,15.0,1.95433178807947,long_nclose,29.314976821192047,0.02386656272256213,3.0
1645281120000.0,125684,1645281120000.0,0.0,-0.003948291999999999,1228.2825528671842,1228.3468160459922,10.1,1.9546,25.1,1.954439713991715,long_ientry_partial,49.056436821192044,0.039939048801661665,8.0
1645286760000.0,125778,1645286760000.0,0.12998037386876604,-0.0032703660000000002,1228.4092628750532,1228.7042756799924,-8.3,1.9701,16.8,1.954439713991715,long_nclose,32.83458719506081,0.02672935493681682,94.0
1645286940000.0,125781,1645286940000.0,0.27938640246959506,-0.0033393360000000005,1228.6853099415227,1228.9840163439924,-8.4,1.9877,8.4,1.954439713991715,long_nclose,16.417293597530406,0.013361674844400769,3.0
1645287360000.0,125788,1645287360000.0,0.42722640246959553,-0.0033689040000000007,1229.1091674399925,1229.1091674399925,-8.4,2.0053,0.0,1.954439713991715,long_nclose,0.0,0.0,7.0
1645331820000.0,126529,1645331820000.0,0.0,-0.00984724,1229.0993201999925,1229.0551201999924,26.0,1.8937,26.0,1.8937,long_ientry_normal,49.2362,0.04005876432507387,741.0
1645336440000.0,126606,1645336440000.0,0.0,-0.009815932000000001,1229.0895042679924,1227.4524442679924,26.6,1.8451,52.6,1.8691228136882128,long_rentry,98.31586,0.0799908059247108,77.0
1645339020000.0,126649,1645339020000.0,0.0,-0.009860760000000001,1229.0796435079924,1225.2799835079925,27.3,1.806,79.9,1.8475551939924904,long_rentry,147.61965999999998,0.12010585382300333,43.0
1645344180000.0,126735,1645344180000.0,0.39487183979975815,-0.009907968000000001,1229.4646073797921,1230.6076155399924,-26.6,1.8624,53.3,1.8475551939924904,long_nclose,98.47469183979973,0.08009558896507547,86.0
1645345020000.0,126749,1645345020000.0,0.2627530663329217,-0.006592896000000001,1229.720767550125,1230.1638026439923,-17.7,1.8624,35.6,1.8475551939924904,long_nclose,65.77296490613266,0.053486097528601485,14.0
1645348800000.0,126812,1645348800000.0,0.17516871088861452,-0.004395264,1229.8915409970134,1230.282927379992,-11.8,1.8624,23.8,1.8475551939924904,long_nclose,43.97181361702127,0.03575259455917182,63.0
1645350000000.0,126832,1645350000000.0,0.11727396745932667,-0.0029425920000000004,1230.0058723724728,1230.2832447879923,-7.9,1.8624,15.9,1.8475551939924904,long_nclose,29.376127584480596,0.023882916532600797,20.0
1645350300000.0,126837,1645350300000.0,0.07867747183980142,-0.001974144,1230.0825757003126,1230.2462906439923,-5.3,1.8624,10.6,1.8475551939924904,long_nclose,19.584085056320397,0.01592095152243804,5.0
1645359480000.0,126990,1645359480000.0,0.05195682102628396,-0.00130368,1230.133228841339,1230.2215869639922,-3.5,1.8624,7.1,1.8475551939924904,long_nclose,13.117641877346681,0.010663594454482115,153.0
1645359540000.0,126991,1645359540000.0,0.03414305381727231,-0.0008567040000000001,1230.1665151911561,1230.2598502599922,-2.3,1.8624,4.8,1.8475551939924904,long_nclose,8.868264931163953,0.007208995547879881,1.0
1645393080000.0,127550,1645393080000.0,0.0,-0.008134996,1230.158380195156,1229.8380352639922,22.9,1.7762,27.7,1.7885647989589875,long_ientry_partial,49.543244931163954,0.04027387507883681,559.0
1645397040000.0,127616,1645397040000.0,0.13188384957731492,-0.0033173359999999997,1230.2869467087332,1230.553997927992,-9.2,1.8029,18.5,1.7885647989589875,long_nclose,33.08844878074127,0.026894903558279285,66.0
1645397460000.0,127623,1645397460000.0,0.28000384957731494,-0.00334696,1230.5636035983105,1230.8094509679918,-9.2,1.819,9.3,1.7885647989589875,long_nclose,16.633652630318586,0.013517101092279878,7.0
1645397520000.0,127624,1645397520000.0,0.14000192478865747,-0.00167348,1230.7019320430993,1230.849677487992,-4.6,1.819,4.7,1.7885647989589875,long_nclose,8.40625455510724,0.0068304553167897785,1.0
1645398000000.0,127632,1645398000000.0,0.21918544489275868,-0.001725088,1230.919392399992,1230.919392399992,-4.7,1.8352,0.0,1.7885647989589875,long_nclose,0.0,0.0,8.0
1645443360000.0,128388,1645443360000.0,0.0,-0.00984636,1230.909546039992,1230.8447460399918,27.0,1.8234,27.0,1.8234,long_ientry_normal,49.2318,0.03999627767806788,756.0
1645444140000.0,128401,1645444140000.0,0.0,-0.009842364,1230.899703675992,1229.493883675992,27.7,1.7766,54.7,1.7997005484460693,long_rentry,98.44362,0.07997696295320027,13.0
1645449000000.0,128482,1645449000000.0,0.0,-0.00987752,1230.889826155992,1226.239906155992,28.4,1.739,83.1,1.7789557160048135,long_rentry,147.83122,0.12010109829380065,81.0
1645449120000.0,128484,1645449120000.0,0.0,-0.014691928,1230.875134227992,1226.648274227992,43.1,1.7044,126.2,1.7534933438985734,long_rentry,221.29085999999995,0.17978335401079829,2.0
1645452960000.0,128548,1645452960000.0,0.5924795562599212,-0.01484784,1231.452765944252,1232.590026387992,-42.0,1.7676,84.2,1.7534933438985734,long_nclose,147.6441395562599,0.11989427742528921,64.0
1645453020000.0,128549,1645453020000.0,0.3949863708399475,-0.00989856,1231.8378537550918,1233.046527827992,-28.0,1.7676,56.2,1.7534933438985734,long_nclose,98.54632592709983,0.07999942981675277,1.0
1645453080000.0,128550,1645453080000.0,0.8403770364500912,-0.010022708000000002,1232.668208083542,1233.553545119992,-28.1,1.7834,28.1,1.7534933438985734,long_nclose,49.273162963549915,0.03997277015861069,1.0
1645453200000.0,128552,1645453200000.0,1.284357036450086,-0.010111504,1233.942453615992,1233.942453615992,-28.1,1.7992,0.0,1.7534933438985734,long_nclose,0.0,0.0,2.0
1645466700000.0,128777,1645466700000.0,0.0,-0.0098728,1233.932580815992,1233.680580815992,28.0,1.763,28.0,1.763,long_ientry_normal,49.364,0.04000542717443759,225.0
1645468380000.0,128805,1645468380000.0,0.0,-0.009860172,1233.922720643992,1232.9519606439922,28.7,1.7178,56.7,1.7401209876543207,long_rentry,98.66485999999999,0.07996032356751336,28.0
1645469220000.0,128819,1645469220000.0,0.26420333333333934,-0.006630498,1234.1802934793254,1234.7049201459922,-18.9,1.7541,37.8,1.7401209876543207,long_nclose,65.77657333333332,0.05329575725755597,14.0
1645469280000.0,128820,1645469280000.0,0.17613555555555957,-0.004420332,1234.3520087028808,1235.281359813992,-12.6,1.7541,25.2,1.7401209876543207,long_nclose,43.85104888888888,0.035525562059861494,1.0
1645469280000.0,128820,1645469280000.0,0.37395555555556015,-0.004459896,1234.7215043624362,1235.1861799179917,-12.6,1.7698,12.6,1.7401209876543207,long_nclose,21.92552444444444,0.0177574654421897,0.0
1645469460000.0,128823,1645469460000.0,0.0,-0.005465616,1234.7160387464362,1234.6432343019917,15.6,1.7518,28.2,1.7465817178881007,long_ientry_partial,49.25360444444444,0.0398906330677051,3.0
1645469640000.0,128826,1645469640000.0,0.13177185185185306,-0.003309928,1234.8445006702882,1235.115564373992,-9.4,1.7606,18.8,1.7465817178881007,long_nclose,32.8357362962963,0.026590988807475492,3.0
1645469700000.0,128827,1645469700000.0,0.0,-0.003291316,1234.8412093542881,1234.7578930579919,9.4,1.7507,28.2,1.7479544785920673,long_ientry_partial,49.2923162962963,0.03991793918350991,1.0
1645480260000.0,129003,1645480260000.0,0.0,-0.009877980000000001,1234.831331374288,1232.5883150779919,29.0,1.7031,57.2,1.7252135716135717,long_rentry,98.6822162962963,0.07991554294825783,176.0
1645480560000.0,129008,1645480560000.0,0.0,-0.009901980000000001,1234.821429394288,1231.4047130979918,29.7,1.667,86.9,1.70531779397349,long_rentry,148.1921162962963,0.12001096901030327,5.0
1645482660000.0,129043,1645482660000.0,0.0,-0.014737778,1234.8066916162882,1227.689685319992,45.1,1.6339,132.0,1.680916714365881,long_rentry,221.88100629629628,0.17968885964317807,35.0
1645485240000.0,129086,1645485240000.0,0.0,-0.02178574,1234.7849058762881,1222.1686995799919,68.5,1.5902,200.5,1.649923722176041,long_rentry,330.8097062962962,0.2679087707680804,43.0
1645526400000.0,129772,1645526400000.0,0.8868553586404622,-0.022220352000000002,1235.6495408829287,1237.665239227992,-66.8,1.6632,133.7,1.649923722176041,long_nclose,220.59480165493667,0.1785253782373532,686.0
1645526520000.0,129774,1645526520000.0,0.5907943631661762,-0.01480248,1236.2255327660948,1237.213536747992,-44.5,1.6632,89.2,1.649923722176041,long_nclose,147.17319601810286,0.11905044194387253,2.0
1645527000000.0,129782,1645527000000.0,0.39430545137158274,-0.009879408,1236.6099588094664,1237.447497339992,-29.7,1.6632,59.5,1.649923722176041,long_nclose,98.17046146947445,0.07938676279462205,8.0
1645527180000.0,129785,1645527180000.0,0.2628703009143885,-0.006586272,1236.8662428383807,1237.5838710679918,-19.8,1.6632,39.7,1.649923722176041,long_nclose,65.50197177038883,0.0529580075045737,3.0
1645527420000.0,129789,1645527420000.0,0.175246867276259,-0.004390848,1237.037098857657,1237.4101202199918,-13.2,1.6632,26.5,1.649923722176041,long_nclose,43.722978637665086,0.03534492108445342,4.0
1645537320000.0,129954,1645537320000.0,0.11683124485083934,-0.0029272320000000005,1237.1510028705077,1237.2585529879918,-8.8,1.6632,17.7,1.649923722176041,long_nclose,29.203649882515926,0.023605566187762016,165.0
1645537980000.0,129965,1645537980000.0,0.0783300391613582,-0.001962576,1237.227370333669,1237.3934704119915,-5.9,1.6632,11.8,1.649923722176041,long_nclose,19.469099921677284,0.015736072761166484,11.0
1645538160000.0,129968,1645538160000.0,0.05177748351344016,-0.001297296,1237.2778505211822,1237.3969531159914,-3.9,1.6632,7.9,1.649923722176041,long_nclose,13.034397405190724,0.010534737528599744,3.0
1645538220000.0,129969,1645538220000.0,0.10949748351343987,-0.0013088400000000001,1237.3860391646956,1237.5343442759915,-3.9,1.678,4.0,1.649923722176041,long_nclose,6.599694888704164,0.005333577945617784,1.0
1645538520000.0,129974,1645538520000.0,0.01725916117114672,-0.00043243200000000006,1237.4028658938666,1237.4435718439913,-1.3,1.6632,2.7,1.649923722176041,long_nclose,4.454794049875311,0.0036001161567193293,5.0
1645538700000.0,129977,1645538700000.0,0.011948650041563114,-0.000299376,1237.4145151679083,1237.4452524679914,-0.9,1.6632,1.8,1.649923722176041,long_nclose,2.969862699916874,0.0024000548429916266,3.0
1645539000000.0,129982,1645539000000.0,0.007965766694375409,-0.000199584,1237.4222813506026,1237.4475728839914,-0.6,1.6632,1.2,1.649923722176041,long_nclose,1.9799084666112492,0.0016000265200091994,5.0
1645539300000.0,129987,1645539300000.0,0.005310511129583606,-0.00013305600000000002,1237.4274588057322,1237.4283198279913,-0.4,1.6632,0.8,1.649923722176041,long_nclose,1.3199389777408328,0.0010666798836149428,5.0
1645540260000.0,130003,1645540260000.0,0.002655255564791803,-6.652800000000001e-05,1237.430047533297,1237.4402932999915,-0.2,1.6632,0.6,1.649923722176041,long_nclose,0.9899542333056246,0.0008000082390750146,16.0
1645540620000.0,130009,1645540620000.0,0.002655255564791803,-6.652800000000001e-05,1237.432636260862,1237.4382667719915,-0.2,1.6632,0.4,1.649923722176041,long_nclose,0.6599694888704164,0.0005333377102972165,6.0
1645540860000.0,130013,1645540860000.0,0.0013276277823959016,-3.3264000000000005e-05,1237.4339306246443,1237.4381535079915,-0.1,1.6632,0.3,1.649923722176041,long_nclose,0.4949771166528123,0.00040000286431692787,4.0
1645541100000.0,130017,1645541100000.0,0.0013276277823959016,-3.3264000000000005e-05,1237.4352249884266,1237.4384402439914,-0.1,1.6632,0.2,1.649923722176041,long_nclose,0.3299847444352082,0.00026666829727454576,4.0
1645541580000.0,130025,1645541580000.0,0.002807627782395894,-3.3560000000000004e-05,1237.437999056209,1237.4410066839914,-0.1,1.678,0.1,1.649923722176041,long_nclose,0.1649923722176041,0.00013333384973101148,8.0
1645541760000.0,130028,1645541760000.0,0.002807627782395894,-3.3560000000000004e-05,1237.4407731239914,1237.4407731239914,-0.1,1.678,0.0,1.649923722176041,long_nclose,0.0,0.0,3.0
1645550100000.0,130167,1645550100000.0,0.0,-0.00989913,1237.4308739939916,1237.4464239939916,31.1,1.5915,31.1,1.5915,long_ientry_normal,49.49565,0.03999871915288929,139.0
1645551120000.0,130184,1645551120000.0,0.1318400000000015,-0.0033048580000000004,1237.5594091359915,1237.9650091359915,-10.3,1.6043,20.8,1.5915,long_nclose,33.1032,0.02674877646731414,17.0
1645552140000.0,130201,1645552140000.0,0.08832000000000101,-0.0022139340000000003,1237.6455152019914,1237.8609652019913,-6.9,1.6043,13.9,1.5915,long_nclose,22.12185,0.017874140639042007,17.0
1645552800000.0,130212,1645552800000.0,0.05888000000000066,-0.0014759559999999998,1237.7029192459916,1237.8098692459916,-4.6,1.6043,9.3,1.5915,long_nclose,14.80095,0.01195840275549866,11.0
1645552980000.0,130215,1645552980000.0,0.03968000000000045,-0.0009946660000000002,1237.7416045799916,1237.8315045799916,-3.1,1.6043,6.2,1.5915,long_nclose,9.8673,0.007972019332216206,3.0
1645554120000.0,130234,1645554120000.0,0.02560000000000029,-0.00064172,1237.7665628599916,1237.8274628599916,-2.0,1.6043,4.2,1.5915,long_nclose,6.6843,0.005400291299318356,19.0
1645554540000.0,130241,1645554540000.0,0.0179200000000002,-0.00044920400000000003,1237.7840336559916,1237.8218336559917,-1.4,1.6043,2.8,1.5915,long_nclose,4.456199999999999,0.0036001433843332953,7.0
1645554660000.0,130243,1645554660000.0,0.01152000000000013,-0.000288774,1237.7952648819917,1237.8171148819918,-0.9,1.6043,1.9,1.5915,long_nclose,3.0238499999999995,0.0024429322730429785,2.0
1645554720000.0,130244,1645554720000.0,0.007680000000000086,-0.000192516,1237.8027523659916,1237.8242023659916,-0.6,1.6043,1.3,1.5915,long_nclose,2.06895,0.0016714698654897288,1.0
1645555200000.0,130252,1645555200000.0,0.016260000000000073,-0.00019423200000000002,1237.8188181339917,1237.8436681339917,-0.6,1.6186,0.7,1.5915,long_nclose,1.1140499999999998,0.0009000105537896305,8.0
1645557120000.0,130284,1645557120000.0,0.008130000000000037,-9.711600000000001e-05,1237.8268510179917,1237.8374510179917,-0.3,1.6186,0.4,1.5915,long_nclose,0.6366,0.0005142884075236037,32.0
1645557180000.0,130285,1645557180000.0,0.0054200000000000255,-6.4744e-05,1237.8322062739917,1237.8379062739916,-0.2,1.6186,0.2,1.5915,long_nclose,0.3183,0.00025714309127415364,1.0
1645557840000.0,130296,1645557840000.0,0.0027100000000000127,-3.2372e-05,1237.8348839019916,1237.8374339019915,-0.1,1.6186,0.1,1.5915,long_nclose,0.15915,0.00012857126751696964,11.0
1645557900000.0,130297,1645557900000.0,0.0027100000000000127,-3.2372e-05,1237.8375615299915,1237.8375615299915,-0.1,1.6186,0.0,1.5915,long_nclose,0.0,0.0,1.0
1645639980000.0,131665,1645639980000.0,0.0,-0.009918072000000002,1237.8276434579916,1237.7174834579916,30.6,1.6206,30.6,1.6206,long_ientry_normal,49.590360000000004,0.040062411162077885,1368.0
1645652520000.0,131874,1645652520000.0,0.0,-0.00991612,1237.8177273379915,1236.4207673379915,31.4,1.579,62.0,1.5995316129032258,long_rentry,99.17096,0.08011757935740157,209.0
1645660680000.0,132010,1645660680000.0,0.0,-0.009953020000000003,1237.8077743179915,1234.5991143179915,32.2,1.5455,94.2,1.5810622080679404,long_rentry,148.93606,0.12032244674021451,136.0
1645663260000.0,132053,1645663260000.0,0.0,-0.014814744,1237.7929595739915,1232.1520795739916,48.9,1.5148,143.1,1.558419147449336,long_rentry,223.00977999999998,0.18016727133167146,43.0
1645671480000.0,132190,1645671480000.0,0.0,-0.021877128,1237.7710824459916,1225.4585624459917,74.2,1.4742,217.3,1.5296613897837088,long_rentry,332.39541999999994,0.2685435333835274,137.0
1645673040000.0,132216,1645673040000.0,0.0,-0.03199553,1237.7390869159917,1212.3160169159917,112.7,1.4195,330.0,1.492039606060606,long_rentry,492.37307,0.3978003726349304,26.0
1645681020000.0,132349,1645681020000.0,0.0,-0.04604301,1237.6930439059918,1190.086623905992,171.1,1.3455,501.1,1.4420038315705446,long_rentry,722.5881199999999,0.5838185191051971,133.0
1645718940000.0,132981,1645718940000.0,1.9365601277190574,-0.04855024,1239.581053793711,1244.9253736659919,-167.0,1.4536,334.1,1.4420038315705446,long_nclose,481.773480127719,0.38865831213962304,632.0
1645719180000.0,132985,1645719180000.0,4.107560127719041,-0.04898444,1243.6396294814301,1248.317789225992,-167.0,1.4666,167.1,1.4420038315705446,long_nclose,240.958840255438,0.193752944617817,4.0
1645719360000.0,132988,1645719360000.0,6.282319744562007,-0.049448232,1249.8725009939922,1249.8725009939922,-167.1,1.4796,0.0,1.4420038315705446,long_nclose,0.0,0.0,3.0
1645921320000.0,136354,1645921320000.0,0.0,-0.009999392000000001,1249.862501601992,1249.7205416019922,33.8,1.4792,33.8,1.4792,long_ientry_normal,49.99696,0.0400019681652319,3366.0
1645922760000.0,136378,1645922760000.0,0.0,-0.010002622000000001,1249.852498979992,1248.756428979992,34.7,1.4413,68.5,1.4600010218978103,long_rentry,100.01007000000001,0.08001749813007414,24.0
1645924200000.0,136402,1645924200000.0,0.0,-0.01001597,1249.842483009992,1245.872563009992,35.5,1.4107,104.0,1.4431723076923078,long_rentry,150.08992,0.12008706860286816,24.0
1645943460000.0,136723,1645943460000.0,0.40231815384615494,-0.010067216,1250.2347339478383,1251.0555757939921,-34.6,1.4548,69.4,1.4431723076923078,long_nclose,100.15615815384616,0.08010988291581478,321.0
1645944960000.0,136748,1645944960000.0,0.26859969230769304,-0.0067211760000000014,1250.496612464146,1251.090534617992,-23.1,1.4548,46.3,1.4431723076923078,long_nclose,66.81887784615384,0.05343387353483907,25.0
1645946700000.0,136777,1645946700000.0,0.17906646153846204,-0.004480784000000001,1250.6711981416845,1251.0675738339921,-15.4,1.4548,30.9,1.4431723076923078,long_nclose,44.59402430769231,0.03565607361387433,29.0
1645946880000.0,136780,1645946880000.0,0.1197652307692311,-0.0029968880000000005,1250.7879664844536,1251.011016945992,-10.3,1.4548,20.6,1.4431723076923078,long_nclose,29.72934953846154,0.023768496607799,3.0
1645947000000.0,136782,1645947000000.0,0.0790683076923079,-0.0019785280000000002,1250.8650562641458,1251.0006784179918,-6.8,1.4548,13.8,1.4431723076923078,long_nclose,19.915777846153848,0.015921603810433907,2.0
1645947240000.0,136786,1645947240000.0,0.053487384615384756,-0.001338416,1250.9172052327613,1251.026020001992,-4.6,1.4548,9.2,1.4431723076923078,long_nclose,13.27718523076923,0.010613960040863546,4.0
1645947660000.0,136793,1645947660000.0,0.03488307692307702,-0.00087288,1250.9512154296842,1251.0245471219919,-3.0,1.4548,6.2,1.4431723076923078,long_nclose,8.94766830769231,0.007152691645628172,7.0
1645953480000.0,136890,1645953480000.0,0.023255384615384678,-0.0005819200000000001,1250.9738888942995,1251.023565201992,-2.0,1.4548,4.2,1.4431723076923078,long_nclose,6.061323692307693,0.004845283939271606,97.0
1645954020000.0,136899,1645954020000.0,0.016278769230769274,-0.00040734399999999997,1250.9897603195302,1251.0200778579917,-1.4,1.4548,2.8,1.4431723076923078,long_nclose,4.0408824615384615,0.003230148311131125,9.0
1645954080000.0,136900,1645954080000.0,0.010464923076923106,-0.000261864,1250.999963378607,1251.0224359939916,-0.9,1.4548,1.9,1.4431723076923078,long_nclose,2.7420273846153846,0.0021918684771260284,1.0
1645954680000.0,136910,1645954680000.0,0.006976615384615403,-0.00017457600000000002,1251.0067654179916,1251.0195414179916,-0.6,1.4548,1.3,1.4431723076923078,long_nclose,1.8761240000000001,0.001499691330104951,10.0
1645954740000.0,136911,1645954740000.0,0.004651076923076936,-0.00011638400000000003,1251.0113001109146,1251.0219450339914,-0.4,1.4548,0.9,1.4431723076923078,long_nclose,1.2988550769230771,0.001038244080455485,1.0
1645955700000.0,136927,1645955700000.0,0.0034883076923077016,-8.728800000000001e-05,1251.014701130607,1251.0217977459915,-0.3,1.4548,0.6,1.4431723076923078,long_nclose,0.8659033846153846,0.0006921608385839293,16.0
1645956960000.0,136948,1645956960000.0,0.002325538461538468,-5.8192000000000015e-05,1251.0169684770683,1251.0220995539914,-0.2,1.4548,0.4,1.4431723076923078,long_nclose,0.5772689230769231,0.00046143972273986363,21.0
1645957680000.0,136960,1645957680000.0,0.001162769230769234,-2.9096000000000007e-05,1251.0181021502992,1251.0279504579914,-0.1,1.4548,0.3,1.4431723076923078,long_nclose,0.4329516923076923,0.00034607947843721677,12.0
1645957680000.0,136960,1645957680000.0,0.002462769230769224,-2.9356e-05,1251.02053556353,1251.0271011019915,-0.1,1.4678,0.2,1.4431723076923078,long_nclose,0.28863446153846156,0.00023071920350887314,0.0
1645957740000.0,136961,1645957740000.0,0.007525538461538428,-5.9232e-05,1251.0280018699916,1251.0280018699916,-0.2,1.4808,0.0,1.4431723076923078,long_nclose,0.0,0.0,1.0
1645989420000.0,137489,1645989420000.0,0.0,-0.010020852000000002,1251.0179810179916,1251.0145210179917,34.6,1.4481,34.6,1.4481,long_ientry_normal,50.104260000000004,0.04005079124380661,528.0
1645991280000.0,137520,1645991280000.0,0.0,-0.010017390000000001,1251.0079636279916,1249.4474536279915,35.5,1.4109,70.1,1.42926119828816,long_rentry,100.19121000000001,0.0800883870550592,31.0
1645996680000.0,137610,1645996680000.0,0.0,-0.01005368,1250.9979099479915,1247.0822999479915,36.4,1.381,106.5,1.4127662910798122,long_rentry,150.45961,0.12027167176182985,90.0
1646011380000.0,137855,1646011380000.0,0.4023466666666634,-0.01011111,1251.3901455046582,1252.1877388379914,-35.5,1.4241,71.0,1.4127662910798122,long_nclose,100.30640666666667,0.08015598255028235,245.0
1646011500000.0,137857,1646011500000.0,0.26747553051642975,-0.006721751999999999,1251.6508992831746,1252.1359770859915,-23.6,1.4241,47.4,1.4127662910798122,long_nclose,66.96512219718309,0.053501437370064034,2.0
1646011680000.0,137860,1646011680000.0,0.17907260093896568,-0.004500156,1251.8254717281136,1252.3068569299915,-15.8,1.4241,31.6,1.4127662910798122,long_nclose,44.643414798122066,0.035662650909709444,3.0
1646011860000.0,137863,1646011860000.0,0.381312600938968,-0.004540604000000001,1252.2022437250525,1252.5851363259915,-15.8,1.4369,15.8,1.4127662910798122,long_nclose,22.321707399061033,0.017825960231997662,3.0
1646013060000.0,137883,1646013060000.0,0.190656300469484,-0.0022703020000000005,1252.3906297235221,1252.5662760239916,-7.9,1.4369,7.9,1.4127662910798122,long_nclose,11.160853699530517,0.00891163941556668,20.0
1646013120000.0,137884,1646013120000.0,0.0941214647887326,-0.001120782,1252.4836304063108,1252.5805652419915,-3.9,1.4369,4.0,1.4127662910798122,long_nclose,5.651065164319249,0.004511887442781204,1.0
1646013960000.0,137898,1646013960000.0,0.014733821596244012,-0.000370266,1252.4979939619072,1252.5337249759918,-1.3,1.4241,2.7,1.4127662910798122,long_nclose,3.8144689859154934,0.0030454890980300482,14.0
1646015400000.0,137922,1646015400000.0,0.010200338028168932,-0.000256338,1252.5079379619353,1252.5263586379917,-0.9,1.4241,1.8,1.4127662910798122,long_nclose,2.542979323943662,0.0020303099460443857,24.0
1646016060000.0,137933,1646016060000.0,0.006800225352112621,-0.000170892,1252.5145672952876,1252.5328477459918,-0.6,1.4241,1.2,1.4127662910798122,long_nclose,1.6953195492957747,0.0013535327999870624,11.0
1646017200000.0,137952,1646017200000.0,0.0045334835680750805,-0.00011392800000000001,1252.5189868508558,1252.5295738179918,-0.4,1.4241,0.8,1.4127662910798122,long_nclose,1.1302130328638498,0.0009023520160005609,19.0
1646021400000.0,138022,1646021400000.0,0.0022667417840375403,-5.6964000000000006e-05,1252.52119662864,1252.5285368539921,-0.2,1.4241,0.6,1.4127662910798122,long_nclose,0.8476597746478873,0.000676762818010185,70.0
1646028960000.0,138148,1646028960000.0,0.0022667417840375403,-5.6964000000000006e-05,1252.523406406424,1252.527099889992,-0.2,1.4241,0.4,1.4127662910798122,long_nclose,0.5651065164319249,0.00045117441601610816,126.0
1646034060000.0,138233,1646034060000.0,0.0011333708920187701,-2.8482000000000003e-05,1252.524511295316,1252.528181407992,-0.1,1.4241,0.3,1.4127662910798122,long_nclose,0.42382988732394367,0.00033838051351636544,85.0
1646035020000.0,138249,1646035020000.0,0.0011333708920187701,-2.8482000000000003e-05,1252.5256161842078,1252.528062925992,-0.1,1.4241,0.2,1.4127662910798122,long_nclose,0.28255325821596244,0.00022558681001411758,16.0
1646035320000.0,138254,1646035320000.0,0.0011333708920187701,-2.8482000000000003e-05,1252.5267210730997,1252.5284444439917,-0.1,1.4241,0.1,1.4127662910798122,long_nclose,0.14127662910798122,0.00011279330550883797,5.0
1646035620000.0,138259,1646035620000.0,0.002413370892018785,-2.8738000000000005e-05,1252.5291057059917,1252.5291057059917,-0.1,1.4369,0.0,1.4127662910798122,long_nclose,0.0,0.0,5.0
1646056200000.0,138602,1646056200000.0,0.0,-0.010012196000000003,1252.5190935099918,1252.3417135099917,36.2,1.3829,36.2,1.3829,long_ientry_normal,50.06098000000001,0.03996823701881608,343.0
1646057160000.0,138618,1646057160000.0,0.13319999999999865,-0.0033456,1252.6489479099916,1252.9417679099915,-12.0,1.394,24.2,1.3829,long_nclose,33.46618,0.02671632787129814,16.0
1646057640000.0,138626,1646057640000.0,0.0887999999999991,-0.0022304,1252.7355175099917,1252.9639375099916,-8.0,1.394,16.2,1.3829,long_nclose,22.40298,0.017883248049460142,8.0
1646057760000.0,138628,1646057760000.0,0.19116000000000052,-0.00227853,1252.9243989799918,1253.1601089799917,-8.1,1.4065,8.1,1.3829,long_nclose,11.20149,0.008940276052664594,2.0
1646058120000.0,138634,1646058120000.0,0.09440000000000026,-0.0011252,1253.0176737799918,1253.1164837799918,-4.0,1.4065,4.1,1.3829,long_nclose,5.66989,0.004524988049765956,6.0
1646058480000.0,138640,1646058480000.0,0.14760000000000012,-0.001163498,1253.1641102819917,1253.1641102819917,-4.1,1.4189,0.0,1.3829,long_nclose,0.0,0.0,6.0
1646227440000.0,141456,1646227440000.0,0.0,-0.010021302,1253.1540889799917,1253.1307789799916,33.3,1.5047,33.3,1.5047,long_ientry_normal,50.10650999999999,0.03998431672579413,2816.0
1646232180000.0,141535,1646232180000.0,0.13430999999999998,-0.0033672959999999997,1253.2850316839915,1253.5802916839916,-11.1,1.5168,22.2,1.5047,long_nclose,33.40434,0.02665342612056561,79.0
1646232360000.0,141538,1646232360000.0,0.08954000000000001,-0.002244864,1253.3723268199915,1253.5247668199916,-7.4,1.5168,14.8,1.5047,long_nclose,22.26956,0.017767713171473538,3.0
1646232420000.0,141539,1646232420000.0,0.05929,-0.001486464,1253.4301303559914,1253.5321003559914,-4.9,1.5168,9.9,1.5047,long_nclose,14.89653,0.011884611386969914,1.0
1646232480000.0,141540,1646232480000.0,0.03992999999999999,-0.0010010879999999998,1253.4690592679913,1253.5304392679914,-3.3,1.5168,6.6,1.5047,long_nclose,9.931019999999998,0.007922828191546728,1.0
1646232540000.0,141541,1646232540000.0,0.02662,-0.000667392,1253.4950118759914,1253.5711318759913,-2.2,1.5168,4.4,1.5047,long_nclose,6.62068,0.005281776103832622,1.0
1646233200000.0,141552,1646233200000.0,0.016939999999999997,-0.0004247039999999999,1253.5115271719915,1253.5604271719915,-1.4,1.5168,3.0,1.5047,long_nclose,4.5141,0.0036011635331221255,11.0
1646233380000.0,141555,1646233380000.0,0.0384000000000001,-0.00045909,1253.5494680819913,1253.5919180819913,-1.5,1.5303,1.5,1.5047,long_nclose,2.25705,0.001800527268743073,3.0
1646233500000.0,141557,1646233500000.0,0.017920000000000047,-0.000214242,1253.5671738399913,1253.5898138399912,-0.7,1.5303,0.8,1.5047,long_nclose,1.20376,0.0009602676466970499,2.0
1646235000000.0,141582,1646235000000.0,0.0024200000000000003,-6.0672000000000005e-05,1253.5695331679913,1253.5733131679913,-0.2,1.5168,0.6,1.5047,long_nclose,0.90282,0.0007201993795417272,25.0
1646238660000.0,141643,1646238660000.0,0.0024200000000000003,-6.0672000000000005e-05,1253.5718924959913,1253.5768124959914,-0.2,1.5168,0.4,1.5047,long_nclose,0.60188,0.00048013201604384624,61.0
1646243400000.0,141722,1646243400000.0,0.0,-0.00990394,1253.5619885559913,1253.5446085559913,33.5,1.4782,33.9,1.4785126843657816,long_ientry_partial,50.121579999999994,0.0399833278749432,79.0
1646258700000.0,141977,1646258700000.0,0.1343266666666668,-0.003368304,1253.692946918658,1253.9073602519913,-11.3,1.4904,22.6,1.4785126843657816,long_nclose,33.414386666666665,0.026652767528758104,255.0
1646279280000.0,142320,1646279280000.0,0.0,-0.0035526000000000004,1253.689394318658,1252.7370076519915,12.4,1.4325,35.0,1.4622110476190477,long_ientry_partial,51.17738666666667,0.040821424268712124,343.0
1646288040000.0,142466,1646288040000.0,0.0,-0.01005697,1253.679337348658,1252.5352006819915,35.3,1.4245,70.3,1.443275059269796,long_rentry,101.46223666666666,0.08093156969567986,146.0
1646290680000.0,142510,1646290680000.0,0.2720236130867744,-0.006808932,1253.9445520297447,1254.5413517499912,-23.4,1.4549,46.9,1.443275059269796,long_nclose,67.68960027975344,0.05398133447781651,44.0
1646292120000.0,142534,1646292120000.0,0.18134907539118297,-0.004539288,1254.121361817136,1254.4883524619913,-15.6,1.4549,31.3,1.443275059269796,long_nclose,45.174509355144615,0.03602084354076374,24.0
1646292300000.0,142537,1646292300000.0,0.12089938359412199,-0.0030261920000000005,1254.23923500873,1254.4842862699913,-10.4,1.4549,20.9,1.443275059269796,long_nclose,30.164448738738734,0.024049996122572883,3.0
1646292900000.0,142547,1646292900000.0,0.08021209103840786,-0.0020077620000000006,1254.3174393377685,1254.4815885079913,-6.9,1.4549,14.0,1.443275059269796,long_nclose,20.205850829777145,0.016109040818602552,10.0
1646293020000.0,142549,1646293020000.0,0.053474727358938566,-0.0013385080000000002,1254.3695755571275,1254.4797899999915,-4.6,1.4549,9.4,1.443275059269796,long_nclose,13.566785557136082,0.010815620708203483,2.0
1646293500000.0,142557,1646293500000.0,0.03603731626363251,-0.0009020380000000002,1254.4047108353911,1254.4659779619915,-3.1,1.4549,6.3,1.443275059269796,long_nclose,9.092632873399715,0.007248564035879879,8.0
1646293740000.0,142561,1646293740000.0,0.02441237553342848,-0.000611058,1254.4285121529247,1254.4819569039914,-2.1,1.4549,4.2,1.443275059269796,long_nclose,6.061755248933143,0.004832284335222578,4.0
1646293860000.0,142563,1646293860000.0,0.01627491702228565,-0.000407372,1254.444379697947,1254.4772095319915,-1.4,1.4549,2.8,1.443275059269796,long_nclose,4.041170165955429,0.0032214821409048745,2.0
1646294520000.0,142574,1646294520000.0,0.010462446657183632,-0.00026188200000000007,1254.4545802626042,1254.4768576499916,-0.9,1.4549,1.9,1.443275059269796,long_nclose,2.7422226126126126,0.0021859879630225934,11.0
1646294940000.0,142581,1646294940000.0,0.006974964438122421,-0.00017458800000000002,1254.4613806390423,1254.4766230619916,-0.6,1.4549,1.3,1.443275059269796,long_nclose,1.8762575770507348,0.001495667866710205,7.0
1646304420000.0,142739,1646304420000.0,0.004649976292081615,-0.000116392,1254.4659142233343,1254.4746666699914,-0.4,1.4549,0.9,1.443275059269796,long_nclose,1.2989475533428165,0.0010354586271457379,158.0
1646305680000.0,142760,1646305680000.0,0.0034874822190612107,-8.729400000000001e-05,1254.4693144115533,1254.4769493759914,-0.3,1.4549,0.6,1.443275059269796,long_nclose,0.8659650355618776,0.0006903038803847384,21.0
1646305860000.0,142763,1646305860000.0,0.0023249881460408075,-5.8196e-05,1254.4715812036993,1254.4766711799914,-0.2,1.4549,0.4,1.443275059269796,long_nclose,0.5773100237079184,0.00046020175535102504,3.0
1646306820000.0,142779,1646306820000.0,0.004924988146040788,-5.8716000000000005e-05,1254.4764474758454,1254.4813924639914,-0.2,1.4679,0.2,1.443275059269796,long_nclose,0.2886550118539592,0.0002300999850852259,16.0
1646309160000.0,142818,1646309160000.0,0.002462494073020394,-2.9358000000000003e-05,1254.4788806119184,1254.4809531059914,-0.1,1.4679,0.1,1.443275059269796,long_nclose,0.1443275059269796,0.00011504976939633972,39.0
1646309520000.0,142824,1646309520000.0,0.002462494073020394,-2.9358000000000003e-05,1254.4813137479914,1254.4813137479914,-0.1,1.4679,0.0,1.443275059269796,long_nclose,0.0,0.0,6.0
1646321940000.0,143031,1646321940000.0,0.0,-0.010031554,1254.4712821939913,1254.4395121939913,35.3,1.4209,35.3,1.4209,long_ientry_normal,50.15777,0.03998319508141886,207.0
1646325720000.0,143094,1646325720000.0,0.1333799999999983,-0.003351582,1254.6013106119913,1255.0756706119912,-11.7,1.4323,23.6,1.4209,long_nclose,33.533240000000006,0.026728204184357642,63.0
1646325720000.0,143094,1646325720000.0,0.28313999999999995,-0.0033815340000000003,1254.8810690779912,1255.1202590779912,-11.7,1.4451,11.9,1.4209,long_nclose,16.908710000000003,0.013474352603329551,0.0
1646326380000.0,143105,1646326380000.0,0.04445999999999943,-0.001117194,1254.9244118839913,1255.0692118839913,-3.9,1.4323,8.0,1.4209,long_nclose,11.3672,0.009058075444507981,11.0
1646326680000.0,143110,1646326680000.0,0.02963999999999962,-0.000744796,1254.9533070879913,1255.0186470879914,-2.6,1.4323,5.4,1.4209,long_nclose,7.672860000000001,0.006114060146033797,5.0
1646326800000.0,143112,1646326800000.0,0.02051999999999974,-0.000515628,1254.9733114599915,1255.0060714599915,-1.8,1.4323,3.6,1.4209,long_nclose,5.11524,0.0040759751249603154,2.0
1646328540000.0,143141,1646328540000.0,0.0,-0.009036792,1254.9642746679915,1254.8235746679916,32.1,1.4076,35.7,1.408941176470588,long_ientry_partial,50.29919999999999,0.040080184763273005,29.0
1646328840000.0,143146,1646328840000.0,0.13517000000000254,-0.003380314,1255.0960643539916,1255.3116643539915,-11.9,1.4203,23.8,1.408941176470588,long_nclose,33.532799999999995,0.026717317464667222,5.0
1646328960000.0,143148,1646328960000.0,0.08973470588235462,-0.002244074,1255.183554985874,1255.3593902799917,-7.9,1.4203,15.9,1.408941176470588,long_nclose,22.40216470588235,0.0178477200540876,2.0
1646329020000.0,143149,1646329020000.0,0.060201764705883475,-0.001505518,1255.24225123258,1255.3276747619918,-5.3,1.4203,10.6,1.408941176470588,long_nclose,14.93477647058823,0.011897923652524513,1.0
1646330640000.0,143176,1646330640000.0,0.03975588235294192,-0.0009942100000000001,1255.2810129049328,1255.3666305519916,-3.5,1.4203,7.1,1.408941176470588,long_nclose,10.003482352941173,0.007969117870899219,27.0
1646332860000.0,143213,1646332860000.0,0.026125294117647545,-0.0006533379999999999,1255.3064848610506,1255.369167213992,-2.3,1.4203,4.8,1.408941176470588,long_nclose,6.7629176470588215,0.005387463323594163,37.0
1646332980000.0,143215,1646332980000.0,0.018174117647059163,-0.000454496,1255.3242044826977,1255.3627927179919,-1.6,1.4203,3.2,1.408941176470588,long_nclose,4.508611764705882,0.0035915915176381232,2.0
1646333280000.0,143220,1646333280000.0,0.011358823529411977,-0.00028406,1255.3352792462272,1255.3618086579918,-1.0,1.4203,2.2,1.408941176470588,long_nclose,3.0996705882352935,0.002469197384539776,5.0
1646334000000.0,143232,1646334000000.0,0.007951176470588383,-0.00019884199999999996,1255.343031580698,1255.3596198159921,-0.7,1.4203,1.5,1.408941176470588,long_nclose,2.113411764705882,0.001683533274602022,12.0
1646334060000.0,143233,1646334060000.0,0.005679411764705988,-0.00014203,1255.3485689624627,1255.363627785992,-0.5,1.4203,1.0,1.408941176470588,long_nclose,1.408941176470588,0.0011223505656560938,1.0
1646337060000.0,143283,1646337060000.0,0.003407647058823593,-8.5218e-05,1255.3518913915213,1255.361732567992,-0.3,1.4203,0.7,1.408941176470588,long_nclose,0.9862588235294115,0.0007856433166609341,50.0
1646337180000.0,143285,1646337180000.0,0.0022717647058823954,-5.6812e-05,1255.3541063442274,1255.362135755992,-0.2,1.4203,0.5,1.408941176470588,long_nclose,0.704470588235294,0.0005611728074772577,2.0
1646341020000.0,143349,1646341020000.0,0.0011358823529411977,-2.8406e-05,1255.3552138205803,1255.3600373499921,-0.1,1.4203,0.4,1.408941176470588,long_nclose,0.5635764705882352,0.0004489378499277763,64.0
1646341680000.0,143360,1646341680000.0,0.0011358823529411977,-2.8406e-05,1255.3563212969332,1255.360538943992,-0.1,1.4203,0.3,1.408941176470588,long_nclose,0.42268235294117634,0.0003367030904058339,11.0
1646343120000.0,143384,1646343120000.0,0.0011358823529411977,-2.8406e-05,1255.357428773286,1255.3598405379919,-0.1,1.4203,0.2,1.408941176470588,long_nclose,0.2817882352941176,0.0002244685289109065,24.0
1646343420000.0,143389,1646343420000.0,0.0011358823529411977,-2.8406e-05,1255.358536249639,1255.359642131992,-0.1,1.4203,0.1,1.408941176470588,long_nclose,0.1408941176470588,0.00011223416544246989,5.0
1646343540000.0,143391,1646343540000.0,0.0011358823529411977,-2.8406e-05,1255.3596437259919,1255.3596437259919,-0.1,1.4203,0.0,1.408941176470588,long_nclose,0.0,0.0,2.0
1646355120000.0,143584,1646355120000.0,0.0,-0.010030444000000001,1255.3496132819919,1255.066793281992,35.8,1.4009,35.8,1.4009,long_ientry_normal,50.15222,0.03995079894029027,193.0
1646356200000.0,143602,1646356200000.0,0.0,-0.0100464,1255.339566881992,1252.457146881992,36.8,1.365,72.6,1.3827027548209365,long_rentry,100.38421999999998,0.07996578985344496,18.0
1646356200000.0,143602,1646356200000.0,0.0,-0.010073440000000001,1255.3294934419919,1252.7109734419919,37.7,1.336,110.3,1.3667399818676336,long_rentry,150.75141999999997,0.12008912463822878,0.0
1646381400000.0,144022,1646381400000.0,0.4022326654578453,-0.010112318,1255.7216137894497,1256.918351123992,-36.7,1.3777,73.6,1.3667399818676336,long_nclose,100.59206266545782,0.08010697718413594,420.0
1646381640000.0,144026,1646381640000.0,0.2685204442429757,-0.006750730000000001,1255.9833835036927,1256.634450393992,-24.5,1.3777,49.1,1.3667399818676336,long_nclose,67.1069331097008,0.0534297937306298,4.0
1646382000000.0,144032,1646382000000.0,0.1786482955575716,-0.004491302000000001,1256.1575404972505,1256.461269091992,-16.3,1.3777,32.8,1.3667399818676336,long_nclose,44.829071405258375,0.03568745954230611,6.0
1646382060000.0,144033,1646382060000.0,0.11946419764279329,-0.0030033860000000002,1256.2740013088933,1256.498695705992,-10.9,1.3777,21.9,1.3667399818676336,long_nclose,29.931605602901172,0.02382569851140426,1.0
1646388840000.0,144146,1646388840000.0,0.0800081323662744,-0.002011442,1256.3519979992595,1256.5163942639922,-7.3,1.3777,14.6,1.3667399818676336,long_nclose,19.954403735267448,0.01588281291154456,113.0
1646389080000.0,144150,1646389080000.0,0.052608087035358506,-0.0013225919999999998,1256.403283494295,1256.5136316719922,-4.8,1.3777,9.8,1.3667399818676336,long_nclose,13.39405182230281,0.010660631023703966,4.0
1646389260000.0,144153,1646389260000.0,0.03507205802357234,-0.000881728,1256.4374738243187,1256.5315899439922,-3.2,1.3777,6.6,1.3667399818676336,long_nclose,9.020483880326381,0.007179413276229351,3.0
1646389740000.0,144161,1646389740000.0,0.024112039891205986,-0.000606188,1256.46097967621,1256.5149237559924,-2.2,1.3777,4.4,1.3667399818676336,long_nclose,6.013655920217588,0.004786185975920484,8.0
1646389980000.0,144165,1646389980000.0,0.015344025385312897,-0.00038575599999999996,1256.4759379455952,1256.5127179999922,-1.4,1.3777,3.0,1.3667399818676336,long_nclose,4.100219945602901,0.0032632697704557544,4.0
1646391840000.0,144196,1646391840000.0,0.010960018132366356,-0.00027554,1256.4866224237276,1256.5151424599924,-1.0,1.3777,2.0,1.3667399818676336,long_nclose,2.733479963735267,0.002175494680924227,31.0
1646392800000.0,144212,1646392800000.0,0.006576010879419813,-0.00016532399999999998,1256.493033110607,1256.5087971359924,-0.6,1.3777,1.4,1.3667399818676336,long_nclose,1.913435974614687,0.001522838507013234,16.0
1646392980000.0,144215,1646392980000.0,0.004384007252946543,-0.000110216,1256.49730690186,1256.5095669199923,-0.4,1.3777,1.0,1.3667399818676336,long_nclose,1.3667399818676336,0.0010877380909296165,3.0
1646396940000.0,144281,1646396940000.0,0.0032880054397099066,-8.266199999999999e-05,1256.5005122452997,1256.5083942579922,-0.3,1.3777,0.7,1.3667399818676336,long_nclose,0.9567179873073435,0.0007614147212703791,66.0
1646397240000.0,144286,1646397240000.0,0.0021920036264732714,-5.5108e-05,1256.5026491409262,1256.5082791499924,-0.2,1.3777,0.5,1.3667399818676336,long_nclose,0.6833699909338168,0.0005438667331111784,5.0
1646398740000.0,144311,1646398740000.0,0.0010960018132366357,-2.7554e-05,1256.5037175887394,1256.5086215959923,-0.1,1.3777,0.4,1.3667399818676336,long_nclose,0.5466959927470535,0.00043509301651424966,25.0
1646398980000.0,144315,1646398980000.0,0.0010960018132366357,-2.7554e-05,1256.5047860365526,1256.5078640419922,-0.1,1.3777,0.3,1.3667399818676336,long_nclose,0.41002199456029004,0.00032631948490513925,4.0
1646399460000.0,144323,1646399460000.0,0.0010960018132366357,-2.7554e-05,1256.5058544843657,1256.508106487992,-0.1,1.3777,0.2,1.3667399818676336,long_nclose,0.27334799637352675,0.00021754613828337552,8.0
1646400600000.0,144342,1646400600000.0,0.0010960018132366357,-2.7554e-05,1256.506922932179,1256.5084489339922,-0.1,1.3777,0.1,1.3667399818676336,long_nclose,0.13667399818676337,0.00010877297664848638,19.0
1646400720000.0,144344,1646400720000.0,0.0023260018132366333,-2.7799999999999998e-05,1256.5092211339922,1256.5092211339922,-0.1,1.39,0.0,1.3667399818676336,long_nclose,0.0,0.0,2.0
1646411460000.0,144523,1646411460000.0,0.0,-0.010054112,1256.4991670219922,1256.4461070219922,37.9,1.3264,37.9,1.3264,long_ientry_normal,50.270559999999996,0.040008430820647034,179.0
1646416920000.0,144614,1646416920000.0,0.13481999999999913,-0.003369492,1256.6306175299922,1256.9240975299922,-12.6,1.3371,25.3,1.3264,long_nclose,33.55792,0.026704681178277172,91.0
1646417160000.0,144618,1646417160000.0,0.08987999999999943,-0.002246328,1256.7182512019922,1256.8804912019923,-8.4,1.3371,16.9,1.3264,long_nclose,22.416159999999998,0.017837060915252875,4.0
1646417220000.0,144619,1646417220000.0,0.05991999999999961,-0.0014975519999999999,1256.776673649992,1256.8851536499922,-5.6,1.3371,11.3,1.3264,long_nclose,14.988320000000002,0.011926001106043919,1.0
1646418120000.0,144634,1646418120000.0,0.03958999999999975,-0.000989454,1256.815274195992,1256.949034195992,-3.7,1.3371,7.6,1.3264,long_nclose,10.080639999999999,0.008020780942886592,15.0
1646418120000.0,144634,1646418120000.0,0.08361999999999983,-0.00099826,1256.8978959359922,1256.9665359359922,-3.7,1.349,3.9,1.3264,long_nclose,5.17296,0.004115656503782893,0.0
1646418600000.0,144642,1646418600000.0,0.013909999999999912,-0.000347646,1256.9114582899922,1256.9494182899923,-1.3,1.3371,2.6,1.3264,long_nclose,3.44864,0.0027437413966229724,8.0
1646418720000.0,144644,1646418720000.0,0.008559999999999946,-0.000213936,1256.9198043539923,1256.9388843539923,-0.8,1.3371,1.8,1.3264,long_nclose,2.3875200000000003,0.001899500661640933,2.0
1646418780000.0,144645,1646418780000.0,0.006419999999999959,-0.000160452,1256.9260639019922,1256.9399839019923,-0.6,1.3371,1.2,1.3264,long_nclose,1.59168,0.0012663274680284695,1.0
1646418960000.0,144648,1646418960000.0,0.004279999999999973,-0.000106968,1256.9302369339923,1256.9395169339923,-0.4,1.3371,0.8,1.3264,long_nclose,1.06112,0.0008442155091983237,3.0
1646420580000.0,144675,1646420580000.0,0.0,-0.00984225,1256.9203946839923,1256.5912246839923,37.5,1.3123,38.3,1.3125945169712796,long_ientry_partial,50.27237,0.03999646295232499,27.0
1646420940000.0,144681,1646420940000.0,0.0,-0.010052153999999999,1256.9103425299922,1256.2484025299923,39.3,1.2789,77.6,1.2955301546391753,long_rentry,100.53314,0.07998433666926492,6.0
1646423340000.0,144721,1646423340000.0,0.27012201030927824,-0.0067389600000000004,1257.1737255803016,1257.5606635699924,-25.8,1.306,51.8,1.2955301546391753,long_nclose,67.10846201030928,0.05338042041829385,40.0
1646423400000.0,144722,1646423400000.0,0.18008134020618546,-0.00449264,1257.3493142805078,1257.8153709299922,-17.2,1.306,34.6,1.2955301546391753,long_nclose,44.82534335051547,0.03565066830784876,1.0
1646423580000.0,144725,1646423580000.0,0.3818083247422689,-0.004558896000000001,1257.72656370925,1258.1498920339923,-17.3,1.3176,17.3,1.2955301546391753,long_nclose,22.412671675257734,0.017819987525077744,3.0
1646423640000.0,144726,1646423640000.0,0.5842183247422659,-0.004599378,1258.3061826559924,1258.3061826559924,-17.3,1.3293,0.0,1.2955301546391753,long_nclose,0.0,0.0,1.0
1646424960000.0,144748,1646424960000.0,0.0,-0.010071288000000001,1258.2961113679924,1258.2496713679923,38.7,1.3012,38.7,1.3012,long_ientry_normal,50.35644,0.0400195467068984,22.0
1646426460000.0,144773,1646426460000.0,0.13545000000000226,-0.0033841860000000004,1258.4281771819924,1258.8100171819924,-12.9,1.3117,25.8,1.3012,long_nclose,33.57096,0.026676897902251126,25.0
1646426940000.0,144781,1646426940000.0,0.0903000000000015,-0.0022561240000000004,1258.5162210579924,1258.7191810579925,-8.6,1.3117,17.2,1.3012,long_nclose,22.380639999999996,0.017783354418098276,8.0
1646427360000.0,144788,1646427360000.0,0.19091999999999998,-0.002276248,1258.7048648099924,1258.9009448099923,-8.6,1.3234,8.6,1.3012,long_nclose,11.190319999999998,0.008890344601702347,7.0
1646427480000.0,144790,1646427480000.0,0.09545999999999999,-0.001138124,1258.7991866859925,1258.8800266859926,-4.3,1.3234,4.3,1.3012,long_nclose,5.595159999999999,0.004444839223903718,2.0
1646427780000.0,144795,1646427780000.0,0.014700000000000246,-0.000367276,1258.8135194099925,1258.8332394099925,-1.4,1.3117,2.9,1.3012,long_nclose,3.7734799999999997,0.0029976481359754023,5.0
1646427900000.0,144797,1646427900000.0,0.009450000000000158,-0.00023610600000000003,1258.8227333039924,1258.8483333039924,-0.9,1.3117,2.0,1.3012,long_nclose,2.6024,0.0020673284102278346,2.0
1646428800000.0,144812,1646428800000.0,0.006300000000000105,-0.000157404,1258.8288758999925,1258.8453958999924,-0.6,1.3117,1.4,1.3012,long_nclose,1.8216799999999997,0.001447122825727683,15.0
1646429640000.0,144826,1646429640000.0,0.004200000000000071,-0.00010493600000000001,1258.8329709639925,1258.8437709639925,-0.4,1.3117,1.0,1.3012,long_nclose,1.3012,0.001033655798674834,14.0
1646430060000.0,144833,1646430060000.0,0.011099999999999999,-0.00013234,1258.8439386239925,1258.8573386239925,-0.5,1.3234,0.5,1.3012,long_nclose,0.6506,0.0005168233964816583,7.0
1646431860000.0,144863,1646431860000.0,0.0044399999999999995,-5.2935999999999996e-05,1258.8483256879924,1258.8551656879924,-0.2,1.3234,0.3,1.3012,long_nclose,0.39036,0.0003100929572167945,30.0
1646432220000.0,144869,1646432220000.0,0.0010500000000000177,-2.6234000000000003e-05,1258.8493494539925,1258.8513094539926,-0.1,1.3117,0.2,1.3012,long_nclose,0.26023999999999997,0.00020672847002135343,6.0
1646434440000.0,144906,1646434440000.0,0.0010500000000000177,-2.6234000000000003e-05,1258.8503732199927,1258.8518532199926,-0.1,1.3117,0.1,1.3012,long_nclose,0.13011999999999999,0.00010336415094922535,37.0
1646436360000.0,144938,1646436360000.0,0.0010500000000000177,-2.6234000000000003e-05,1258.8513969859928,1258.8513969859928,-0.1,1.3117,0.0,1.3012,long_nclose,0.0,0.0,32.0
1646441880000.0,145030,1646441880000.0,0.0,-0.010082807999999999,1258.8413141779927,1258.7312741779926,39.3,1.2828,39.3,1.2828,long_ientry_normal,50.41403999999999,0.04004797064745187,92.0
1646442300000.0,145037,1646442300000.0,0.1349299999999997,-0.003387922,1258.9728562559926,1259.2924962559925,-13.1,1.2931,26.2,1.2828,long_nclose,33.609359999999995,0.026695857526229345,7.0
1646442420000.0,145039,1646442420000.0,0.08960999999999979,-0.0022499939999999995,1259.0602162619925,1259.1862162619925,-8.7,1.2931,17.5,1.2828,long_nclose,22.448999999999998,0.017829965326558044,2.0
1646443140000.0,145051,1646443140000.0,0.0,-0.00558298,1259.0546332819924,1258.9947332819925,21.8,1.2805,39.3,1.2815241730279898,long_ientry_partial,50.363899999999994,0.04000136186998957,12.0
1646469300000.0,145487,1646469300000.0,0.1346133333333341,-0.003384516,1259.1858620993257,1259.4603287659925,-13.1,1.2918,26.2,1.2815241730279898,long_nclose,33.57593333333333,0.026664795360198248,436.0
1646469480000.0,145490,1646469480000.0,0.08939969465648906,-0.002247732,1259.2730140619824,1259.4563410339927,-8.7,1.2918,17.5,1.2815241730279898,long_nclose,22.42667302798982,0.01780922228742842,3.0
1646469600000.0,145492,1646469600000.0,0.05959979643765938,-0.001498488,1259.33111537042,1259.4419825459927,-5.8,1.2918,11.7,1.2815241730279898,long_nclose,14.99383282442748,0.011906187849584887,2.0
1646469720000.0,145494,1646469720000.0,0.04007572519083993,-0.001007604,1259.370183491611,1259.4674949419928,-3.9,1.2918,7.8,1.2815241730279898,long_nclose,9.99588854961832,0.007937212330932484,2.0
1646471280000.0,145520,1646471280000.0,0.02671715012722662,-0.000671736,1259.3962289057383,1259.4507032059928,-2.6,1.2918,5.2,1.2815241730279898,long_nclose,6.663925699745548,0.005291365454965421,26.0
1646473800000.0,145562,1646473800000.0,0.017468905852417404,-0.000439212,1259.4132585995908,1259.4499239939928,-1.7,1.2918,3.5,1.2815241730279898,long_nclose,4.485334605597965,0.003561447821015835,42.0
1646482680000.0,145710,1646482680000.0,0.011303409669211263,-0.000284196,1259.42427781326,1259.454219797993,-1.1,1.2918,2.4,1.2815241730279898,long_nclose,3.0756580152671753,0.0024421142814615615,148.0
1646484120000.0,145734,1646484120000.0,0.008220661577608191,-0.00020668800000000004,1259.4322917868376,1259.447453109993,-0.8,1.2918,1.6,1.2815241730279898,long_nclose,2.050438676844784,0.0016280658279260846,24.0
1646484240000.0,145736,1646484240000.0,0.005137913486005119,-0.00012918,1259.4373005203236,1259.4488239299928,-0.5,1.2918,1.1,1.2815241730279898,long_nclose,1.4096765903307888,0.001119290805305191,2.0
1646484600000.0,145742,1646484600000.0,0.0030827480916030712,-7.7508e-05,1259.4403057604152,1259.4486864219928,-0.3,1.2918,0.8,1.2815241730279898,long_nclose,1.025219338422392,0.0008140277341714842,6.0
1646497740000.0,145961,1646497740000.0,0.0020551653944020478,-5.167200000000001e-05,1259.4423092538098,1259.449194749993,-0.2,1.2918,0.6,1.2815241730279898,long_nclose,0.7689145038167938,0.0006105198294254206,219.0
1646497860000.0,145963,1646497860000.0,0.0020551653944020478,-5.167200000000001e-05,1259.4443127472043,1259.4489030779932,-0.2,1.2918,0.4,1.2815241730279898,long_nclose,0.512609669211196,0.00040701257215021224,2.0
1646497920000.0,145964,1646497920000.0,0.004375165394402014,-5.2136e-05,1259.4486357765986,1259.453330941993,-0.2,1.3034,0.2,1.2815241730279898,long_nclose,0.256304834605598,0.00020350558754431128,1.0
1646498040000.0,145966,1646498040000.0,0.006675165394402028,-5.2596e-05,1259.4552583459931,1259.4552583459931,-0.2,1.3149,0.0,1.2815241730279898,long_nclose,0.0,0.0,2.0
1646537760000.0,146628,1646537760000.0,0.0,-0.010074484,1259.4451838619932,1259.5791638619933,40.6,1.2407,40.6,1.2407,long_ientry_normal,50.37242,0.039995722438301594,662.0
1646539380000.0,146655,1646539380000.0,0.0,-0.010082226000000001,1259.4351016359933,1257.9876516359934,41.7,1.2089,82.3,1.2245874848116647,long_rentry,100.78355,0.08002282123873092,27.0
1646561880000.0,147030,1646561880000.0,0.0,-0.010104528000000002,1259.4249971079932,1256.1188071079932,42.7,1.1832,125.0,1.21044952,long_rentry,151.30619000000002,0.12013910343803173,375.0
1646608920000.0,147814,1646608920000.0,0.0,-0.015029711999999999,1259.4099673959934,1251.7946173959933,64.8,1.1597,189.8,1.1931230242360378,long_rentry,226.45475,0.17981019355295952,784.0
1646612580000.0,147875,1646612580000.0,0.0,-0.022212816000000003,1259.3877545799933,1248.9759245799933,98.4,1.1287,288.2,1.1711270992366412,long_rentry,337.51883,0.2680023120540526,61.0
1646658060000.0,148633,1646658060000.0,0.909398473282458,-0.022667520000000003,1260.2744855332758,1265.8238570599933,-96.0,1.1806,192.2,1.1711270992366412,long_nclose,225.0906284732824,0.17860444772714493,758.0
1646658060000.0,148633,1646658060000.0,1.9173984732824536,-0.022869120000000003,1262.1690148865582,1264.9465879399934,-96.0,1.1911,96.2,1.1711270992366412,long_nclose,112.66242694656488,0.08926096712704581,0.0
1646658060000.0,148633,1646658060000.0,2.94111305343512,-0.023120708000000004,1265.0870072319933,1265.0870072319933,-96.2,1.2017,0.0,1.1711270992366412,long_nclose,0.0,0.0,0.0
1646744820000.0,150079,1646744820000.0,0.0,-0.010118538,1265.0768886939934,1264.5673986939935,33.3,1.5193,33.3,1.5193,long_ientry_normal,50.59269,0.03999179057980384,1446.0
1646751960000.0,150198,1646751960000.0,0.0,-0.010125252000000001,1265.0667634419933,1263.3428134419933,34.2,1.4803,67.5,1.49954,long_rentry,101.21895,0.08001075747544226,119.0
1646761260000.0,150353,1646761260000.0,0.2713499999999991,-0.006802200000000001,1265.3313112419933,1265.9820112419932,-22.5,1.5116,45.0,1.49954,long_nclose,67.47930000000001,0.053329352874201236,155.0
1646761380000.0,150355,1646761380000.0,0.1808999999999994,-0.0045348,1265.5076764419932,1265.8514764419933,-15.0,1.5116,30.0,1.49954,long_nclose,44.986200000000004,0.03554794714993736,2.0
1646761440000.0,150356,1646761440000.0,0.1205999999999996,-0.0030232,1265.6252532419933,1265.8944532419932,-10.0,1.5116,20.0,1.49954,long_nclose,29.9908,0.02369642982642479,1.0
1646761560000.0,150358,1646761560000.0,0.07959599999999972,-0.001995312,1265.7028539299934,1265.8564179299933,-6.6,1.5116,13.4,1.49954,long_nclose,20.093836000000003,0.015875634583274317,2.0
1646761620000.0,150359,1646761620000.0,0.05306399999999983,-0.0013302080000000003,1265.7545877219934,1265.8757277219934,-4.4,1.5116,9.0,1.49954,long_nclose,13.49586,0.010662303839078947,1.0
1646761740000.0,150361,1646761740000.0,0.03617999999999988,-0.0009069600000000002,1265.7898607619934,1265.8526207619934,-3.0,1.5116,6.0,1.49954,long_nclose,8.997240000000001,0.007108004479182468,2.0
1646762100000.0,150367,1646762100000.0,0.02411999999999992,-0.00060464,1265.8133761219935,1265.8432161219935,-2.0,1.5116,4.0,1.49954,long_nclose,5.99816,0.004738581621230967,6.0
1646762340000.0,150371,1646762340000.0,0.01567799999999995,-0.00039301600000000005,1265.8286611059934,1265.8731031059933,-1.3,1.5116,2.7,1.49954,long_nclose,4.048758,0.003198503971669022,4.0
1646762460000.0,150373,1646762460000.0,0.03322799999999975,-0.000396526,1265.8614925799934,1265.8957365799934,-1.3,1.5251,1.4,1.49954,long_nclose,2.099356,0.0016584405263179581,2.0
1646763540000.0,150391,1646763540000.0,0.0048239999999999846,-0.00012092800000000002,1265.8661956519936,1265.8766556519936,-0.4,1.5116,1.0,1.49954,long_nclose,1.49954,0.0011845959747962549,18.0
1646763660000.0,150393,1646763660000.0,0.0036179999999999875,-9.0696e-05,1265.8697229559937,1265.8770449559936,-0.3,1.5116,0.7,1.49954,long_nclose,1.049678,0.0008292148717712011,2.0
1646763720000.0,150394,1646763720000.0,0.0024119999999999923,-6.046400000000001e-05,1265.8720744919938,1265.8783044919937,-0.2,1.5116,0.5,1.49954,long_nclose,0.74977,0.000592295236705407,1.0
1646766480000.0,150440,1646766480000.0,0.0012059999999999961,-3.0232000000000005e-05,1265.8732502599937,1265.8770342599937,-0.1,1.5116,0.4,1.49954,long_nclose,0.599816,0.000473835749255943,46.0
1646768580000.0,150475,1646768580000.0,0.0012059999999999961,-3.0232000000000005e-05,1265.8744260279936,1265.8784640279937,-0.1,1.5116,0.3,1.49954,long_nclose,0.44986200000000004,0.0003553764818612836,35.0
1646768700000.0,150477,1646768700000.0,0.0012059999999999961,-3.0232000000000005e-05,1265.8756017959936,1265.8782937959936,-0.1,1.5116,0.2,1.49954,long_nclose,0.299908,0.00023691743452081533,2.0
1646769120000.0,150484,1646769120000.0,0.0012059999999999961,-3.0232000000000005e-05,1265.8767775639935,1265.8780235639936,-0.1,1.5116,0.1,1.49954,long_nclose,0.149954,0.0001184586072339252,7.0
1646771100000.0,150517,1646771100000.0,0.0,-0.010095840000000002,1265.8666817239935,1265.9672277239933,34.2,1.476,34.3,1.4760686297376095,long_ientry_partial,50.62915400000001,0.03999564466855844,33.0
1646772000000.0,150532,1646772000000.0,0.13487762099125114,-0.0033924120000000005,1265.9981669329848,1266.2484953119936,-11.4,1.4879,22.9,1.4760686297376095,long_nclose,33.80197162099125,0.02669985826510328,15.0
1646772420000.0,150539,1646772420000.0,0.08991841399416742,-0.002261608,1266.085823738979,1266.2836737039934,-7.6,1.4879,15.3,1.4760686297376095,long_nclose,22.583850034985428,0.017837534874445764,7.0
1646773320000.0,150554,1646773320000.0,0.1909984139941681,-0.002281824,1266.274540328973,1266.4896118799934,-7.6,1.5012,7.7,1.4760686297376095,long_nclose,11.365728448979594,0.008975722157397892,15.0
1646773980000.0,150565,1646773980000.0,0.029578425655976126,-0.0007439500000000001,1266.303374804629,1266.3758179299934,-2.5,1.4879,5.2,1.4760686297376095,long_nclose,7.67555687463557,0.006061388627207749,11.0
1646774940000.0,150581,1646774940000.0,0.020113329446063765,-0.000505886,1266.322982248075,1266.3927420439934,-1.7,1.4879,3.5,1.4760686297376095,long_nclose,5.1662402040816335,0.004079717636420151,16.0
1646775480000.0,150590,1646775480000.0,0.013014507288629497,-0.00032733800000000004,1266.3356694173635,1266.3667047059932,-1.1,1.4879,2.4,1.4760686297376095,long_nclose,3.5425647113702627,0.002797492637161665,9.0
1646775960000.0,150598,1646775960000.0,0.009465096209912361,-0.00023806400000000002,1266.3448964495733,1266.363986641993,-0.8,1.4879,1.6,1.4760686297376095,long_nclose,2.3617098075801755,0.0018649815024340175,8.0
1646776860000.0,150613,1646776860000.0,0.005915685131195225,-0.00014879000000000002,1266.3506633447046,1266.3582878519933,-0.5,1.4879,1.1,1.4760686297376095,long_nclose,1.6236754927113706,0.0012821689439660373,15.0
1646776920000.0,150614,1646776920000.0,0.003549411078717135,-8.9274e-05,1266.3541234817833,1266.368468577993,-0.3,1.4879,0.8,1.4760686297376095,long_nclose,1.1808549037900877,0.0009324839568124757,1.0
1646777040000.0,150616,1646777040000.0,0.010052548104956217,-0.00012009600000000004,1266.3640559338883,1266.3736284819931,-0.4,1.5012,0.4,1.4760686297376095,long_nclose,0.5904274518950439,0.00046623832153829523,2.0
1646777100000.0,150617,1646777100000.0,0.0050262740524781085,-6.004800000000002e-05,1266.3690221599406,1266.374208433993,-0.2,1.5012,0.2,1.4760686297376095,long_nclose,0.29521372594752193,0.0002331182465629176,1.0
1646777280000.0,150620,1646777280000.0,0.0025131370262390543,-3.002400000000001e-05,1266.371505272967,1266.3742984099931,-0.1,1.5012,0.1,1.4760686297376095,long_nclose,0.14760686297376097,0.00011655889473124574,3.0
1646778060000.0,150633,1646778060000.0,0.0025131370262390543,-3.002400000000001e-05,1266.3739883859932,1266.3739883859932,-0.1,1.5012,0.0,1.4760686297376095,long_nclose,0.0,0.0,13.0
1646792940000.0,150881,1646792940000.0,0.0,-0.010143504000000003,1266.3638448819931,1265.6490248819932,34.7,1.4616,34.7,1.4616,long_ientry_normal,50.71752000000001,0.04004972204866299,248.0
1646796300000.0,150937,1646796300000.0,0.13570000000000038,-0.00338882,1266.4961560619931,1266.853436061993,-11.5,1.4734,23.2,1.4616,long_nclose,33.90912,0.02677396203509693,56.0
1646796420000.0,150939,1646796420000.0,0.09086000000000026,-0.0022690360000000003,1266.5847470259932,1266.7924470259932,-7.7,1.4734,15.5,1.4616,long_nclose,22.6548,0.017886525203461234,2.0
1646796660000.0,150943,1646796660000.0,0.1917299999999994,-0.00228921,1266.7741878159932,1266.9957078159932,-7.7,1.4865,7.8,1.4616,long_nclose,11.40048,0.008999615013987,4.0
1646796780000.0,150945,1646796780000.0,0.29718000000000017,-0.002339532,1267.0690282839932,1267.0690282839932,-7.8,1.4997,0.0,1.4616,long_nclose,0.0,0.0,2.0
1646866080000.0,152100,1646866080000.0,0.0,-0.010136280000000001,1267.0588920039932,1266.9004920039931,33.0,1.5358,33.0,1.5358,long_ientry_normal,50.681400000000004,0.03999924574921832,1155.0
1646866740000.0,152111,1646866740000.0,0.13529999999999975,-0.00340582,1267.1907861839932,1267.4811861839933,-11.0,1.5481,22.0,1.5358,long_nclose,33.7876,0.026663388314042014,11.0
1646866860000.0,152113,1646866860000.0,0.08978999999999983,-0.002260226,1267.278315957993,1267.516455957993,-7.3,1.5481,14.7,1.5358,long_nclose,22.57626,0.01781476074806313,2.0
1646867580000.0,152125,1646867580000.0,0.19126,-0.00228052,1267.467295437993,1267.653775437993,-7.3,1.562,7.4,1.5358,long_nclose,11.364920000000001,0.0089666376725505,12.0
1646867640000.0,152126,1646867640000.0,0.09694000000000001,-0.0011558800000000002,1267.563079557993,1267.6600195579929,-3.7,1.562,3.7,1.5358,long_nclose,5.682460000000001,0.0044829800517553016,1.0
1646867700000.0,152127,1646867700000.0,0.04716,-0.00056232,1267.609677237993,1267.6613572379931,-1.8,1.562,1.9,1.5358,long_nclose,2.91802,0.0023019862126314006,1.0
1646868240000.0,152136,1646868240000.0,0.02358,-0.00028116,1267.6329760779931,1267.664176077993,-0.9,1.562,1.0,1.5358,long_nclose,1.5358,0.0012115494224138167,9.0
1646868420000.0,152139,1646868420000.0,0.040000000000000036,-0.00031516000000000004,1267.6726609179932,1267.6726609179932,-1.0,1.5758,0.0,1.5358,long_nclose,0.0,0.0,3.0
1646888940000.0,152481,1646888940000.0,0.0,-0.010141578000000002,1267.6625193399932,1267.2472293399933,32.7,1.5507,32.7,1.5507,long_ientry_normal,50.707890000000006,0.04000109589609149,342.0
1646889180000.0,152485,1646889180000.0,0.1362499999999995,-0.003407776,1267.7953615639933,1268.2597015639933,-10.9,1.5632,21.8,1.5507,long_nclose,33.80526,0.026664602998938833,4.0
1646889360000.0,152488,1646889360000.0,0.2877599999999998,-0.0034380780000000002,1268.0796834859932,1268.3663534859932,-10.9,1.5771,10.9,1.5507,long_nclose,16.90263,0.013329312203420929,3.0
1646889720000.0,152494,1646889720000.0,0.04499999999999984,-0.001125504,1268.1235579819934,1268.1257479819933,-3.6,1.5632,7.3,1.5507,long_nclose,11.32011,0.008926661703228716,6.0
1646889780000.0,152495,1646889780000.0,0.0,-0.007873999999999999,1268.1156839819935,1267.9143739819935,25.4,1.55,32.7,1.5501562691131496,long_ientry_partial,50.69011,0.039972780591143425,1.0
1646889900000.0,152497,1646889900000.0,0.0,-0.010149888000000001,1268.1055340939936,1266.4474840939936,33.6,1.5104,66.3,1.5300082956259429,long_rentry,101.43955000000001,0.07999298739160078,2.0
1646894160000.0,152568,1646894160000.0,0.27164666666666265,-0.006816966000000001,1268.37036379466,1268.9003971279933,-22.1,1.5423,44.2,1.5300082956259429,long_nclose,67.62636666666668,0.053317523490808164,71.0
1646894220000.0,152569,1646894220000.0,0.18068805429863985,-0.004534362,1268.5465174869587,1268.8412727659934,-14.7,1.5423,29.5,1.5300082956259429,long_nclose,45.13524472096532,0.03558028349672193,1.0
1646894340000.0,152571,1646894340000.0,0.12045870286575991,-0.0030229080000000004,1268.6639532818244,1268.8016898579933,-9.8,1.5423,19.7,1.5300082956259429,long_nclose,30.141163423831074,0.02375819329134469,2.0
1646894400000.0,152572,1646894400000.0,0.0,-0.004088420000000001,1268.6598648618244,1268.6986014379934,13.3,1.537,33.0,1.5328261643585175,long_ientry_partial,50.58326342383108,0.03987141457284166,1.0
1646895480000.0,152590,1646895480000.0,0.13501219205630677,-0.0033992199999999997,1268.791477833881,1269.1913022179936,-11.0,1.5451,22.0,1.5328261643585175,long_nclose,33.72217561588739,0.02657818578152724,18.0
1646895660000.0,152593,1646895660000.0,0.0,-0.0033816199999999997,1268.7880962138809,1268.8788205979936,11.0,1.5371,33.0,1.5342507762390116,long_ientry_partial,50.630275615887385,0.03990443775991463,3.0
1646895780000.0,152595,1646895780000.0,0.13584146137087183,-0.00340252,1268.9205351552516,1269.1570180779934,-11.0,1.5466,22.0,1.5342507762390116,long_nclose,33.75351707725826,0.026600181920082597,2.0
1646895840000.0,152596,1646895840000.0,0.09014933345521493,-0.002258036,1269.0084264527068,1269.1958400419933,-7.3,1.5466,14.7,1.5342507762390116,long_nclose,22.553486410713468,0.017772526912022035,1.0
1646895900000.0,152597,1646895900000.0,0.0,-0.0056228580000000005,1269.0028035947068,1268.7920271839935,18.3,1.5363,33.0,1.5353871639610142,long_ientry_partial,50.667776410713465,0.03992723756573804,1.0
1646896560000.0,152608,1646896560000.0,0.1354411964288451,-0.00340494,1269.1348398511357,1269.3463222439934,-11.0,1.5477,22.0,1.5353871639610142,long_nclose,33.77851760714231,0.026615389119019374,11.0
1646896800000.0,152612,1646896800000.0,0.08988370308459721,-0.0022596420000000005,1269.2224639122203,1269.3784726019933,-7.3,1.5477,14.7,1.5353871639610142,long_nclose,22.570191310226907,0.017782691334233953,4.0
1646897040000.0,152616,1646897040000.0,0.060332896591031006,-0.0015167460000000002,1269.2812800628112,1269.3852858559933,-4.9,1.5477,9.8,1.5353871639610142,long_nclose,15.046794206817939,0.011854578211437372,4.0
1646897100000.0,152617,1646897100000.0,0.039401075324754946,-0.000990528,1269.319690610136,1269.4029353279932,-3.2,1.5477,6.6,1.5353871639610142,long_nclose,10.133555282142693,0.007983453937653564,1.0
1646897220000.0,152619,1646897220000.0,0.027088239285769023,-0.0006809880000000001,1269.3460978614216,1269.4059943399932,-2.2,1.5477,4.4,1.5353871639610142,long_nclose,6.755703521428463,0.005322191900861702,2.0
1646897400000.0,152622,1646897400000.0,0.05766823928576908,-0.0006871040000000001,1269.4030789967073,1269.4550272359932,-2.2,1.5616,2.2,1.5353871639610142,long_nclose,3.3778517607142313,0.002660976498799711,3.0
1646897880000.0,152630,1646897880000.0,0.008618985227290142,-0.00021667800000000001,1269.4114813039346,1269.437900557993,-0.7,1.5477,1.5,1.5353871639610142,long_nclose,2.3030807459415215,0.001814290149302735,8.0
1646898180000.0,152635,1646898180000.0,0.00615641801949296,-0.00015477,1269.417482951954,1269.427095787993,-0.5,1.5477,1.0,1.5353871639610142,long_nclose,1.5353871639610142,0.0012095210477096657,5.0
1646898240000.0,152636,1646898240000.0,0.0036938508116957755,-9.2862e-05,1269.4210839407658,1269.427112925993,-0.3,1.5477,0.7,1.5353871639610142,long_nclose,1.0747710147727099,0.0008466623316482281,1.0
1646898480000.0,152640,1646898480000.0,0.002462567207797184,-6.1908e-05,1269.4234845999738,1269.4297910179932,-0.2,1.5477,0.5,1.5353871639610142,long_nclose,0.7676935819805071,0.0006047576646357901,4.0
1646898900000.0,152647,1646898900000.0,0.0,-0.010008162000000003,1269.4134764379737,1269.2681728559933,32.7,1.5303,33.2,1.5303766139150756,long_ientry_partial,50.80850358198052,0.04002518054601977,7.0
1646899140000.0,152651,1646899140000.0,0.1355572469341677,-0.0033939400000000002,1269.545639744908,1269.8036789159933,-11.0,1.5427,22.2,1.5303766139150756,long_nclose,33.974360828914676,0.026761039355577013,4.0
1646899200000.0,152652,1646899200000.0,0.0911930570284401,-0.0022831960000000004,1269.6345496059364,1269.7917757199932,-7.4,1.5427,14.8,1.5303766139150756,long_nclose,22.64957388594312,0.017839443557181863,1.0
1646899260000.0,152653,1646899260000.0,0.060384591816129256,-0.001511846,1269.6934223517524,1269.798593873993,-4.9,1.5427,9.9,1.5303766139150756,long_nclose,15.15072847775925,0.011932587986237463,1.0
1646899320000.0,152654,1646899320000.0,0.0,-0.007125606,1269.6862967457523,1269.670338267993,23.3,1.5291,33.2,1.529480677040941,long_ientry_partial,50.77875847775925,0.03999315311814176,1.0
1646899500000.0,152657,1646899500000.0,0.13551255254964922,-0.0033919600000000003,1269.818417338302,1270.162946307993,-11.0,1.5418,22.2,1.529480677040941,long_nclose,33.95447103030889,0.02673962715195272,3.0
1646899740000.0,152661,1646899740000.0,0.0,-0.0033627000000000006,1269.815054638302,1270.009083607993,11.0,1.5285,33.2,1.5291557539249663,long_ientry_partial,50.767971030308885,0.03998060256481192,4.0
1646901420000.0,152689,1646901420000.0,0.1346867068253721,-0.0033910800000000003,1269.9463502651272,1270.231492527993,-11.0,1.5414,22.2,1.5291557539249663,long_nclose,33.94725773713425,0.02673125343448333,28.0
1646901540000.0,152691,1646901540000.0,0.09060742095525032,-0.0022812720000000004,1270.0346764140825,1270.165571255993,-7.4,1.5414,14.8,1.5291557539249663,long_nclose,22.631505158089503,0.017819596250701678,2.0
1646901960000.0,152698,1646901960000.0,0.05999680576766576,-0.0015105720000000002,1270.0931626478502,1270.190620683993,-4.9,1.5414,9.9,1.5291557539249663,long_nclose,15.138641963857166,0.011919316164411595,7.0
1646902080000.0,152700,1646902080000.0,0.04040601204761163,-0.001017324,1270.132551335898,1270.2305233599932,-3.3,1.5414,6.6,1.5291557539249663,long_nclose,10.092427975904776,0.007945964352531379,2.0
1646902560000.0,152708,1646902560000.0,0.026937341365074422,-0.0006782160000000001,1270.1588104612629,1270.215325143993,-2.2,1.5414,4.4,1.5291557539249663,long_nclose,6.728285317269852,0.005297200052351288,8.0
1646902680000.0,152710,1646902680000.0,0.017141944505047357,-0.00043159200000000006,1270.175520813768,1270.211053551993,-1.4,1.5414,3.0,1.5291557539249663,long_nclose,4.587467261774899,0.0036116797927548076,2.0
1646902740000.0,152711,1646902740000.0,0.012244246075033827,-0.00030828,1270.187456779843,1270.193145271993,-1.0,1.5414,2.0,1.5291557539249663,long_nclose,3.0583115078499326,0.0024077639025056274,1.0
1646903700000.0,152727,1646903700000.0,0.007346547645020296,-0.000184968,1270.194618359488,1270.2084003039931,-0.6,1.5414,1.4,1.5291557539249663,long_nclose,2.1408180554949525,0.001685425228977834,16.0
1646903760000.0,152728,1646903760000.0,0.004897698430013531,-0.00012331200000000001,1270.1993927459182,1270.2122369919932,-0.4,1.5414,1.0,1.5291557539249663,long_nclose,1.5291557539249663,0.0012038706384666395,1.0
1646904480000.0,152740,1646904480000.0,0.003673273822510148,-9.2484e-05,1270.2029735357405,1270.2119645079931,-0.3,1.5414,0.7,1.5291557539249663,long_nclose,1.0704090277474763,0.0008427070712705724,12.0
1646904660000.0,152743,1646904660000.0,0.0024488492150067653,-6.165600000000001e-05,1270.2053607289554,1270.2092828519928,-0.2,1.5414,0.5,1.5291557539249663,long_nclose,0.7645778769624831,0.0006019324910766407,3.0
1646904780000.0,152745,1646904780000.0,0.0012244246075033827,-3.0828000000000004e-05,1270.2065543255628,1270.2132920239928,-0.1,1.5414,0.4,1.5291557539249663,long_nclose,0.6116623015699866,0.00048154554035879525,2.0
1646908800000.0,152812,1646908800000.0,0.0,-0.010040344000000001,1270.196513981563,1270.152731679993,33.2,1.5121,33.6,1.512303044689583,long_ientry_partial,50.813382301569995,0.04000434715592957,67.0
1646911440000.0,152856,1646911440000.0,0.1366058994766689,-0.0034148799999999995,1270.3297050010397,1270.614116799993,-11.2,1.5245,22.4,1.512303044689583,long_nclose,33.87558820104666,0.02666676853078779,44.0
1646911560000.0,152858,1646911560000.0,0.09025746929708484,-0.00225626,1270.4177062103367,1270.578160539993,-7.4,1.5245,15.0,1.512303044689583,long_nclose,22.684545670343745,0.017855974109501255,2.0
1646914020000.0,152899,1646914020000.0,0.0,-0.005671511999999999,1270.4120346983368,1270.186029027993,18.9,1.5004,33.9,1.5056668339334438,long_ientry_partial,51.042105670343744,0.040177599295541815,41.0
1646914800000.0,152912,1646914800000.0,0.13710477655208544,-0.0034302280000000004,1270.545709246889,1270.7566387999932,-11.3,1.5178,22.6,1.5056668339334438,long_nclose,34.02807044689583,0.026782248131053735,13.0
1646914860000.0,152913,1646914860000.0,0.09099874549917175,-0.0022767,1270.634431292388,1270.805562099993,-7.5,1.5178,15.1,1.5056668339334438,long_nclose,22.735569192395,0.017893084456455502,1.0
1646915220000.0,152919,1646915220000.0,0.06066583033278117,-0.0015178000000000001,1270.6935793227206,1270.8282442999928,-5.0,1.5178,10.1,1.5056668339334438,long_nclose,15.207235022727781,0.011967664958874849,6.0
1646915520000.0,152924,1646915520000.0,0.04003944801963557,-0.001001748,1270.7326170227402,1270.8436825519927,-3.3,1.5178,6.8,1.5056668339334438,long_nclose,10.238534470747418,0.008057190264570186,5.0
1646915580000.0,152925,1646915580000.0,0.08715276462629142,-0.0010412840000000002,1270.8187285033666,1270.9082612679929,-3.4,1.5313,3.4,1.5056668339334438,long_nclose,5.119267235373709,0.004028322152131508,1.0
1646916360000.0,152938,1646916360000.0,0.04357638231314571,-0.0005206420000000001,1270.8617842436797,1270.9031506259928,-1.7,1.5313,1.7,1.5056668339334438,long_nclose,2.5596336176868544,0.0020140928379636133,13.0
1646916420000.0,152939,1646916420000.0,0.02050653285324504,-0.00024500800000000006,1270.8820457685329,1270.9057456179928,-0.8,1.5313,0.9,1.5056668339334438,long_nclose,1.3551001505400995,0.001066267443978751,1.0
1646916540000.0,152941,1646916540000.0,0.01025326642662252,-0.00012250400000000003,1270.8921765309594,1270.9063431139928,-0.4,1.5313,0.5,1.5056668339334438,long_nclose,0.7528334169667219,0.000592366080198608,2.0
1646916660000.0,152943,1646916660000.0,0.00512663321331126,-6.125200000000002e-05,1270.8972419121728,1270.905141861993,-0.2,1.5313,0.3,1.5056668339334438,long_nclose,0.4517000501800331,0.00035541823153256046,2.0
1646916960000.0,152948,1646916960000.0,0.0012133166066556234,-3.0356000000000005e-05,1270.8984248727795,1270.9008915059928,-0.1,1.5178,0.2,1.5056668339334438,long_nclose,0.3011333667866888,0.0002369452671379564,5.0
1646917620000.0,152959,1646917620000.0,0.0,-0.010107552,1270.8883173207796,1271.049423953993,33.8,1.4952,34.0,1.4952615696113731,long_ientry_partial,50.838893366786685,0.04000264435034118,11.0
1646917680000.0,152960,1646917680000.0,0.13603426339148458,-0.003406498000000001,1271.0209450861712,1271.219307455993,-11.3,1.5073,22.7,1.4952615696113731,long_nclose,33.94243763017817,0.026704860971332758,1.0
1646917800000.0,152962,1646917800000.0,0.09028822791470215,-0.0022609500000000003,1271.108972364086,1271.302596505993,-7.5,1.5073,15.2,1.4952615696113731,long_nclose,22.727975858092872,0.017880430672928063,2.0
1646918220000.0,152969,1646918220000.0,0.060192151943134764,-0.0015073,1271.167657216029,1271.2873892059931,-5.0,1.5073,10.2,1.4952615696113731,long_nclose,15.251668010036004,0.011998156123196622,7.0
1646918280000.0,152970,1646918280000.0,0.04093066332133164,-0.001024964,1271.2075629153505,1271.314584241993,-3.4,1.5073,6.8,1.4952615696113731,long_nclose,10.167778673357336,0.007998519651691537,1.0
1646918580000.0,152975,1646918580000.0,0.026484546854979297,-0.0006632120000000002,1271.2333842502055,1271.3011810299931,-2.2,1.5073,4.6,1.4952615696113731,long_nclose,6.878203220212316,0.005410653390187038,5.0
1646918820000.0,152979,1646918820000.0,0.01805764558294043,-0.00045219000000000005,1271.2509897057885,1271.3059788399933,-1.5,1.5073,3.1,1.4952615696113731,long_nclose,4.635310865795256,0.0036462593959262347,4.0
1646919000000.0,152982,1646919000000.0,0.0383076455829402,-0.00045624000000000006,1271.2888411113715,1271.3348225999932,-1.5,1.5208,1.6,1.4952615696113731,long_nclose,2.3924185113781973,0.0018818843004133699,3.0
1646919180000.0,152985,1646919180000.0,0.06230148862180301,-0.000490944,1271.3506516559935,1271.3506516559935,-1.6,1.5342,0.0,1.4952615696113731,long_nclose,0.0,0.0,3.0
1646919840000.0,152996,1646919840000.0,0.0,-0.010172712000000002,1271.3404789439935,1269.9901189439936,34.1,1.4916,34.1,1.4916,long_ientry_normal,50.86356000000001,0.04000781918172583,11.0
1646919840000.0,152996,1646919840000.0,0.0,-0.010173100000000001,1271.3303058439935,1269.9344458439934,35.0,1.4533,69.1,1.4722005788712016,long_rentry,101.72906000000002,0.08001780460386769,0.0
1646920320000.0,153004,1646920320000.0,0.27138668596236304,-0.0068264,1271.594866129956,1272.5998194439935,-23.0,1.484,46.1,1.4722005788712016,long_nclose,67.8684466859624,0.05337269636241697,8.0
1646920380000.0,153005,1646920380000.0,0.5772866859623651,-0.00688758,1272.1652652359185,1272.9460318639938,-23.0,1.4973,23.1,1.4722005788712016,long_nclose,34.00783337192476,0.02673224485941151,1.0
1646920500000.0,153007,1646920500000.0,0.0,-0.003306912,1272.1619583239185,1272.5433649519937,11.1,1.4896,34.2,1.4778477594130046,long_ientry_partial,50.54239337192476,0.03972952739328465,2.0
1646920560000.0,153008,1646920560000.0,0.1351155426917477,-0.0033965160000000005,1272.29367735061,1272.5935484359936,-11.4,1.4897,22.8,1.4778477594130046,long_nclose,33.694928914616504,0.026483609495554446,1.0
1646920620000.0,153009,1646920620000.0,0.0,-0.0033953760000000003,1272.29028197461,1272.4054730599935,11.4,1.4892,34.2,1.4816318396086696,long_ientry_partial,50.671808914616506,0.03982723882475408,1.0
1646920680000.0,153010,1646920680000.0,0.1352970284611669,-0.0034051800000000003,1272.422173823071,1272.7041678799933,-11.4,1.4935,22.8,1.4816318396086696,long_nclose,33.781205943077666,0.026548740377244407,1.0
1646920860000.0,153013,1646920860000.0,0.09019801897411125,-0.00227012,1272.5101017220452,1272.8044977599934,-7.6,1.4935,15.2,1.4816318396086696,long_nclose,22.520803962051776,0.01769793727497733,3.0
1646921400000.0,153022,1646921400000.0,0.059340801956652145,-0.0014935,1272.567949024002,1272.6635042599935,-5.0,1.4935,10.2,1.4816318396086696,long_nclose,15.11264476400843,0.011875707521629078,9.0
1646921520000.0,153024,1646921520000.0,0.04035174533052346,-0.0010155799999999999,1272.6072851893325,1272.6913886799935,-3.4,1.4935,6.8,1.4816318396086696,long_nclose,10.075096509338954,0.007916893629789357,2.0
1646921640000.0,153026,1646921640000.0,0.026109952860926947,-0.0006571400000000001,1272.6327380021935,1272.6942315399936,-2.2,1.4935,4.6,1.4816318396086696,long_nclose,6.815506462199879,0.0053554385791607165,2.0
1646921700000.0,153027,1646921700000.0,0.0,-0.008801856,1272.6239361461935,1272.6203496839937,29.6,1.4868,34.2,1.486104867315786,long_ientry_partial,50.82478646219988,0.03993700339796324,1.0
1646923320000.0,153054,1646923320000.0,0.13674451260004003,-0.003415668,1272.7572649907936,1273.1652740159936,-11.4,1.4981,22.8,1.486104867315786,long_nclose,33.88319097479992,0.026621879840571967,27.0
1646923440000.0,153056,1646923440000.0,0.09116300840002668,-0.002277112,1272.8461508871935,1273.0421569039936,-7.6,1.4981,15.2,1.486104867315786,long_nclose,22.588793983199945,0.017746680513945227,2.0
1646924280000.0,153070,1646924280000.0,0.05997566342107019,-0.0014981,1272.9046284506146,1273.0361588039937,-5.0,1.4981,10.2,1.486104867315786,long_nclose,15.158269646621015,0.01190840956016613,14.0
1646925180000.0,153085,1646925180000.0,0.12900517668949205,-0.0015416280000000002,1273.0320919993042,1273.1641571759938,-5.1,1.5114,5.1,1.486104867315786,long_nclose,7.579134823310508,0.005953608609667831,15.0
1646925360000.0,153088,1646925360000.0,0.1973451766894913,-0.0015552959999999998,1273.2278818799934,1273.2278818799934,-5.1,1.5248,0.0,1.486104867315786,long_nclose,0.0,0.0,3.0
1647028800000.0,154812,1647028800000.0,0.0,-0.010193958000000001,1273.2176879219935,1273.2518979219935,31.1,1.6389,31.1,1.6389,long_ientry_normal,50.96979,0.04003226666068967,1724.0
1647028920000.0,154814,1647028920000.0,0.13595999999999875,-0.003403326,1273.3502445959937,1273.6643245959938,-10.3,1.6521,20.8,1.6389,long_nclose,34.08912,0.02677120465847614,2.0
1647029400000.0,154822,1647029400000.0,0.29016000000000036,-0.0034669440000000004,1273.6369376519938,1274.0019776519937,-10.4,1.6668,10.4,1.6389,long_nclose,17.04456,0.01338258925767527,8.0
1647030960000.0,154848,1647030960000.0,0.14508000000000018,-0.0017334720000000002,1273.7802841799937,1273.9524041799937,-5.2,1.6668,5.2,1.6389,long_nclose,8.52228,0.0066905416152568935,26.0
1647031860000.0,154863,1647031860000.0,0.07254000000000009,-0.0008667360000000001,1273.8519574439936,1273.9224174439935,-2.6,1.6668,2.6,1.6389,long_nclose,4.26114,0.0033450825860094863,15.0
1647032280000.0,154870,1647032280000.0,0.036270000000000045,-0.00043336800000000006,1273.8877940759937,1273.9256240759937,-1.3,1.6668,1.3,1.6389,long_nclose,2.13057,0.0016724942415712485,7.0
1647032460000.0,154873,1647032460000.0,0.05550999999999995,-0.00043721600000000004,1273.9428668599937,1273.9428668599937,-1.3,1.6816,0.0,1.6389,long_nclose,0.0,0.0,3.0
1647176700000.0,157277,1647176700000.0,0.0,-0.010182584,1273.9326842759938,1274.2273642759938,27.8,1.8314,27.8,1.8314,long_ientry_normal,50.91292,0.03996515720839286,2404.0
1647176760000.0,157278,1647176760000.0,0.13524000000000144,-0.003396824,1274.0645274519939,1274.5034874519938,-9.2,1.8461,18.6,1.8314,long_nclose,34.06404,0.026736510801477844,1.0
1647176880000.0,157280,1647176880000.0,0.2901600000000011,-0.003464436000000001,1274.3512230159938,1274.6265030159939,-9.3,1.8626,9.3,1.8314,long_nclose,17.03202,0.013365247894289688,2.0
1647176940000.0,157281,1647176940000.0,0.14352000000000054,-0.001713592,1274.493029423994,1274.603949423994,-4.6,1.8626,4.7,1.8314,long_nclose,8.60758,0.006753728581701376,1.0
1647177720000.0,157294,1647177720000.0,0.07176000000000027,-0.000856796,1274.5639326279938,1274.642172627994,-2.3,1.8626,2.4,1.8314,long_nclose,4.395359999999999,0.003448520617508224,13.0
1647178200000.0,157302,1647178200000.0,0.03744000000000014,-0.00044702399999999997,1274.6009256039938,1274.6388456039938,-1.2,1.8626,1.2,1.8314,long_nclose,2.1976799999999996,0.0017242102652315174,8.0
1647179400000.0,157322,1647179400000.0,0.005880000000000063,-0.000147688,1274.6066579159938,1274.6175379159938,-0.4,1.8461,0.8,1.8314,long_nclose,1.46512,0.0011494683406059554,20.0
1647179460000.0,157323,1647179460000.0,0.0029400000000000316,-7.3844e-05,1274.6095240719937,1274.6188840719938,-0.2,1.8461,0.6,1.8314,long_nclose,1.0988399999999998,0.0008620993168868979,1.0
1647179820000.0,157329,1647179820000.0,0.0029400000000000316,-7.3844e-05,1274.6123902279937,1274.6190302279938,-0.2,1.8461,0.4,1.8314,long_nclose,0.73256,0.0005747315855520319,6.0
1647180120000.0,157334,1647180120000.0,0.0,-0.0100606,1274.6023296279936,1274.7074696279935,27.5,1.8292,27.9,1.8292315412186382,long_ientry_partial,51.035560000000004,0.04004037872337428,5.0
1647183900000.0,157397,1647183900000.0,0.13641666666666583,-0.0034296540000000007,1274.7353166406604,1275.0286099739938,-9.3,1.8439,18.6,1.8292315412186382,long_nclose,34.02370666666667,0.02669080100199164,63.0
1647184020000.0,157399,1647184020000.0,0.09094444444444387,-0.002286436,1274.8239746491047,1275.0691035379937,-6.2,1.8439,12.4,1.8292315412186382,long_nclose,22.682471111111113,0.017792629854921315,2.0
1647185100000.0,157417,1647185100000.0,0.19324444444444364,-0.002306896,1275.0149121975492,1275.1684766419937,-6.2,1.8604,6.2,1.8292315412186382,long_nclose,11.341235555555556,0.008894982675934663,18.0
1647185580000.0,157425,1647185580000.0,0.09662222222222182,-0.001153448,1275.1103809717715,1275.1902631939938,-3.1,1.8604,3.1,1.8292315412186382,long_nclose,5.670617777777778,0.0044471583498960745,8.0
1647186240000.0,157436,1647186240000.0,0.04675268817204281,-0.0005581200000000001,1275.1565755399436,1275.2106050739937,-1.5,1.8604,1.6,1.8292315412186382,long_nclose,2.9267704659498213,0.002295224384276519,11.0
1647187140000.0,157451,1647187140000.0,0.0073342293906809575,-0.00018439000000000002,1275.1637253793342,1275.1843706839936,-0.5,1.8439,1.1,1.8292315412186382,long_nclose,2.0121546953405023,0.0015779579165349365,15.0
1647187320000.0,157454,1647187320000.0,0.004400537634408575,-0.00011063400000000001,1275.1680152829686,1275.1782300499935,-0.3,1.8439,0.8,1.8292315412186382,long_nclose,1.4633852329749106,0.0011476018967196064,3.0
1647187440000.0,157456,1647187440000.0,0.0029336917562723832,-7.375600000000002e-05,1275.1708752187249,1275.1797362939938,-0.2,1.8439,0.6,1.8292315412186382,long_nclose,1.0975389247311829,0.0008606994921703544,2.0
1647188520000.0,157474,1647188520000.0,0.0,-0.00996538,1275.1609098387248,1275.1964709139936,27.4,1.8185,28.0,1.8187299615975423,long_ientry_partial,50.924438924731184,0.03993569637511224,18.0
1647189960000.0,157498,1647189960000.0,0.0,-0.010207296000000001,1275.1507025427247,1273.8393836179935,28.8,1.7721,56.8,1.7950866007875208,long_rentry,101.96091892473117,0.0799598970705307,24.0
1647198120000.0,157634,1647198120000.0,0.0,-0.01023355,1275.1404689927247,1271.9149000679936,29.5,1.7345,86.3,1.774376233195031,long_rentry,153.12866892473116,0.12008768653205126,136.0
1647210000000.0,157832,1647210000000.0,0.0,-0.015232896000000001,1275.1252360967246,1267.9154871719934,44.8,1.7001,131.1,1.7489942709743034,long_rentry,229.29314892473116,0.17982010114286384,198.0
1647211920000.0,157864,1647211920000.0,0.0,-0.02250256,1275.1027335367246,1264.2009846119934,68.0,1.6546,199.1,1.7167551427661034,long_rentry,341.8059489247312,0.2680614980540991,32.0
1647220140000.0,158001,1647220140000.0,0.9112840346073388,-0.02294643,1275.991071141332,1277.8827881819934,-66.3,1.7305,132.8,1.7167551427661034,long_nclose,227.98508295933854,0.17867294537994957,137.0
1647220440000.0,158006,1647220440000.0,0.6075226897382259,-0.015297620000000001,1276.5832962110703,1277.6681905619935,-44.2,1.7305,88.6,1.7167551427661034,long_nclose,152.10450564907674,0.11914969128965305,5.0
1647231420000.0,158189,1647231420000.0,0.4054732883999471,-0.010209949999999999,1276.9785595494702,1277.8795306119935,-29.5,1.7305,59.1,1.7167551427661034,long_nclose,101.46022893747671,0.07945335352636838,183.0
1647245040000.0,158416,1647245040000.0,0.27077368750776126,-0.006818169999999999,1277.2425150669778,1277.8431624419934,-19.7,1.7305,39.4,1.7167551427661034,long_nclose,67.64015262498447,0.052957955773526265,227.0
1647245340000.0,158421,1647245340000.0,0.1800576297640443,-0.0045339099999999995,1277.4180387867418,1277.8189785319933,-13.1,1.7305,26.3,1.7167551427661034,long_nclose,45.15066025474852,0.03534525024997411,5.0
1647245520000.0,158424,1647245520000.0,0.3831076297640452,-0.00457452,1277.7965718965058,1278.1694040119933,-13.1,1.746,13.2,1.7167551427661034,long_nclose,22.661167884512565,0.017734566192237358,3.0
1647245580000.0,158425,1647245580000.0,0.19301605774371744,-0.00230472,1277.9872832342496,1278.1406992919933,-6.6,1.746,6.6,1.7167551427661034,long_nclose,11.330583942256283,0.008865959850227582,1.0
1647246060000.0,158433,1647246060000.0,0.03023868591457233,-0.0007614200000000001,1278.0167605001643,1278.0750378719933,-2.2,1.7305,4.4,1.7167551427661034,long_nclose,7.553722628170855,0.005910503572124228,8.0
1647246120000.0,158434,1647246120000.0,0.019242800127455117,-0.00048454,1278.0355187602918,1278.0752533319935,-1.4,1.7305,3.0,1.7167551427661034,long_nclose,5.15026542829831,0.004029829650817626,1.0
1647246180000.0,158435,1647246180000.0,0.013744857233896512,-0.0003461,1278.0489175175258,1278.0934072319935,-1.0,1.7305,2.0,1.7167551427661034,long_nclose,3.433510285532207,0.0026865249353690123,1.0
1647260700000.0,158677,1647260700000.0,0.0,-0.0095659,1278.0393516175257,1277.8849413319936,28.9,1.655,30.9,1.6589970966191652,long_ientry_partial,51.263010285532204,0.04011066656175506,242.0
1647261420000.0,158689,1647261420000.0,0.0,-0.010215648,1278.0291359695257,1277.0628856839935,31.6,1.6164,62.5,1.6374600045685153,long_rentry,102.3412502855322,0.0800773999631042,12.0
1647266940000.0,158781,1647266940000.0,0.273311904974884,-0.0068664960000000014,1278.2955813785006,1278.9852991879936,-20.8,1.6506,41.7,1.6374600045685153,long_nclose,68.2820821905071,0.053416504903249694,92.0
1647267720000.0,158794,1647267720000.0,0.18264593649763883,-0.004588668000000001,1278.4736386469983,1278.9334505199936,-13.9,1.6506,27.8,1.6374600045685153,long_nclose,45.52138812700473,0.03560604360617069,13.0
1647267900000.0,158797,1647267900000.0,0.12088795796966022,-0.0030371039999999997,1278.591489500968,1278.9177334159936,-9.2,1.6506,18.6,1.6374600045685153,long_nclose,30.456756084974387,0.023820552799754365,3.0
1647269760000.0,158828,1647269760000.0,0.08146797167520581,-0.002046744,1278.6709107286433,1278.8884066719938,-6.2,1.6506,12.4,1.6374600045685153,long_nclose,20.30450405664959,0.015879382166502237,31.0
1647270300000.0,158837,1647270300000.0,0.053873981269087705,-0.001353492,1278.7234312179125,1278.8524131799938,-4.1,1.6506,8.3,1.6374600045685153,long_nclose,13.590918037918678,0.010628504730670407,9.0
1647270600000.0,158842,1647270600000.0,0.03547798766500898,-0.0008913240000000002,1278.7580178815776,1278.839441855994,-2.7,1.6506,5.6,1.6374600045685153,long_nclose,9.169776025583685,0.007170845380719148,5.0
1647270720000.0,158844,1647270720000.0,0.023651991776672654,-0.0005942160000000001,1278.7810756573542,1278.836327639994,-1.8,1.6506,3.8,1.6374600045685153,long_nclose,6.222348017360358,0.004865843056178929,2.0
1647270900000.0,158847,1647270900000.0,0.01576799451778177,-0.000396144,1278.796447507872,1278.8290514959938,-1.2,1.6506,2.6,1.6374600045685153,long_nclose,4.25739601187814,0.0033292210188533016,3.0
1647271380000.0,158855,1647271380000.0,0.010511996345187846,-0.000264096,1278.8066954082174,1278.829267399994,-0.8,1.6506,1.8,1.6374600045685153,long_nclose,2.9474280082233277,0.0023048268505369823,8.0
1647272220000.0,158869,1647272220000.0,0.0,-0.009654282,1278.7970411262174,1278.8602031179942,29.7,1.6253,31.5,1.6259948574039151,long_ientry_partial,51.21883800822333,0.04005235886620105,14.0
1647273600000.0,158892,1647273600000.0,0.13760399725889105,-0.0034421100000000004,1278.9312030134763,1279.246311007994,-10.5,1.6391,21.0,1.6259948574039151,long_nclose,34.14589200548222,0.026698771540663097,23.0
1647274500000.0,158907,1647274500000.0,0.09173599817259404,-0.0022947400000000004,1279.020644271649,1279.2167162679941,-7.0,1.6391,14.0,1.6259948574039151,long_nclose,22.76392800365481,0.01779793633950135,15.0
1647274740000.0,158911,1647274740000.0,0.06028365594199036,-0.001507972,1279.079419955591,1279.2298682959943,-4.6,1.6391,9.4,1.6259948574039151,long_nclose,15.284351659596803,0.011949493847792085,4.0
1647276120000.0,158934,1647276120000.0,0.13021417020159862,-0.001554478,1279.2080796477926,1279.3350038179942,-4.7,1.6537,4.7,1.6259948574039151,long_nclose,7.6421758297984015,0.005974145998126075,23.0
1647276180000.0,158935,1647276180000.0,0.06372182797099506,-0.0007607019999999999,1279.2710407737636,1279.3382531159941,-2.3,1.6537,2.4,1.6259948574039151,long_nclose,3.9023876577693963,0.0030504776027831036,1.0
1647276360000.0,158938,1647276360000.0,0.033246171115301766,-0.00039688799999999997,1279.3038900568788,1279.3362962279941,-1.2,1.6537,1.2,1.6259948574039151,long_nclose,1.9511938288846982,0.0015251996371229253,3.0
1647276420000.0,158939,1647276420000.0,0.016623085557650883,-0.00019844399999999999,1279.3203146984365,1279.3329177839942,-0.6,1.6537,0.6,1.6259948574039151,long_nclose,0.9755969144423491,0.0007625900278714157,1.0
1647277980000.0,158965,1647277980000.0,0.0026210285192169724,-6.5564e-05,1279.3228701629557,1279.3276722199942,-0.2,1.6391,0.4,1.6259948574039151,long_nclose,0.6503979429615661,0.0005083923363917669,26.0
1647279240000.0,158986,1647279240000.0,0.0,-0.010096754000000001,1279.3127734089558,1279.3741054659943,31.3,1.6129,31.7,1.6130652347937404,long_ientry_partial,51.13416794296157,0.03997002844480753,21.0
1647281100000.0,159017,1647281100000.0,0.13581503466572442,-0.0034146000000000003,1279.4451738436214,1279.7829908659942,-10.5,1.626,21.2,1.6130652347937404,long_nclose,34.19698297762729,0.026727978405588933,31.0
1647281580000.0,159025,1647281580000.0,0.0,-0.0034091720000000002,1279.4417646716215,1278.6655216939942,10.6,1.6081,31.8,1.6114101565291603,long_ientry_partial,51.2428429776273,0.04005093814549595,8.0
1647281580000.0,159025,1647281580000.0,0.10212890429587707,-0.0022764,1279.5416171759173,1278.936245293994,-7.0,1.626,24.8,1.6114101565291603,long_nclose,39.962971881923174,0.03123225641548545,0.0
1647281640000.0,159026,1647281640000.0,0.0,-0.0023805000000000002,1279.5392366759172,1278.966164793994,7.5,1.587,32.3,1.6057421635270335,long_ientry_partial,51.86547188192318,0.04053449116313399,1.0
1647282180000.0,159035,1647282180000.0,0.0,-0.010231176000000002,1279.5290054999173,1278.1676536179941,32.7,1.5644,65.0,1.5849438751065104,long_rentry,103.02135188192317,0.08051505783698298,9.0
1647288540000.0,159141,1647288540000.0,0.2755322976993741,-0.006902064,1279.7976357336165,1280.234071553994,-21.6,1.5977,43.4,1.5849438751065104,long_nclose,68.78656417962254,0.053748000667458745,106.0
1647288720000.0,159144,1647288720000.0,0.18368819846624937,-0.004601376,1279.9767225560827,1280.2683501779939,-14.4,1.5977,29.0,1.5849438751065104,long_nclose,45.9633723780888,0.03590953770338968,3.0
1647289140000.0,159151,1647289140000.0,0.12245879897749957,-0.003067584,1280.0961137710601,1280.3494025939938,-9.6,1.5977,19.4,1.5849438751065104,long_nclose,30.7479111770663,0.024020001971949926,7.0
1647290160000.0,159168,1647290160000.0,0.08163919931833306,-0.002045056,1280.1757079143783,1280.3324375379937,-6.4,1.5977,13.0,1.5849438751065104,long_nclose,20.604270376384633,0.016094876858702825,17.0
1647290220000.0,159169,1647290220000.0,0.05485133704200502,-0.001374022,1280.2291852294204,1280.3514735159938,-4.3,1.5977,8.7,1.5849438751065104,long_nclose,13.789011713426639,0.01077073689032922,1.0
1647290580000.0,159175,1647290580000.0,0.03699276219111967,-0.000926666,1280.2652513256116,1280.3467768499938,-2.9,1.5977,5.8,1.5849438751065104,long_nclose,9.19267447561776,0.007180288980037134,6.0
1647290700000.0,159177,1647290700000.0,0.024236637297630124,-0.000607126,1280.2888808369094,1280.339799723994,-1.9,1.5977,3.9,1.5849438751065104,long_nclose,6.18128111291539,0.004828036238879745,2.0
1647292680000.0,159210,1647292680000.0,0.0165829623615364,-0.00041540200000000005,1280.3050483972709,1280.338994321994,-1.3,1.5977,2.6,1.5849438751065104,long_nclose,4.120854075276927,0.0032186501806234003,33.0
1647292800000.0,159212,1647292800000.0,0.010204899914791633,-0.000255632,1280.3149976651855,1280.3384986899937,-0.8,1.5977,1.8,1.5849438751065104,long_nclose,2.8528989751917186,0.0022282789629070477,2.0
1647293160000.0,159218,1647293160000.0,0.0076536749360937234,-0.000191724,1280.3224596161217,1280.3369269659938,-0.6,1.5977,1.2,1.5849438751065104,long_nclose,1.9019326501278124,0.0014855106507294011,6.0
1647293460000.0,159223,1647293460000.0,0.0051024499573958165,-0.000127816,1280.327434250079,1280.3378791499938,-0.4,1.5977,0.8,1.5849438751065104,long_nclose,1.2679551000852083,0.0009903365859124018,5.0
1647294240000.0,159236,1647294240000.0,0.0025512249786979082,-6.3908e-05,1280.329921567058,1280.337155241994,-0.2,1.5977,0.6,1.5849438751065104,long_nclose,0.9509663250639062,0.0007427509964775113,13.0
1647294360000.0,159238,1647294360000.0,0.0025512249786979082,-6.3908e-05,1280.3324088840368,1280.3376313339943,-0.2,1.5977,0.4,1.5849438751065104,long_nclose,0.6339775500426041,0.0004951663690175519,2.0
1647295920000.0,159264,1647295920000.0,0.0012756124893489541,-3.1954e-05,1280.3336525425261,1280.3372693799943,-0.1,1.5977,0.3,1.5849438751065104,long_nclose,0.4754831625319531,0.0003713744160264193,26.0
1647296160000.0,159268,1647296160000.0,0.0012756124893489541,-3.1954e-05,1280.3348962010155,1280.337707425994,-0.1,1.5977,0.2,1.5849438751065104,long_nclose,0.31698877502130207,0.000247582703526917,4.0
1647296340000.0,159271,1647296340000.0,0.0012756124893489541,-3.1954e-05,1280.3361398595048,1280.337245471994,-0.1,1.5977,0.1,1.5849438751065104,long_nclose,0.15849438751065104,0.00012379123151834418,3.0
1647296400000.0,159272,1647296400000.0,0.0012756124893489541,-3.1954e-05,1280.337383517994,1280.337383517994,-0.1,1.5977,0.0,1.5849438751065104,long_nclose,0.0,0.0,1.0
1647328260000.0,159803,1647328260000.0,0.0,-0.010229926,1280.3271535919941,1279.8435235919942,32.9,1.5547,32.9,1.5547,long_ientry_normal,51.149629999999995,0.039950437555353144,531.0
1647345060000.0,160083,1647345060000.0,0.0,-0.010240048,1280.3169135439941,1278.8841435439942,33.8,1.5148,66.7,1.5344808095952023,long_rentry,102.34987,0.07994104343797928,280.0
1647355500000.0,160257,1647355500000.0,0.27348602698650837,-0.006867792,1280.5835317789806,1281.096135751994,-22.2,1.5468,44.5,1.5344808095952023,long_nclose,68.2843960269865,0.053322875339593144,174.0
1647355560000.0,160258,1647355560000.0,0.18232401799100562,-0.004578528,1280.7612772689718,1281.2815972239941,-14.8,1.5468,29.7,1.5344808095952023,long_nclose,45.57408004497751,0.03558358677282724,1.0
1647355680000.0,160260,1647355680000.0,0.121959985007497,-0.0030626640000000005,1280.8801745899793,1281.1874545599944,-9.9,1.5468,19.8,1.5344808095952023,long_nclose,30.382720029985006,0.023720189157983317,2.0
1647356040000.0,160266,1647356040000.0,0.08130665667166465,-0.002041776,1280.959439470651,1281.1246927839943,-6.6,1.5468,13.2,1.5344808095952023,long_nclose,20.25514668665667,0.015812480912765662,6.0
1647356700000.0,160277,1647356700000.0,0.054204437781109775,-0.001361184,1281.0122827244322,1281.1136515999945,-4.4,1.5468,8.8,1.5344808095952023,long_nclose,13.503431124437782,0.010541219086298646,11.0
1647356760000.0,160278,1647356760000.0,0.035725652173913255,-0.000897144,1281.047111232606,1281.1209744559944,-2.9,1.5468,5.9,1.5344808095952023,long_nclose,9.053436776611694,0.0070672161056595335,1.0
1647358740000.0,160311,1647358740000.0,0.07574565217391335,-0.000905148,1281.1219517367801,1281.2075093079945,-2.9,1.5606,3.0,1.5344808095952023,long_nclose,4.603442428785607,0.003593289789894594,33.0
1647359100000.0,160317,1647359100000.0,0.039178785607196565,-0.00046818,1281.1606623423872,1281.1989411279944,-1.5,1.5606,1.5,1.5344808095952023,long_nclose,2.3017212143928036,0.0017965906088503317,6.0
1647359160000.0,160318,1647359160000.0,0.018283433283358394,-0.000218484,1281.1787272916706,1281.2023426439944,-0.7,1.5606,0.8,1.5344808095952023,long_nclose,1.2275846476761618,0.0009581681474459046,1.0
1647359280000.0,160320,1647359280000.0,0.010447676161919085,-0.00012484800000000002,1281.1890501198325,1281.1988577959944,-0.4,1.5606,0.4,1.5344808095952023,long_nclose,0.6137923238380809,0.00047908021363488203,2.0
1647359400000.0,160322,1647359400000.0,0.005223838080959543,-6.242400000000001e-05,1281.1942115339136,1281.1991153719946,-0.2,1.5606,0.2,1.5344808095952023,long_nclose,0.30689616191904046,0.00023953914180708646,2.0
1647359640000.0,160326,1647359640000.0,0.0026119190404797713,-3.1212000000000005e-05,1281.196792240954,1281.1990441599944,-0.1,1.5606,0.1,1.5344808095952023,long_nclose,0.15344808095952023,0.00011976932965241248,4.0
1647362700000.0,160377,1647362700000.0,0.0012319190404797677,-3.0936e-05,1281.1979932239944,1281.1979932239944,-0.1,1.5468,0.0,1.5344808095952023,long_nclose,0.0,0.0,51.0
1647392220000.0,160869,1647392220000.0,0.0,-0.01025892,1281.1877343039944,1281.2291343039944,34.5,1.4868,34.5,1.4868,long_ientry_normal,51.294599999999996,0.04003675544698045,492.0
1647393120000.0,160884,1647393120000.0,0.13800000000000012,-0.0034472400000000003,1281.3222870639943,1281.5568870639943,-11.5,1.4988,23.0,1.4868,long_nclose,34.1964,0.026688367435141705,15.0
1647393300000.0,160887,1647393300000.0,0.09120000000000007,-0.002278176,1281.4112088879945,1281.6144888879944,-7.6,1.4988,15.4,1.4868,long_nclose,22.89672,0.017868362506263478,3.0
1647393720000.0,160894,1647393720000.0,0.06120000000000005,-0.001528776,1281.4708801119946,1281.6274401119945,-5.1,1.4988,10.3,1.4868,long_nclose,15.31404,0.01195036129003698,7.0
1647395100000.0,160917,1647395100000.0,0.04080000000000004,-0.001019184,1281.5106609279946,1281.5948409279947,-3.4,1.4988,6.9,1.4868,long_nclose,10.25892,0.008005333324789584,23.0
1647395400000.0,160922,1647395400000.0,0.08602000000000033,-0.001028228,1281.5956526999946,1281.6873526999946,-3.4,1.5121,3.5,1.4868,long_nclose,5.203799999999999,0.004060407031685011,5.0
1647396060000.0,160933,1647396060000.0,0.043010000000000166,-0.000514114,1281.6381485859947,1281.6907085859948,-1.7,1.5121,1.8,1.4868,long_nclose,2.67624,0.0020881400908303494,11.0
1647396180000.0,160935,1647396180000.0,0.06966000000000032,-0.00054918,1281.7072594059948,1281.7072594059948,-1.8,1.5255,0.0,1.4868,long_nclose,0.0,0.0,2.0
1647401880000.0,161030,1647401880000.0,0.0,-0.010255440000000001,1281.6970039659948,1281.6624039659948,34.6,1.482,34.6,1.482,long_ientry_normal,51.2772,0.04000727148564081,95.0
1647402000000.0,161032,1647402000000.0,0.0,-0.0102524,1281.6867515659949,1281.283251565995,35.5,1.444,70.1,1.4627560627674752,long_rentry,102.5392,0.08000332364730711,2.0
1647402120000.0,161034,1647402120000.0,0.2736337375178269,-0.006871169999999999,1281.9535141335127,1282.620130395995,-23.3,1.4745,46.8,1.4627560627674752,long_nclose,68.45698373751783,0.053400519584197795,2.0
1647403620000.0,161059,1647403620000.0,0.18320542082738625,-0.00460044,1282.13211911434,1282.5141299559948,-15.6,1.4745,31.2,1.4627560627674752,long_nclose,45.63798915834522,0.03559538715079584,25.0
1647403920000.0,161064,1647403920000.0,0.1221369472182575,-0.00306696,1282.251189101558,1282.5058629959947,-10.4,1.4745,20.8,1.4627560627674752,long_nclose,30.425326105563485,0.023728054506139133,5.0
1647404100000.0,161067,1647404100000.0,0.0,-0.004130000000000001,1282.247059101558,1282.5017329959946,14.0,1.475,34.8,1.4676817846426289,long_ientry_partial,51.075326105563484,0.0398326716704274,3.0
1647406200000.0,161102,1647406200000.0,0.13709129814550539,-0.0034324399999999997,1282.3807179597036,1282.6897005559947,-11.6,1.4795,23.2,1.4676817846426289,long_nclose,34.05021740370899,0.02655234668366166,35.0
1647406380000.0,161105,1647406380000.0,0.09100025825175788,-0.00227843,1282.4694397879555,1282.6603721259946,-7.7,1.4795,15.5,1.4676817846426289,long_nclose,22.749067661960748,0.017738487137535296,3.0
1647407040000.0,161116,1647407040000.0,0.0,-0.00572364,1282.4637161479554,1282.4414484859947,19.5,1.4676,35.0,1.4676362189131642,long_ientry_partial,51.367267661960746,0.040053583594746006,11.0
1647407520000.0,161124,1647407520000.0,0.13645986060729579,-0.003432208,1282.5967438005628,1282.9094562779947,-11.6,1.4794,23.4,1.4676362189131642,long_nclose,34.34268752256804,0.02677590418700467,8.0
1647407640000.0,161126,1647407640000.0,0.2932462387159778,-0.003492918,1282.8864971212788,1283.1715533599947,-11.7,1.4927,11.7,1.4676362189131642,long_nclose,17.17134376128402,0.013384928284626502,2.0
1647408120000.0,161134,1647408120000.0,0.04587874623865979,-0.001153932,1282.9312219355174,1283.0276594279946,-3.9,1.4794,7.8,1.4676362189131642,long_nclose,11.447562507522681,0.008922974444609828,8.0
1647408300000.0,161137,1647408300000.0,0.030585830825773198,-0.0007692880000000001,1282.9610384783434,1283.035730139995,-2.6,1.4794,5.2,1.4676362189131642,long_nclose,7.631708338348454,0.005948511380672982,3.0
1647408780000.0,161145,1647408780000.0,0.019998427847620934,-0.000502996,1282.980533910191,1283.030807143995,-1.7,1.4794,3.5,1.4676362189131642,long_nclose,5.136726766196075,0.004003744897469853,8.0
1647409440000.0,161156,1647409440000.0,0.04260842784762071,-0.000507518,1283.0226348200388,1283.064689625995,-1.7,1.4927,1.8,1.4676362189131642,long_nclose,2.6417451940436956,0.002059001238442092,11.0
1647409500000.0,161157,1647409500000.0,0.022557402978152143,-0.00026868599999999997,1283.044923537017,1283.0650509399952,-0.9,1.4927,0.9,1.4676362189131642,long_nclose,1.3208725970218478,0.0010294827350086464,1.0
1647410820000.0,161179,1647410820000.0,0.010025512434734285,-0.000119416,1283.0548296334518,1283.0705115239953,-0.4,1.4927,0.5,1.4676362189131642,long_nclose,0.7338181094565821,0.0005719304370384718,22.0
1647411360000.0,161188,1647411360000.0,0.019131890543417907,-0.00015059,1283.0738109339952,1283.0738109339952,-0.5,1.5059,0.0,1.4676362189131642,long_nclose,0.0,0.0,9.0
1647455460000.0,161923,1647455460000.0,0.0,-0.010261995999999999,1283.0635489379952,1282.986768937995,34.9,1.4702,34.9,1.4702,long_ientry_normal,51.309979999999996,0.039990209403477944,735.0
1647455760000.0,161928,1647455760000.0,0.13688000000000036,-0.00343824,1283.1969906979953,1283.5185306979952,-11.6,1.482,23.3,1.4702,long_nclose,34.25566,0.026695558241113568,5.0
1647455940000.0,161931,1647455940000.0,0.2911600000000014,-0.0034690960000000005,1283.4846816019954,1283.7865416019954,-11.6,1.4953,11.7,1.4702,long_nclose,17.20134,0.013402061003587483,3.0
1647456360000.0,161938,1647456360000.0,0.44811,-0.00352989,1283.9292617119954,1283.9292617119954,-11.7,1.5085,0.0,1.4702,long_nclose,0.0,0.0,7.0
1647564840000.0,163746,1647564840000.0,0.0,-0.010256472,1283.9190052399954,1283.9390452399955,33.4,1.5354,33.4,1.5354,long_ientry_normal,51.282360000000004,0.039942052256181144,1808.0
1647597120000.0,164284,1647597120000.0,0.0,-0.010382240000000001,1283.9086229999955,1282.6607629999955,34.7,1.496,68.1,1.5153239353891337,long_rentry,103.19355999999999,0.0803745361246011,538.0
1647618240000.0,164636,1647618240000.0,0.27639666666666723,-0.00693485,1284.178084816662,1284.7535781499953,-22.7,1.5275,45.4,1.5153239353891337,long_nclose,68.79570666666666,0.05357178064324965,352.0
1647618660000.0,164643,1647618660000.0,0.18385857562408262,-0.00461305,1284.357330342286,1284.7717150999954,-15.1,1.5275,30.3,1.5153239353891337,long_nclose,45.914315242290755,0.035748863776138076,7.0
1647619380000.0,164655,1647619380000.0,0.39072857562408,-0.004654424,1284.7434044939102,1285.1184806759954,-15.1,1.5412,15.2,1.5153239353891337,long_nclose,23.03292381791483,0.01792803429645784,12.0
1647619500000.0,164657,1647619500000.0,0.19665809104258328,-0.0023426239999999997,1284.9377199609528,1285.1404580519954,-7.6,1.5412,7.6,1.5153239353891337,long_nclose,11.516461908957416,0.008962661559431364,2.0
1647619800000.0,164662,1647619800000.0,0.09832904552129164,-0.0011713119999999999,1285.034877694474,1285.1286467399952,-3.8,1.5412,3.8,1.5153239353891337,long_nclose,5.758230954478708,0.004480991959385376,5.0
1647619860000.0,164663,1647619860000.0,0.04916452276064582,-0.0005856559999999999,1285.0834565612347,1285.1322410839953,-1.9,1.5412,1.9,1.5153239353891337,long_nclose,2.879115477239354,0.002240411284216204,1.0
1647619920000.0,164664,1647619920000.0,0.0232884581497796,-0.000277416,1285.1064676033845,1285.1321436679955,-0.9,1.5412,1.0,1.5153239353891337,long_nclose,1.5153239353891337,0.0011791427197585312,1.0
1647619980000.0,164665,1647619980000.0,0.012938032305433111,-0.00015412,1285.11925151569,1285.1330895479953,-0.5,1.5412,0.5,1.5153239353891337,long_nclose,0.7576619676945668,0.0005895654950316622,1.0
1647620100000.0,164667,1647620100000.0,0.005175212922173245,-6.1648e-05,1285.1243650806123,1285.1323678999956,-0.2,1.5412,0.3,1.5153239353891337,long_nclose,0.4545971806167401,0.000353737889475175,2.0
1647620640000.0,164676,1647620640000.0,0.0025876064610866225,-3.0824e-05,1285.1269218630732,1285.1326570759954,-0.1,1.5412,0.2,1.5153239353891337,long_nclose,0.30306478707782675,0.000235824790471643,9.0
1647620820000.0,164679,1647620820000.0,0.007895212922173257,-6.2192e-05,1285.1347548839954,1285.1347548839954,-0.2,1.5548,0.0,1.5153239353891337,long_nclose,0.0,0.0,3.0
1647766140000.0,167101,1647766140000.0,0.0,-0.01027803,1285.1244768539952,1285.3718268539953,25.5,2.0153,25.5,2.0153,long_ientry_normal,51.39015,0.03998846098224188,2422.0
1647766440000.0,167106,1647766440000.0,0.13769999999999993,-0.00345355,1285.2587233039953,1285.4406233039954,-8.5,2.0315,17.0,2.0153,long_nclose,34.260099999999994,0.02665618943392819,5.0
1647767100000.0,167117,1647767100000.0,0.0,-0.00342397,1285.2552993339953,1285.3853493339952,8.5,2.0141,25.5,2.0149,long_ientry_partial,51.37995,0.039976454504116424,11.0
1647771480000.0,167190,1647771480000.0,0.0,-0.010287168000000001,1285.2450121659951,1284.3299221659952,26.2,1.9632,51.7,1.9887,long_rentry,102.81579,0.07999703482741148,73.0
1647772680000.0,167210,1647772680000.0,0.27520000000000405,-0.006896168,1285.5133159979953,1286.0066659979952,-17.2,2.0047,34.5,1.9887,long_nclose,68.61014999999999,0.053371792533113666,20.0
1647772740000.0,167211,1647772740000.0,0.18400000000000272,-0.00461081,1285.6927051879952,1285.7916051879952,-11.5,2.0047,23.0,1.9887,long_nclose,45.7401,0.03557623047515995,1.0
1647772920000.0,167214,1647772920000.0,0.12160000000000179,-0.0030471440000000003,1285.8112580439952,1286.108478043995,-7.6,2.0047,15.4,1.9887,long_nclose,30.62598,0.023818410212544664,3.0
1647772980000.0,167215,1647772980000.0,0.0,-0.004123914000000001,1285.8071341299951,1285.9358841299952,10.3,2.0019,25.7,1.9939902723735408,long_ientry_partial,51.245549999999994,0.03985477187033484,1.0
1647773580000.0,167225,1647773580000.0,0.0,-0.010297370000000002,1285.7968367599951,1284.6978367599952,26.5,1.9429,52.2,1.968053639846743,long_rentry,102.73239999999998,0.07989784782708706,10.0
1647778860000.0,167313,1647778860000.0,0.27572666666667217,-0.0069039719999999995,1286.065659454662,1286.7249927879952,-17.4,1.9839,34.8,1.968053639846743,long_nclose,68.48826666666665,0.05325409800282525,88.0
1647778980000.0,167315,1647778980000.0,0.5837066666666691,-0.006965567999999999,1286.6424005533286,1287.2156672199953,-17.4,2.0016,17.4,1.968053639846743,long_nclose,34.24413333333332,0.026615113351313793,2.0
1647779100000.0,167317,1647779100000.0,0.2918533333333346,-0.0034827839999999996,1286.930771102662,1287.2087044359953,-8.7,2.0016,8.7,1.968053639846743,long_nclose,17.12206666666666,0.013304574769003473,2.0
1647779160000.0,167318,1647779160000.0,0.14424934865900443,-0.0017213759999999997,1287.073299075321,1287.2314630599953,-4.3,2.0016,4.4,1.968053639846743,long_nclose,8.659436015325669,0.006728005329258958,1.0
1647779340000.0,167321,1647779340000.0,0.0,-0.008570448000000001,1287.064728627321,1287.0330526119953,21.6,1.9839,26.0,1.9812183082817567,long_ientry_partial,51.511676015325676,0.040022599384153625,3.0
1647779700000.0,167327,1647779700000.0,0.1365825487768931,-0.003435012,1287.197876164098,1287.5594775999955,-8.6,1.9971,17.4,1.9812183082817567,long_nclose,34.47319856410257,0.026781584403195335,6.0
1647779880000.0,167330,1647779880000.0,0.29390071794871764,-0.0035061000000000003,1287.4882707820466,1287.8430714999954,-8.7,2.015,8.7,1.9812183082817567,long_nclose,17.236599282051284,0.013387771891375307,3.0
1647780000000.0,167332,1647780000000.0,0.14526127438844666,-0.0017329000000000001,1287.6317991564351,1287.7628385999953,-4.3,2.015,4.4,1.9812183082817567,long_nclose,8.717360556439731,0.006770072440080096,2.0
1647780060000.0,167333,1647780060000.0,0.07431972178013552,-0.0008866000000000002,1287.7052322782151,1287.7883519999953,-2.2,2.015,2.2,1.9812183082817567,long_nclose,4.3586802782198655,0.0033848431837994975,1.0
1647780120000.0,167334,1647780120000.0,0.11347972178013511,-0.0008944320000000001,1287.8178175679952,1287.8178175679952,-2.2,2.0328,0.0,1.9812183082817567,long_nclose,0.0,0.0,1.0
1647782580000.0,167375,1647782580000.0,0.0,-0.01028508,1287.8075324879953,1287.9921324879954,26.0,1.9779,26.0,1.9779,long_ientry_normal,51.425399999999996,0.03993251996332719,41.0
1647783720000.0,167394,1647783720000.0,0.13674000000000022,-0.0034293360000000003,1287.9408431519953,1288.2209831519954,-8.6,1.9938,17.4,1.9779,long_nclose,34.415459999999996,0.026721304928706637,19.0
1647783840000.0,167396,1647783840000.0,0.2931900000000005,-0.0035001840000000004,1288.2305329679955,1288.5359029679955,-8.7,2.0116,8.7,1.9779,long_nclose,17.207729999999998,0.01335764799826205,2.0
1647784380000.0,167405,1647784380000.0,0.046110000000000075,-0.001156404,1288.2754865639954,1288.3746665639953,-2.9,1.9938,5.8,1.9779,long_nclose,11.47182,0.008904787927461766,9.0
1647784560000.0,167408,1647784560000.0,0.030210000000000046,-0.000757644,1288.3049389199953,1288.3755289199953,-1.9,1.9938,3.9,1.9779,long_nclose,7.71381,0.005987565340288611,3.0
1647784800000.0,167412,1647784800000.0,0.06403000000000011,-0.0007644080000000001,1288.3682045119954,1288.4364045119953,-1.9,2.0116,2.0,1.9779,long_nclose,3.9558,0.003070395548529054,4.0
1647784980000.0,167415,1647784980000.0,0.03370000000000006,-0.00040232,1288.4015021919954,1288.4366021919955,-1.0,2.0116,1.0,1.9779,long_nclose,1.9779,0.0015351580983373123,3.0
1647785280000.0,167420,1647785280000.0,0.01685000000000003,-0.00020116,1288.4181510319954,1288.4317010319953,-0.5,2.0116,0.5,1.9779,long_nclose,0.98895,0.0007675691305713693,5.0
1647785400000.0,167422,1647785400000.0,0.006740000000000013,-8.046400000000001e-05,1288.4248105679956,1288.4341405679957,-0.2,2.0116,0.3,1.9779,long_nclose,0.59337,0.0004605390979225367,2.0
1647785460000.0,167423,1647785460000.0,0.0033700000000000067,-4.0232000000000004e-05,1288.4281403359955,1288.4349603359956,-0.1,2.0116,0.2,1.9779,long_nclose,0.39558000000000004,0.00030702527181441483,1.0
1647785760000.0,167428,1647785760000.0,0.010299999999999976,-8.117600000000001e-05,1288.4383591599953,1288.4383591599953,-0.2,2.0294,0.0,1.9779,long_nclose,0.0,0.0,5.0
1647790080000.0,167500,1647790080000.0,0.0,-0.010295552000000001,1288.4280636079955,1288.4071036079954,26.2,1.9648,26.2,1.9648,long_ientry_normal,51.47776,0.03995392638052793,72.0
1647791040000.0,167516,1647791040000.0,0.13745999999999836,-0.0034462439999999993,1288.5620773639953,1288.7580773639952,-8.7,1.9806,17.5,1.9648,long_nclose,34.384,0.026684007393993132,16.0
1647791160000.0,167518,1647791160000.0,0.09163999999999892,-0.002297496,1288.6514198679954,1288.8058598679954,-5.8,1.9806,11.7,1.9648,long_nclose,22.98816,0.017838928080609124,2.0
1647791400000.0,167522,1647791400000.0,0.0,-0.005726704,1288.6456931639955,1288.5194131639955,14.6,1.9612,26.3,1.9628015209125476,long_ientry_partial,51.621680000000005,0.04005886200826384,4.0
1647792120000.0,167534,1647792120000.0,0.13744676806083547,-0.0034427639999999996,1288.7796971680561,1289.0999903999952,-8.7,1.9786,17.6,1.9628015209125476,long_nclose,34.54530676806084,0.026804664011987576,12.0
1647792360000.0,167538,1647792360000.0,0.2939066159695813,-0.0035133120000000006,1289.0700904720256,1289.3974370879953,-8.8,1.9962,8.8,1.9628015209125476,long_nclose,17.27265338403042,0.013399312816035939,4.0
1647792420000.0,167539,1647792420000.0,0.44966661596958174,-0.0035444640000000006,1289.5162126239952,1289.5162126239952,-8.8,2.0139,0.0,1.9628015209125476,long_nclose,0.0,0.0,1.0
1647797400000.0,167622,1647797400000.0,0.0,-0.010304976,1289.5059076479952,1289.3290276479952,26.4,1.9517,26.4,1.9517,long_ientry_normal,51.524879999999996,0.03995707169266035,83.0
1647798420000.0,167639,1647798420000.0,0.13816000000000042,-0.0034626240000000005,1289.6406050239952,1289.9626850239952,-8.8,1.9674,17.6,1.9517,long_nclose,34.349920000000004,0.026635265566379157,17.0
1647798540000.0,167641,1647798540000.0,0.09106000000000027,-0.002282184,1289.7293828399952,1289.8745228399953,-5.8,1.9674,11.8,1.9517,long_nclose,23.030060000000002,0.017856505640964474,2.0
1647799140000.0,167651,1647799140000.0,0.06123000000000018,-0.001534572,1289.7890782679951,1290.0916482679952,-3.9,1.9674,7.9,1.9517,long_nclose,15.41843,0.011954225896147901,10.0
1647799140000.0,167651,1647799140000.0,0.1298700000000004,-0.0015483,1289.9173999679952,1290.0705999679951,-3.9,1.985,4.0,1.9517,long_nclose,7.8068,0.006052170472461026,0.0
1647799320000.0,167654,1647799320000.0,0.06660000000000021,-0.0007940000000000001,1289.9832059679952,1290.0918059679952,-2.0,1.985,2.0,1.9517,long_nclose,3.9034,0.003025930866340941,3.0
1647799320000.0,167654,1647799320000.0,0.10159999999999991,-0.0008010000000000001,1290.0840049679953,1290.0840049679953,-2.0,2.0025,0.0,1.9517,long_nclose,0.0,0.0,0.0
1647830220000.0,168169,1647830220000.0,0.0,-0.010333932,1290.0736710359952,1289.8234110359952,25.8,2.0027,25.8,2.0027,long_ientry_normal,51.66966,0.0400517126735147,515.0
1647830340000.0,168171,1647830340000.0,0.13846000000000194,-0.003472336,1290.208658699995,1290.661018699995,-8.6,2.0188,17.2,2.0027,long_nclose,34.446439999999996,0.026698348184012326,2.0
1647830400000.0,168172,1647830400000.0,0.29326000000000013,-0.003503296,1290.498415403995,1290.905195403995,-8.6,2.0368,8.6,2.0027,long_nclose,17.223219999999998,0.013346176790622565,1.0
1647830460000.0,168173,1647830460000.0,0.4489200000000002,-0.003534428,1290.9438009759951,1290.9438009759951,-8.6,2.0549,0.0,2.0027,long_nclose,0.0,0.0,1.0
1647909180000.0,169485,1647909180000.0,0.0,-0.01032707,1290.9334739059952,1290.7729239059952,24.7,2.0905,24.7,2.0905,long_ientry_normal,51.63535,0.03999845928835218,1312.0
1647909420000.0,169489,1647909420000.0,0.13775999999999938,-0.003455972,1291.0677779339953,1291.3565279339953,-8.2,2.1073,16.5,2.0905,long_nclose,34.49325,0.026716839030091137,4.0
1647909540000.0,169491,1647909540000.0,0.0923999999999996,-0.00231803,1291.1578599039954,1291.3943599039953,-5.5,2.1073,11.0,2.0905,long_nclose,22.9955,0.0178099833599819,2.0
1647910260000.0,169503,1647910260000.0,0.19580000000000042,-0.00233871,1291.3513211939953,1291.5410711939953,-5.5,2.1261,5.5,2.0905,long_nclose,11.49775,0.00890365759595853,12.0
1647910320000.0,169504,1647910320000.0,0.0961200000000002,-0.0011480940000000003,1291.4462930999953,1291.5400930999954,-2.7,2.1261,2.8,2.0905,long_nclose,5.8534,0.004532437803471846,1.0
1647910500000.0,169507,1647910500000.0,0.049840000000000106,-0.000595308,1291.4955377919953,1291.5466377919952,-1.4,2.1261,1.4,2.0905,long_nclose,2.9267,0.002266132490866853,3.0
1647910680000.0,169510,1647910680000.0,0.024920000000000053,-0.000297654,1291.5201601379954,1291.5450101379954,-0.7,2.1261,0.7,2.0905,long_nclose,1.46335,0.0011330446439517018,3.0
1647911040000.0,169516,1647911040000.0,0.010680000000000023,-0.00012756600000000002,1291.5307125719955,1291.5457125719956,-0.3,2.1261,0.4,2.0905,long_nclose,0.8362,0.0006474487922434029,6.0
1647911820000.0,169529,1647911820000.0,0.0016799999999999927,-4.2146e-05,1291.5323504259957,1291.5373004259957,-0.1,2.1073,0.3,2.0905,long_nclose,0.62715,0.0004855859783869467,13.0
1647913260000.0,169553,1647913260000.0,0.0016799999999999927,-4.2146e-05,1291.5339882799958,1291.5376882799958,-0.1,2.1073,0.2,2.0905,long_nclose,0.4181,0.0003237235750619354,24.0
1647913560000.0,169558,1647913560000.0,0.0016799999999999927,-4.2146e-05,1291.535626133996,1291.5372761339959,-0.1,2.1073,0.1,2.0905,long_nclose,0.20905,0.0001618615822668071,5.0
1647913620000.0,169559,1647913620000.0,0.0016799999999999927,-4.2146e-05,1291.537263987996,1291.537263987996,-0.1,2.1073,0.0,2.0905,long_nclose,0.0,0.0,1.0
1647997620000.0,170959,1647997620000.0,0.0,-0.01033953,1291.526924457996,1291.435274457996,23.5,2.1999,23.5,2.1999,long_ientry_normal,51.697649999999996,0.04002831766104722,1400.0
1647997980000.0,170965,1647997980000.0,0.13806000000000038,-0.0034594560000000005,1291.661525001996,1291.929995001996,-7.8,2.2176,15.7,2.1999,long_nclose,34.53843,0.026739536117983093,6.0
1647998040000.0,170966,1647998040000.0,0.09204000000000026,-0.0023063040000000003,1291.751258697996,1291.888808697996,-5.2,2.2176,10.5,2.1999,long_nclose,23.09895,0.017881886968921776,1.0
1647998100000.0,170967,1647998100000.0,0.06195000000000017,-0.00155232,1291.811656377996,1291.910356377996,-3.5,2.2176,7.0,2.1999,long_nclose,15.3993,0.011920700609852697,1.0
1647998220000.0,170969,1647998220000.0,0.04071000000000011,-0.0010200959999999999,1291.851346281996,1291.927016281996,-2.3,2.2176,4.7,2.1999,long_nclose,10.33953,0.008003653074912694,2.0
1647998280000.0,170970,1647998280000.0,0.026550000000000074,-0.0006652800000000001,1291.877231001996,1291.935151001996,-1.5,2.2176,3.2,2.1999,long_nclose,7.039680000000001,0.005449186525673138,1.0
1647998760000.0,170978,1647998760000.0,0.01770000000000005,-0.00044352000000000004,1291.894487481996,1291.9475074819961,-1.0,2.2176,2.2,2.1999,long_nclose,4.83978,0.003746265694989621,8.0
1647998820000.0,170979,1647998820000.0,0.0,-0.009364332000000001,1291.8851231499962,1291.853183149996,21.3,2.1982,23.5,2.19835914893617,long_ientry_partial,51.66144,0.03998919027261046,1.0
1648000020000.0,170999,1648000020000.0,0.13759863829787536,-0.0034569600000000002,1292.0192648282941,1292.2491261899963,-7.8,2.216,15.7,2.19835914893617,long_nclose,34.51423863829787,0.026713408675748125,20.0
1648000080000.0,171000,1648000080000.0,0.09173242553191692,-0.00230464,1292.1086926138262,1292.3044215499965,-5.2,2.216,10.5,2.19835914893617,long_nclose,23.082771063829785,0.0178644189887271,1.0
1648000200000.0,171002,1648000200000.0,0.06174297872340562,-0.0015512000000000002,1292.1688843925497,1292.3273703499965,-3.5,2.216,7.0,2.19835914893617,long_nclose,15.38851404255319,0.011909057885871746,2.0
1648000320000.0,171004,1648000320000.0,0.0405739574468094,-0.00101936,1292.2084389899965,1292.3101509899964,-2.3,2.216,4.7,2.19835914893617,long_nclose,10.332288,0.00799583696270845,2.0
1648001460000.0,171023,1648001460000.0,0.026461276595745264,-0.0006648000000000001,1292.234235466592,1292.2938861899963,-1.5,2.216,3.2,2.19835914893617,long_nclose,7.034749276595744,0.005443865425880533,19.0
1648001700000.0,171027,1648001700000.0,0.017640851063830176,-0.00044320000000000004,1292.2514331176558,1292.2924429899963,-1.0,2.216,2.2,2.19835914893617,long_nclose,4.836390127659574,0.0037426076719384335,4.0
1648002240000.0,171036,1648002240000.0,0.04118493617021275,-0.000491876,1292.2921261778258,1292.331331113996,-1.1,2.2358,1.1,2.19835914893617,long_nclose,2.418195063829787,0.0018712449103764264,9.0
1648002300000.0,171037,1648002300000.0,0.018720425531914886,-0.00022358,1292.3106230233577,1292.332007533996,-0.5,2.2358,0.6,2.19835914893617,long_nclose,1.3190154893617019,0.0010206644330415455,1.0
1648002360000.0,171038,1648002360000.0,0.011232255319148931,-0.00013414799999999998,1292.321721130677,1292.333013385996,-0.3,2.2358,0.3,2.19835914893617,long_nclose,0.6595077446808509,0.0005103278339265513,1.0
1648002840000.0,171046,1648002840000.0,0.0017640851063830177,-4.432000000000001e-05,1292.3234408957833,1292.326969065996,-0.1,2.216,0.2,2.19835914893617,long_nclose,0.439671829787234,0.00034021810320369357,8.0
1648002900000.0,171047,1648002900000.0,0.0017640851063830177,-4.432000000000001e-05,1292.3251606608897,1292.3270247459961,-0.1,2.216,0.1,2.19835914893617,long_nclose,0.219835914893617,0.00017010882522877898,1.0
1648003140000.0,171051,1648003140000.0,0.0017640851063830177,-4.432000000000001e-05,1292.326880425996,1292.326880425996,-0.1,2.216,0.0,2.19835914893617,long_nclose,0.0,0.0,4.0
1648003740000.0,171061,1648003740000.0,0.0,-0.010347656000000002,1292.316532769996,1292.262252769996,23.6,2.1923,23.6,2.1923,long_ientry_normal,51.73828,0.040035299934685804,10.0
1648011420000.0,171189,1648011420000.0,0.1372800000000022,-0.0034474440000000005,1292.450365325996,1292.619425325996,-7.8,2.2099,15.8,2.1923,long_nclose,34.63834,0.02680051855706129,128.0
1648011840000.0,171196,1648011840000.0,0.09152000000000148,-0.0022982960000000005,1292.539587029996,1292.843807029996,-5.2,2.2099,10.6,2.1923,long_nclose,23.23838,0.017978853594261872,7.0
1648011900000.0,171197,1648011900000.0,0.1976900000000006,-0.002363376,1292.734913653996,1292.913523653996,-5.3,2.2296,5.3,2.1923,long_nclose,11.61919,0.00898806853383238,1.0
1648012200000.0,171202,1648012200000.0,0.029920000000000477,-0.0007513660000000001,1292.764082287996,1292.820602287996,-1.7,2.2099,3.6,2.1923,long_nclose,7.8922799999999995,0.00610496540562286,5.0
1648012260000.0,171203,1648012260000.0,0.021120000000000336,-0.000530376,1292.7846719119962,1292.8271519119962,-1.2,2.2099,2.4,2.1923,long_nclose,5.26152,0.004069912116314269,1.0
1648012740000.0,171211,1648012740000.0,0.014080000000000226,-0.00035358400000000005,1292.798398327996,1292.820318327996,-0.8,2.2099,1.6,2.1923,long_nclose,3.50768,0.002713245935744164,8.0
1648012800000.0,171212,1648012800000.0,0.008800000000000141,-0.00022099000000000004,1292.8069773379962,1292.8242473379962,-0.5,2.2099,1.1,2.1923,long_nclose,2.41153,0.0018653442024002325,1.0
1648012860000.0,171213,1648012860000.0,0.005280000000000084,-0.000132594,1292.8121247439963,1292.8238847439964,-0.3,2.2099,0.8,2.1923,long_nclose,1.75384,0.001356608563945281,1.0
1648012920000.0,171214,1648012920000.0,0.0035200000000000565,-8.839600000000001e-05,1292.8155563479963,1292.8267763479964,-0.2,2.2099,0.6,2.1923,long_nclose,1.31538,0.001017453722258529,1.0
1648013220000.0,171219,1648013220000.0,0.0035200000000000565,-8.839600000000001e-05,1292.8189879519964,1292.8256679519964,-0.2,2.2099,0.4,2.1923,long_nclose,0.87692,0.0006783006810482899,5.0
1648013280000.0,171220,1648013280000.0,0.0017600000000000283,-4.4198000000000006e-05,1292.8207037539964,1292.8275137539965,-0.1,2.2099,0.3,2.1923,long_nclose,0.65769,0.000508724835617382,1.0
1648013880000.0,171230,1648013880000.0,0.003730000000000011,-4.4592e-05,1292.8243891619964,1292.8313291619963,-0.1,2.2296,0.2,2.1923,long_nclose,0.43846,0.0003391489236091903,10.0
1648013940000.0,171231,1648013940000.0,0.003730000000000011,-4.4592e-05,1292.8280745699963,1292.8313445699962,-0.1,2.2296,0.1,2.1923,long_nclose,0.21923,0.0001695739784061523,1.0
1648014180000.0,171235,1648014180000.0,0.003730000000000011,-4.4592e-05,1292.8317599779962,1292.8317599779962,-0.1,2.2296,0.0,2.1923,long_nclose,0.0,0.0,4.0
1648088640000.0,172476,1648088640000.0,0.0,-0.0103569,1292.8214030779961,1292.7977030779962,23.7,2.185,23.7,2.185,long_ientry_normal,51.7845,0.040055416685328374,1241.0
1648089600000.0,172492,1648089600000.0,0.13825000000000057,-0.0034799500000000003,1292.9561731279962,1293.2405731279962,-7.9,2.2025,15.8,2.185,long_nclose,34.523,0.026700827698188653,16.0
1648090020000.0,172499,1648090020000.0,0.09100000000000037,-0.0022906000000000003,1293.0448825279962,1293.3098825279963,-5.2,2.2025,10.6,2.185,long_nclose,23.161,0.017911984582250982,7.0
1648090500000.0,172507,1648090500000.0,0.19715999999999947,-0.002355532,1293.2396869959962,1293.435786995996,-5.3,2.2222,5.3,2.185,long_nclose,11.5805,0.008954643223871194,8.0
1648090680000.0,172510,1648090680000.0,0.09671999999999974,-0.001155544,1293.335251451996,1293.421651451996,-2.6,2.2222,2.7,2.185,long_nclose,5.899500000000001,0.00456146230714486,3.0
1648090800000.0,172512,1648090800000.0,0.04835999999999987,-0.000577772,1293.383033679996,1293.437633679996,-1.3,2.2222,1.4,2.185,long_nclose,3.0589999999999997,0.0023651152986724935,2.0
1648090980000.0,172515,1648090980000.0,0.026039999999999928,-0.000311108,1293.408762571996,1293.433962571996,-0.7,2.2222,0.7,2.185,long_nclose,1.5294999999999999,0.0011825341255292927,3.0
1648091040000.0,172516,1648091040000.0,0.01115999999999997,-0.000133332,1293.4197892399961,1293.435389239996,-0.3,2.2222,0.4,2.185,long_nclose,0.8740000000000001,0.0006757280252481339,1.0
1648091220000.0,172519,1648091220000.0,0.0074399999999999805,-8.888800000000001e-05,1293.4271403519963,1293.4349403519964,-0.2,2.2222,0.2,2.185,long_nclose,0.43700000000000006,0.0003378620923951494,3.0
1648091700000.0,172527,1648091700000.0,0.0037199999999999902,-4.4444000000000003e-05,1293.4308159079962,1293.4348159079962,-0.1,2.2222,0.1,2.185,long_nclose,0.21850000000000003,0.0001689305661444379,8.0
1648091880000.0,172530,1648091880000.0,0.0037199999999999902,-4.4444000000000003e-05,1293.4344914639962,1293.4344914639962,-0.1,2.2222,0.0,2.185,long_nclose,0.0,0.0,3.0
1648094100000.0,172567,1648094100000.0,0.0,-0.010330355999999999,1293.4241611079963,1293.4146811079963,23.7,2.1794,23.7,2.1794,long_ientry_normal,51.651779999999995,0.03993413881781296,37.0
1648095360000.0,172588,1648095360000.0,0.13825000000000057,-0.0034711019999999998,1293.5589400059962,1293.8528200059961,-7.9,2.1969,15.8,2.1794,long_nclose,34.43452,0.02661998532501378,21.0
1648095540000.0,172591,1648095540000.0,0.09100000000000037,-0.002284776,1293.6476552299962,1293.8978152299962,-5.2,2.1969,10.6,2.1794,long_nclose,23.101639999999996,0.017857752771091893,3.0
1648096020000.0,172599,1648096020000.0,0.1966300000000007,-0.00234949,1293.8419357399962,1294.0147157399963,-5.3,2.2165,5.3,2.1794,long_nclose,11.550819999999998,0.008927535644756835,8.0
1648096260000.0,172603,1648096260000.0,0.09646000000000035,-0.00115258,1293.9372431599961,1294.038763159996,-2.6,2.2165,2.7,2.1794,long_nclose,5.88438,0.004547654865880071,4.0
1648096380000.0,172605,1648096380000.0,0.048230000000000176,-0.00057629,1293.9848968699962,1294.0389368699962,-1.3,2.2165,1.4,2.1794,long_nclose,3.0511599999999994,0.002357956423896764,2.0
1648096620000.0,172609,1648096620000.0,0.02597000000000009,-0.00031030999999999995,1294.010556559996,1294.036876559996,-0.7,2.2165,0.7,2.1794,long_nclose,1.5255799999999997,0.001178954833301831,4.0
1648097340000.0,172621,1648097340000.0,0.01113000000000004,-0.00013298999999999999,1294.021553569996,1294.0353935699961,-0.3,2.2165,0.4,2.1794,long_nclose,0.87176,0.0006736827509518333,12.0
1648097460000.0,172623,1648097460000.0,0.007420000000000027,-8.866000000000001e-05,1294.028884909996,1294.0360049099959,-0.2,2.2165,0.2,2.1794,long_nclose,0.43588,0.0003368394670960663,2.0
1648097520000.0,172624,1648097520000.0,0.0037100000000000136,-4.4330000000000004e-05,1294.0325505799958,1294.0366105799958,-0.1,2.2165,0.1,2.1794,long_nclose,0.21794,0.00016841925645712507,1.0
1648097640000.0,172626,1648097640000.0,0.0037100000000000136,-4.4330000000000004e-05,1294.0362162499957,1294.0362162499957,-0.1,2.2165,0.0,2.1794,long_nclose,0.0,0.0,2.0
1648126020000.0,173099,1648126020000.0,0.0,-0.010359144,1294.0258571059958,1293.9005371059957,24.1,2.1492,24.1,2.1492,long_ientry_normal,51.79572,0.04002680449974759,473.0
1648126140000.0,173101,1648126140000.0,0.0,-0.010344854,1294.0155122519957,1293.3659222519957,24.7,2.0941,48.8,2.1213112704918036,long_rentry,103.51999,0.07999903325721539,2.0
1648126680000.0,173110,1648126680000.0,0.2752174180327836,-0.006928091999999999,1294.2838015780285,1294.8278541599957,-16.2,2.1383,32.6,2.1213112704918036,long_nclose,69.1547474180328,0.053430899261597276,9.0
1648126740000.0,173111,1648126740000.0,0.18347827868852243,-0.004618728000000001,1294.462661128717,1294.8918754319957,-10.8,2.1383,21.8,2.1213112704918036,long_nclose,46.244585696721316,0.03572492825432136,1.0
1648127760000.0,173128,1648127760000.0,0.12231885245901496,-0.0030791520000000004,1294.581900829176,1294.8547562799956,-7.2,2.1383,14.6,2.1213112704918036,long_nclose,30.97114454918033,0.023923665647838425,17.0
1648127820000.0,173129,1648127820000.0,0.0,-0.0041088,1294.577792029176,1294.7296474799957,9.6,2.14,24.2,2.1287249813710885,long_ientry_partial,51.51514454918034,0.039793008088323006,1.0
1648130280000.0,173170,1648130280000.0,0.1366001490312918,-0.00343328,1294.710958898207,1294.9584141999956,-8.0,2.1458,16.2,2.1287249813710885,long_nclose,34.485344698211634,0.02663555480179028,41.0
1648130340000.0,173171,1648130340000.0,0.09220510059612197,-0.002317464,1294.8008465348032,1294.9658167359955,-5.4,2.1458,10.8,2.1287249813710885,long_nclose,22.990229798807757,0.01775580380591742,1.0
1648130400000.0,173172,1648130400000.0,0.06147006706408131,-0.001544976,1294.8607716258673,1294.9851517599955,-3.6,2.1458,7.2,2.1287249813710885,long_nclose,15.326819865871837,0.011836654721284827,1.0
1648131240000.0,173186,1648131240000.0,0.04098004470938754,-0.001029984,1294.9007216865766,1294.9884417759954,-2.4,2.1458,4.8,2.1287249813710885,long_nclose,10.217879910581225,0.007890859692527381,14.0
1648131480000.0,173190,1648131480000.0,0.02732002980625836,-0.000686656,1294.927355060383,1294.9506351199955,-1.6,2.1458,3.2,2.1287249813710885,long_nclose,6.811919940387483,0.005260464931694829,4.0
1648133220000.0,173219,1648133220000.0,0.017075018628911476,-0.00042916,1294.9440009190118,1295.0062059599954,-1.0,2.1458,2.2,2.1287249813710885,long_nclose,4.683194959016395,0.003616523151343044,29.0
1648133820000.0,173229,1648133820000.0,0.03990252049180274,-0.0004763000000000001,1294.9834271395036,1295.0233296599954,-1.1,2.165,1.1,2.1287249813710885,long_nclose,2.3415974795081973,0.001808206522519416,10.0
1648133880000.0,173230,1648133880000.0,0.01813750931445579,-0.0002165,1295.0013481488181,1295.0231131599955,-0.5,2.165,0.6,2.1287249813710885,long_nclose,1.277234988822653,0.0009862808178913776,1.0
1648133940000.0,173231,1648133940000.0,0.010882505588673473,-0.00012989999999999999,1295.0121007544067,1295.0265832599953,-0.3,2.165,0.3,2.1287249813710885,long_nclose,0.6386174944113265,0.0004931363143551332,1.0
1648134120000.0,173234,1648134120000.0,0.016642505588673504,-0.00013105200000000002,1295.0286122079954,1295.0286122079954,-0.3,2.1842,0.0,2.1287249813710885,long_nclose,0.0,0.0,3.0
1648385940000.0,177431,1648385940000.0,0.0,-0.010355208000000003,1295.0182569999954,1294.9970169999954,23.6,2.1939,23.6,2.1939,long_ientry_normal,51.77604000000001,0.03998093441550623,4197.0
1648386960000.0,177448,1648386960000.0,0.13727999999999874,-0.0034499400000000003,1295.1520870599952,1295.4696670599951,-7.8,2.2115,15.8,2.1939,long_nclose,34.66362,0.026764130905032685,17.0
1648387320000.0,177454,1648387320000.0,0.09151999999999916,-0.00229996,1295.241307099995,1295.4543670999951,-5.2,2.2115,10.6,2.1939,long_nclose,23.25534,0.01795444591870528,6.0
1648387440000.0,177456,1648387440000.0,0.06159999999999943,-0.00154805,1295.301359049995,1295.429869049995,-3.5,2.2115,7.1,2.1939,long_nclose,15.576690000000001,0.012025533588125251,2.0
1648387620000.0,177459,1648387620000.0,0.04047999999999963,-0.00101729,1295.340821759995,1295.427701759995,-2.3,2.2115,4.8,2.1939,long_nclose,10.53072,0.00812969052090228,3.0
1648388100000.0,177467,1648388100000.0,0.02815999999999974,-0.00070768,1295.368274079995,1295.422994079995,-1.6,2.2115,3.2,2.1939,long_nclose,7.020480000000001,0.005419678820670618,8.0
1648388160000.0,177468,1648388160000.0,0.017599999999999838,-0.0004423,1295.3854317799949,1295.4252517799948,-1.0,2.2115,2.2,2.1939,long_nclose,4.826580000000001,0.0037259798370341216,1.0
1648390080000.0,177500,1648390080000.0,0.04113999999999987,-0.0004908860000000001,1295.4260808939948,1295.4657908939948,-1.1,2.2313,1.1,2.1939,long_nclose,2.4132900000000004,0.0018629314598441228,32.0
1648390140000.0,177501,1648390140000.0,0.01869999999999994,-0.00022313,1295.444557763995,1295.467417763995,-0.5,2.2313,0.6,2.1939,long_nclose,1.31634,0.0010161299394179182,1.0
1648390260000.0,177503,1648390260000.0,0.011219999999999963,-0.000133878,1295.455643885995,1295.467073885995,-0.3,2.2313,0.3,2.1939,long_nclose,0.65817,0.000508060621840883,2.0
1648392600000.0,177542,1648392600000.0,0.0017599999999999838,-4.423e-05,1295.457359655995,1295.460979655995,-0.1,2.2115,0.2,2.1939,long_nclose,0.43878000000000006,0.0003387066326262694,39.0
1648392840000.0,177546,1648392840000.0,0.0017599999999999838,-4.423e-05,1295.4590754259953,1295.4608854259952,-0.1,2.2115,0.1,2.1939,long_nclose,0.21939000000000003,0.00016935309201323586,4.0
1648393140000.0,177551,1648393140000.0,0.0017599999999999838,-4.423e-05,1295.4607911959954,1295.4607911959954,-0.1,2.2115,0.0,2.1939,long_nclose,0.0,0.0,5.0
1648568880000.0,180480,1648568880000.0,0.0,-0.010356944,1295.4504342519954,1296.1453142519954,20.2,2.5636,20.2,2.5636,long_ientry_normal,51.78472,0.03997429668538492,2929.0
1648569240000.0,180486,1648569240000.0,0.13801999999999967,-0.0034628280000000007,1295.5849914239955,1295.9818914239954,-6.7,2.5842,13.5,2.5636,long_nclose,34.6086,0.026712720685318537,6.0
1648569360000.0,180488,1648569360000.0,0.09269999999999978,-0.00232578,1295.6753656439953,1295.8679656439954,-4.5,2.5842,9.0,2.5636,long_nclose,23.072400000000002,0.017807238303502223,2.0
1648569540000.0,180491,1648569540000.0,0.061799999999999855,-0.0015505200000000001,1295.7356151239953,1295.8940151239954,-3.0,2.5842,6.0,2.5636,long_nclose,15.3816,0.0118709401983429,3.0
1648569720000.0,180494,1648569720000.0,0.0,-0.007277784,1295.7283373399953,1295.5890173399953,14.2,2.5626,20.2,2.5628970297029703,long_ientry_partial,51.77052,0.03995476405670023,3.0
1648570620000.0,180509,1648570620000.0,0.13803990099009847,-0.00346189,1295.8629153509855,1295.9993054499955,-6.7,2.5835,13.5,2.5628970297029703,long_nclose,34.5991099009901,0.026699668221942214,15.0
1648570800000.0,180512,1648570800000.0,0.0927133663366333,-0.0023251500000000002,1295.9533035673223,1296.1792302999957,-4.5,2.5835,9.0,2.5628970297029703,long_nclose,23.066073267326733,0.017798537342228006,3.0
1648571340000.0,180521,1648571340000.0,0.061808910891088864,-0.0015501,1296.0135623782135,1296.1401801999957,-3.0,2.5835,6.0,2.5628970297029703,long_nclose,15.377382178217822,0.011865139860110712,9.0
1648571460000.0,180523,1648571460000.0,0.0,-0.007319026,1296.0062433522135,1296.0220311739956,14.3,2.5591,20.3,2.560222274789055,long_ientry_partial,51.97251217821782,0.040102053863403604,2.0
1648571820000.0,180529,1648571820000.0,0.13787075891333098,-0.0034582720000000005,1296.1406558391268,1296.4776329019955,-6.7,2.5808,13.6,2.560222274789055,long_nclose,34.819022937131145,0.026863614516118364,6.0
1648572600000.0,180542,1648572600000.0,0.09259976344925214,-0.00232272,1296.230932882576,1296.4291101819956,-4.5,2.5808,9.1,2.560222274789055,long_nclose,23.2980227005804,0.01797366665889537,13.0
1648572900000.0,180547,1648572900000.0,0.06173317563283476,-0.00154848,1296.2911175782087,1296.4300617019956,-3.0,2.5808,6.1,2.560222274789055,long_nclose,15.617355876213235,0.012047722663864507,5.0
1648573140000.0,180551,1648573140000.0,0.04115545042188984,-0.00103232,1296.3312407086307,1296.4369293819957,-2.0,2.5808,4.1,2.560222274789055,long_nclose,10.496911326635125,0.008097399026576772,4.0
1648573860000.0,180563,1648573860000.0,0.0,-0.00827982,1296.3229608886306,1296.3137495619956,16.2,2.5555,20.3,2.5564537599327646,long_ientry_partial,51.896011326635126,0.040033242403621674,12.0
1648577100000.0,180617,1648577100000.0,0.13765980845047704,-0.0034531799999999997,1296.4571675170812,1296.7637963819957,-6.7,2.577,13.6,2.5564537599327646,long_nclose,34.767771135085596,0.026817523946179672,54.0
1648578840000.0,180646,1648578840000.0,0.0,-0.003463376,1296.4537041410813,1296.4094530059956,6.8,2.5466,20.4,2.5531691732885102,long_ientry_partial,52.08465113508561,0.04017470964733941,29.0
1648580040000.0,180666,1648580040000.0,0.1396096216381311,-0.003500232,1296.5898135307193,1296.8867127739957,-6.8,2.5737,13.6,2.5531691732885102,long_nclose,34.72310075672374,0.02678032820739962,20.0
1648580340000.0,180671,1648580340000.0,0.09238872020170441,-0.00231633,1296.679885920921,1296.8694464439955,-4.5,2.5737,9.1,2.5531691732885102,long_nclose,23.233839476925443,0.017917945461477125,5.0
1648580460000.0,180673,1648580460000.0,0.06159248013446961,-0.00154422,1296.7399341810556,1296.8731022239956,-3.0,2.5737,6.1,2.5531691732885102,long_nclose,15.574331957059911,0.012010374282870944,2.0
1648580940000.0,180681,1648580940000.0,0.13059248013446867,-0.0015580199999999998,1296.8689686411901,1297.0234442039957,-3.0,2.5967,3.1,2.5531691732885102,long_nclose,7.914824437194382,0.0061030255396481835,8.0
1648583040000.0,180716,1648583040000.0,0.06529624006723433,-0.0007790099999999999,1296.9334858712573,1297.0052151939956,-1.5,2.5967,1.6,2.5531691732885102,long_nclose,4.0850706772616165,0.003149791968334704,35.0
1648583880000.0,180730,1648583880000.0,0.03482466136919165,-0.00041547200000000006,1296.9678950606265,1297.0005597219956,-0.8,2.5967,0.8,2.5531691732885102,long_nclose,2.0425353386308083,0.0015748542014105372,14.0
1648583940000.0,180731,1648583940000.0,0.017412330684595825,-0.00020773600000000003,1296.9850996553112,1297.0086319859959,-0.4,2.5967,0.4,2.5531691732885102,long_nclose,1.0212676693154041,0.0007874166554317531,1.0
1648583940000.0,180731,1648583940000.0,0.026612330684595877,-0.000209576,1297.0115024099957,1297.0115024099957,-0.4,2.6197,0.0,2.5531691732885102,long_nclose,0.0,0.0,0.0
1648647420000.0,181789,1648647420000.0,0.0,-0.010390352000000002,1297.0011120579957,1297.0173520579956,20.3,2.5592,20.3,2.5592,long_ientry_normal,51.95176000000001,0.04005529333553646,1058.0
1648648140000.0,181801,1648648140000.0,0.13734999999999828,-0.003456798,1297.1350052599958,1297.3770852599957,-6.7,2.5797,13.6,2.5592,long_nclose,34.80512,0.026832303390828403,12.0
1648648200000.0,181802,1648648200000.0,0.09224999999999883,-0.0023217299999999997,1297.2249335299957,1297.4142135299958,-4.5,2.5797,9.1,2.5592,long_nclose,23.28872,0.017952723076812102,1.0
1648648980000.0,181815,1648648980000.0,0.0,-0.00572096,1297.2192125699958,1297.2327925699958,11.2,2.554,20.3,2.5563310344827586,long_ientry_partial,51.89352,0.04000366283289218,13.0
1648649820000.0,181829,1648649820000.0,0.13714206896551753,-0.0034529120000000003,1297.3529017269611,1297.7155996579957,-6.7,2.5768,13.6,2.5563310344827586,long_nclose,34.766102068965516,0.02679772174763466,14.0
1648650540000.0,181841,1648650540000.0,0.0921103448275864,-0.00231912,1297.4426929517888,1297.6216805379956,-4.5,2.5768,9.1,2.5563310344827586,long_nclose,23.262612413793104,0.017929587595787177,12.0
1648650600000.0,181842,1648650600000.0,0.061406896551724266,-0.00154608,1297.5025537683405,1297.6164344579956,-3.0,2.5768,6.1,2.5563310344827586,long_nclose,15.593619310344826,0.01201818005294574,1.0
1648651200000.0,181852,1648651200000.0,0.040937931034482844,-0.00103072,1297.542460979375,1297.6108037379956,-2.0,2.5768,4.1,2.5563310344827586,long_nclose,10.48095724137931,0.008077544709764923,10.0
1648651260000.0,181853,1648651260000.0,0.02660965517241385,-0.0006699680000000001,1297.5684006665474,1297.6178737699956,-1.3,2.5768,2.8,2.5563310344827586,long_nclose,7.157726896551724,0.005516261719131626,1.0
1648651560000.0,181858,1648651560000.0,0.01842206896551728,-0.000463824,1297.586358911513,1297.6370299459957,-0.9,2.5768,1.9,2.5563310344827586,long_nclose,4.857028965517241,0.003743125790557466,5.0
1648652700000.0,181877,1648652700000.0,0.012281379310344853,-0.000309216,1297.5983310748231,1297.6252007299956,-0.6,2.5768,1.3,2.5563310344827586,long_nclose,3.323230344827586,0.0025610624376149567,19.0
1648653240000.0,181886,1648653240000.0,0.0,-0.009709676,1297.588621398823,1297.4514110539956,19.1,2.5418,20.4,2.54272599729547,long_ientry_partial,51.87161034482759,0.03997538934096778,9.0
1648655400000.0,181922,1648655400000.0,0.1385432183908028,-0.003485816,1297.723678801214,1297.9994052379955,-6.8,2.5631,13.6,2.54272599729547,long_nclose,34.58107356321839,0.026647486000381086,36.0
1648655460000.0,181923,1648655460000.0,0.09168301217038421,-0.00230679,1297.8130550233843,1298.0066484479955,-4.5,2.5631,9.1,2.54272599729547,long_nclose,23.138806575388777,0.01782907521682455,1.0
1648656660000.0,181943,1648656660000.0,0.06112200811358948,-0.00153786,1297.872639171498,1297.9841105879955,-3.0,2.5631,6.1,2.54272599729547,long_nclose,15.510628583502367,0.01195080943643564,20.0
1648656840000.0,181946,1648656840000.0,0.04074800540905965,-0.00102524,1297.912361936907,1297.9995853479957,-2.0,2.5631,4.1,2.54272599729547,long_nclose,10.425176588911427,0.008032265424572792,3.0
1648657200000.0,181952,1648657200000.0,0.08654800540905949,-0.0010344,1297.997875542316,1298.0950509479956,-2.0,2.586,2.1,2.54272599729547,long_nclose,5.339724594320487,0.004113816127849592,6.0
1648658220000.0,181969,1648658220000.0,0.13896540567951324,-0.0010957380000000002,1298.1357452099955,1298.1357452099955,-2.1,2.6089,0.0,2.54272599729547,long_nclose,0.0,0.0,17.0
1648734900000.0,183247,1648734900000.0,0.0,-0.010406232,1298.1253389779956,1298.3111789779957,20.2,2.5758,20.2,2.5758,long_ientry_normal,52.03116,0.04008176902313897,1278.0
1648735440000.0,183256,1648735440000.0,0.0,-0.010390158,1298.1149488199956,1293.1927988199955,20.7,2.5097,40.9,2.542345965770171,long_rentry,103.98195,0.08010226682507665,9.0
1648735440000.0,183256,1648735440000.0,0.0,-0.01041556,1298.1045332599956,1292.4509832599956,21.2,2.4565,62.1,2.513039452495974,long_rentry,156.05974999999998,0.12022125029336368,0.0
1648735440000.0,183256,1648735440000.0,0.0,-0.015505588000000004,1298.0890276719956,1292.8959376719956,32.2,2.4077,94.3,2.4770698833510076,long_rentry,233.58769,0.179947357246304,0.0
1648735560000.0,183258,1648735560000.0,0.6258056627783565,-0.01568116,1298.6991521747739,1300.3301565119955,-31.4,2.497,62.9,2.4770698833510076,long_nclose,155.80769566277837,0.119972123953316,2.0
1648735800000.0,183262,1648735800000.0,0.41653943796393794,-0.010437459999999999,1299.1052541527379,1300.6563190519955,-20.9,2.497,42.0,2.4770698833510076,long_nclose,104.03693510074233,0.08008353038999451,4.0
1648735860000.0,183263,1648735860000.0,0.8868324496288369,-0.01058106,1299.9815055423667,1300.2740379919956,-21.0,2.5193,21.0,2.4770698833510076,long_nclose,52.01846755037116,0.040014775078410426,1.0
1648735980000.0,183265,1648735980000.0,0.13951081654294573,-0.0034958,1300.1175205589095,1300.5365421919955,-7.0,2.497,14.0,2.4770698833510076,long_nclose,34.67897836691411,0.02667372588903033,2.0
1648736040000.0,183266,1648736040000.0,0.0,-0.0033593800000000004,1300.1141611789096,1300.3882828119956,6.7,2.507,20.7,2.486757409029667,long_ientry_partial,51.4758783669141,0.039593352571621186,1.0
1648736100000.0,183267,1648736100000.0,0.13760387769529783,-0.0034592460000000005,1300.248305810605,1300.5966535659957,-6.9,2.5067,13.8,2.486757409029667,long_nclose,34.317252244609406,0.026392845190607833,1.0
1648736160000.0,183268,1648736160000.0,0.0,-0.0034665600000000005,1300.2448392506049,1300.4068870059955,6.9,2.512,20.7,2.4951716060197784,long_ientry_partial,51.65005224460941,0.039723328011344296,1.0
1648738500000.0,183307,1648738500000.0,0.13819591846352983,-0.0034709760000000006,1300.3795641930683,1300.6669960299953,-6.9,2.5152,13.8,2.4951716060197784,long_nclose,34.43336816307294,0.02647947500193151,39.0
1648738560000.0,183308,1648738560000.0,0.0,-0.0034720800000000007,1300.3760921130684,1300.5600239499954,6.9,2.516,20.7,2.5021144040131857,long_ientry_partial,51.79376816307294,0.03982983728877218,1.0
1648742760000.0,183378,1648742760000.0,0.0,-0.010385880000000002,1300.3657062330683,1298.3665380699954,21.3,2.438,42.0,2.469599241977927,long_rentry,103.72316816307294,0.07976461365129414,70.0
1648744140000.0,183401,1648744140000.0,0.0,-0.010404704,1300.3553015290684,1297.2820133659955,21.8,2.3864,63.8,2.441170660863212,long_rentry,155.74668816307295,0.1197724098790021,23.0
1648744320000.0,183404,1648744320000.0,0.0,-0.015484842,1300.3398166870684,1291.5893185239954,33.1,2.3391,96.9,2.4063044186075637,long_rentry,233.17089816307293,0.1793153567789168,3.0
1648779960000.0,183998,1648779960000.0,0.0,-0.022902596,1300.3169140910684,1282.8026359279954,50.3,2.2766,147.2,2.3619828679556587,long_rentry,347.68387816307296,0.2673839541694393,594.0
1648801260000.0,184353,1648801260000.0,0.9269394701727243,-0.02333282,1301.2205207412412,1303.2844031079956,-49.0,2.3809,98.2,2.3619828679556587,long_nclose,231.9467176332457,0.17825319685330285,355.0
1648802580000.0,184375,1648802580000.0,0.6185902178499609,-0.015571086000000003,1301.8235398730912,1303.0691620219957,-32.7,2.3809,65.5,2.3619828679556587,long_nclose,154.70987785109565,0.1188408974892078,22.0
1648802700000.0,184377,1648802700000.0,0.4123934785666406,-0.010380724000000001,1302.2255526276579,1303.0129012979955,-21.8,2.3809,43.7,2.3619828679556587,long_nclose,103.2186513296623,0.07926326673699924,2.0
1648814520000.0,184574,1648814520000.0,0.0,-0.010454307999999999,1302.215098319658,1298.8393069899957,22.9,2.2826,66.6,2.334687557502437,long_rentry,155.49019132966228,0.11940438375373046,197.0
1648818720000.0,184644,1648818720000.0,0.4154162234459057,-0.010449096000000001,1302.6200654471038,1305.2535378939956,-22.2,2.3534,44.4,2.334687557502437,long_nclose,103.6601275531082,0.07957817502030301,70.0
1648818720000.0,184644,1648818720000.0,0.8838362234458984,-0.01054278,1303.4933588905499,1304.8100951139959,-22.2,2.3745,22.2,2.334687557502437,long_nclose,51.8300637765541,0.0397624302594595,0.0
1648818780000.0,184645,1648818780000.0,1.3500362234459062,-0.010636020000000001,1304.8327590939957,1304.8327590939957,-22.2,2.3955,0.0,2.334687557502437,long_nclose,0.0,0.0,1.0
1648913880000.0,186230,1648913880000.0,0.0,-0.010423278000000001,1304.8223358159958,1304.7043458159958,20.7,2.5177,20.7,2.5177,long_ientry_normal,52.11639,0.03994136869783733,1585.0
1648914000000.0,186232,1648914000000.0,0.13937999999999998,-0.0035023020000000005,1304.9582135139958,1305.1417535139958,-6.9,2.5379,13.8,2.5177,long_nclose,34.744260000000004,0.026624806557169783,2.0
1648914120000.0,186234,1648914120000.0,0.09291999999999997,-0.002334868,1305.048798645996,1305.336758645996,-4.6,2.5379,9.2,2.5177,long_nclose,23.16284,0.01774863899651241,2.0
1648914540000.0,186241,1648914540000.0,0.06059999999999999,-0.00152274,1305.107875905996,1305.171735905996,-3.0,2.5379,6.2,2.5177,long_nclose,15.60974,0.01196049789306791,7.0
1648914780000.0,186245,1648914780000.0,0.0,-0.00729814,1305.100577765996,1305.122737765996,14.5,2.5166,20.7,2.516929468599034,long_ientry_partial,52.10044,0.039920632085829626,4.0
1648914900000.0,186247,1648914900000.0,0.13917666666666637,-0.0035011980000000005,1305.2362532346624,1305.6650265679957,-6.9,2.5371,13.8,2.516929468599034,long_nclose,34.73362666666667,0.026610988302377528,2.0
1648914960000.0,186248,1648914960000.0,0.295806666666666,-0.0035325240000000004,1305.528527377329,1305.8257140439957,-6.9,2.5598,6.9,2.516929468599034,long_nclose,17.366813333333337,0.013302515394452128,1.0
1648915140000.0,186251,1648915140000.0,0.14575980676328468,-0.001740664,1305.6725465200923,1305.8127933799956,-3.4,2.5598,3.5,2.516929468599034,long_nclose,8.809253140096619,0.006746908452333809,3.0
1648915200000.0,186252,1648915200000.0,0.07287990338164234,-0.000870332,1305.744556091474,1305.8220830479956,-1.7,2.5598,1.8,2.516929468599034,long_nclose,4.530473043478262,0.003469647276983079,1.0
1648915560000.0,186258,1648915560000.0,0.038583478260869476,-0.000460764,1305.7826788057346,1305.8295422839954,-0.9,2.5598,0.9,2.516929468599034,long_nclose,2.265236521739131,0.0017347729897986626,6.0
1648915800000.0,186262,1648915800000.0,0.017148212560386435,-0.00020478400000000004,1305.799622234295,1305.8221574999955,-0.4,2.5598,0.5,2.516929468599034,long_nclose,1.258464734299517,0.0009637502667876521,4.0
1648915980000.0,186265,1648915980000.0,0.03278526570048301,-0.00025825,1305.8321492499956,1305.8321492499956,-0.5,2.5825,0.0,2.516929468599034,long_nclose,0.0,0.0,3.0
1648923120000.0,186384,1648923120000.0,0.0,-0.010464896000000001,1305.8216843539956,1306.0172043539956,20.8,2.5156,20.8,2.5156,long_ientry_normal,52.32448,0.04007015707193245,119.0
1648923240000.0,186386,1648923240000.0,0.13937999999999998,-0.0034994040000000007,1305.9575649499957,1306.2828249499958,-6.9,2.5358,13.9,2.5156,long_nclose,34.966840000000005,0.026774866916398514,2.0
1648923360000.0,186388,1648923360000.0,0.29531999999999814,-0.0035305920000000004,1306.2493543579956,1306.5181543579956,-6.9,2.5584,7.0,2.5156,long_nclose,17.6092,0.013480733935868388,2.0
1648923420000.0,186389,1648923420000.0,0.14979999999999905,-0.0017908800000000001,1306.3973634779954,1306.4967634779955,-3.5,2.5584,3.5,2.5156,long_nclose,8.8046,0.006739603313772535,1.0
1648923780000.0,186395,1648923780000.0,0.022219999999999997,-0.0005578760000000001,1306.4190256019956,1306.4943856019956,-1.1,2.5358,2.4,2.5156,long_nclose,6.03744,0.004621365642786745,6.0
1648924980000.0,186415,1648924980000.0,0.016159999999999997,-0.00040572800000000006,1306.4347798739955,1306.4690198739954,-0.8,2.5358,1.6,2.5156,long_nclose,4.02496,0.003080873275884621,20.0
1648925520000.0,186424,1648925520000.0,0.010099999999999998,-0.00025358,1306.4446262939955,1306.4648662939956,-0.5,2.5358,1.1,2.5156,long_nclose,2.7671600000000005,0.0021180844134585566,9.0
1648925580000.0,186425,1648925580000.0,0.0060599999999999985,-0.000152148,1306.4505341459953,1306.4716541459954,-0.3,2.5358,0.8,2.5156,long_nclose,2.01248,0.00154041806207039,1.0
1648925700000.0,186427,1648925700000.0,0.017119999999999892,-0.000204672,1306.4674494739952,1306.4824094739952,-0.4,2.5584,0.4,2.5156,long_nclose,1.00624,0.00077019905884768,2.0
1648926000000.0,186432,1648926000000.0,0.0020199999999999997,-5.071600000000001e-05,1306.469418757995,1306.479138757995,-0.1,2.5358,0.3,2.5156,long_nclose,0.75468,0.0005776484234261236,5.0
1648926420000.0,186439,1648926420000.0,0.004279999999999973,-5.1168e-05,1306.4736475899952,1306.481327589995,-0.1,2.5584,0.2,2.5156,long_nclose,0.50312,0.0003850977024512414,7.0
1648926480000.0,186440,1648926480000.0,0.004279999999999973,-5.1168e-05,1306.4778764219952,1306.4823164219952,-0.1,2.5584,0.1,2.5156,long_nclose,0.25156,0.00019254822797990157,1.0
1648926600000.0,186442,1648926600000.0,0.004279999999999973,-5.1168e-05,1306.4821052539953,1306.4821052539953,-0.1,2.5584,0.0,2.5156,long_nclose,0.0,0.0,2.0
1648934640000.0,186576,1648934640000.0,0.0,-0.010435776,1306.4716694779954,1306.5215894779953,20.8,2.5086,20.8,2.5086,long_ientry_normal,52.17888,0.039938776491684834,134.0
1648938240000.0,186636,1648938240000.0,0.0,-0.010461604000000001,1306.4612078739954,1305.1955078739954,21.4,2.4443,42.2,2.4759928909952604,long_rentry,104.48689999999999,0.0799770397852314,60.0
1648948800000.0,186812,1648948800000.0,0.0,-0.010478712,1306.4507291619955,1302.7692691619955,21.9,2.3924,64.1,2.4474330733229333,long_rentry,156.88046,0.12008142098143171,176.0
1648957560000.0,186958,1648957560000.0,0.41890553822151855,-0.010509846000000002,1306.8591248542168,1307.7821893159953,-21.3,2.4671,42.8,2.4474330733229333,long_nclose,104.75013553822154,0.08015411420102887,146.0
1648957680000.0,186960,1648957680000.0,0.2792703588143457,-0.007006563999999999,1307.1313886490311,1307.8054027519952,-14.2,2.4671,28.6,2.4474330733229333,long_nclose,69.9965858970359,0.05354977051647423,2.0
1648958460000.0,186973,1648958460000.0,0.18683580343213269,-0.00468749,1307.3135369624633,1307.7445652619954,-9.5,2.4671,19.1,2.4474330733229333,long_nclose,46.745971700468026,0.035757276566631496,13.0
1648959000000.0,186982,1648959000000.0,0.395835803432135,-0.004729290000000001,1307.7046434758956,1308.1324859719955,-9.5,2.4891,9.6,2.4474330733229333,long_nclose,23.49535750390016,0.017966868605321457,9.0
1648959180000.0,186985,1648959180000.0,0.20000124804992084,-0.0023895360000000003,1307.9022551879455,1308.1017764359954,-4.8,2.4891,4.8,2.4474330733229333,long_nclose,11.74767875195008,0.008982076990349664,3.0
1648959240000.0,186986,1648959240000.0,0.10000062402496042,-0.0011947680000000001,1308.0010610439704,1308.1080216679952,-2.4,2.4891,2.4,2.4474330733229333,long_nclose,5.87383937597504,0.004490699243995171,1.0
1648959360000.0,186988,1648959360000.0,0.05000031201248021,-0.0005973840000000001,1308.050463971983,1308.0979442839955,-1.2,2.4891,1.2,2.4474330733229333,long_nclose,2.93691968798752,0.0022452648188123923,2.0
1648960020000.0,186999,1648960020000.0,0.025000156006240105,-0.00029869200000000003,1308.0751654359892,1308.1037055919955,-0.6,2.4891,0.6,2.4474330733229333,long_nclose,1.46845984399376,0.0011226112098109541,11.0
1648960260000.0,187003,1648960260000.0,0.012500078003120052,-0.00014934600000000002,1308.0875161679924,1308.1002862459954,-0.3,2.4891,0.3,2.4474330733229333,long_nclose,0.73422992199688,0.0005613003051567888,4.0
1648960860000.0,187013,1648960860000.0,0.004166692667706684,-4.9782000000000005e-05,1308.0916330786602,1308.1001464639955,-0.1,2.4891,0.2,2.4474330733229333,long_nclose,0.48948661466458665,0.00037419902573075485,10.0
1648960980000.0,187015,1648960980000.0,0.004166692667706684,-4.9782000000000005e-05,1308.095749989328,1308.0997066819957,-0.1,2.4891,0.1,2.4474330733229333,long_nclose,0.24474330733229333,0.00018709892401553178,2.0
1648961160000.0,187018,1648961160000.0,0.004166692667706684,-4.9782000000000005e-05,1308.0998668999957,1308.0998668999957,-0.1,2.4891,0.0,2.4474330733229333,long_nclose,0.0,0.0,3.0
1649036580000.0,188275,1649036580000.0,0.0,-0.010476333999999999,1308.0893905659957,1308.1249205659958,20.9,2.5063,20.9,2.5063,long_ientry_normal,52.38166999999999,0.04004441162643711,1257.0
1649036940000.0,188281,1649036940000.0,0.1386900000000016,-0.0034864320000000007,1308.2245941339957,1308.5003941339955,-6.9,2.5264,14.0,2.5063,long_nclose,35.0882,0.02682123555644305,6.0
1649037000000.0,188282,1649037000000.0,0.09246000000000104,-0.002324288,1308.3147298459958,1308.4717098459957,-4.6,2.5264,9.4,2.5063,long_nclose,23.55922,0.01800730318367141,1.0
1649037360000.0,188288,1649037360000.0,0.06231000000000071,-0.0015663680000000003,1308.3754734779957,1308.5058834779957,-3.1,2.5264,6.3,2.5063,long_nclose,15.78969,0.01206816416240743,6.0
1649037780000.0,188295,1649037780000.0,0.0,-0.00731314,1308.3681603379957,1308.3881703379957,14.6,2.5045,20.9,2.5050425837320573,long_ientry_partial,52.35538999999999,0.04001579340365087,7.0
1649040300000.0,188337,1649040300000.0,0.13839617224880515,-0.0034846380000000004,1308.5030718722446,1308.7964756999959,-6.9,2.5251,14.0,2.5050425837320573,long_nclose,35.070596172248806,0.026802074008178495,42.0
1649040780000.0,188345,1649040780000.0,0.29860191387559754,-0.0035667800000000003,1308.7981070061203,1309.098808919996,-7.0,2.5477,7.0,2.5050425837320573,long_nclose,17.535298086124403,0.01339801608227907,8.0
1649041020000.0,188349,1649041020000.0,0.14930095693779877,-0.0017833900000000001,1308.9456245730582,1309.099475529996,-3.5,2.5477,3.5,2.5050425837320573,long_nclose,8.767649043062201,0.0066982530660293586,4.0
1649041200000.0,188352,1649041200000.0,0.07251760765550226,-0.000866218,1309.0172759627137,1309.078399311996,-1.7,2.5477,1.8,2.5050425837320573,long_nclose,4.509076650717703,0.003444627304403995,3.0
1649041440000.0,188356,1649041440000.0,0.03839167464114825,-0.00045858600000000003,1309.055209051355,1309.0974707259961,-0.9,2.5477,0.9,2.5050425837320573,long_nclose,2.2545383253588516,0.0017222637439353445,4.0
1649042040000.0,188366,1649042040000.0,0.05873167464114842,-0.00046265400000000006,1309.113478071996,1309.113478071996,-0.9,2.5703,0.0,2.5050425837320573,long_nclose,0.0,0.0,10.0
1649066880000.0,188780,1649066880000.0,0.0,-0.010495271999999998,1309.102982799996,1309.139022799996,21.2,2.4753,21.2,2.4753,long_ientry_normal,52.47635999999999,0.04008573862367962,414.0
1649067480000.0,188790,1649067480000.0,0.13930000000000176,-0.00349328,1309.238789519996,1309.617929519996,-7.0,2.4952,14.2,2.4753,long_nclose,35.14926,0.02684709640545153,10.0
1649067960000.0,188798,1649067960000.0,0.09353000000000118,-0.0023454880000000006,1309.3299740319962,1309.5171240319962,-4.7,2.4952,9.5,2.4753,long_nclose,23.515349999999998,0.017959834775328646,8.0
1649068740000.0,188811,1649068740000.0,0.0,-0.005779098,1309.3241949339963,1309.1925549339962,11.7,2.4697,21.2,2.472209433962264,long_ientry_partial,52.41083999999999,0.040028925000230406,13.0
1649069940000.0,188831,1649069940000.0,0.13923396226415496,-0.0034889400000000003,1309.4599399562605,1309.7551659939963,-7.0,2.4921,14.2,2.472209433962264,long_nclose,35.105373962264146,0.026809047677653092,20.0
1649070360000.0,188838,1649070360000.0,0.0934856603773612,-0.002342574,1309.5510830426379,1309.7770934199964,-4.7,2.4921,9.5,2.472209433962264,long_nclose,23.485989622641505,0.01793438219154741,7.0
1649070720000.0,188844,1649070720000.0,0.19782566037736013,-0.0023634420000000003,1309.7465452610152,1309.9471399779964,-4.7,2.5143,4.8,2.472209433962264,long_nclose,11.866605283018865,0.009060230260545568,6.0
1649070780000.0,188845,1649070780000.0,0.10101735849056688,-0.001206864,1309.8463557555056,1309.941853113996,-2.4,2.5143,2.4,2.472209433962264,long_nclose,5.9333026415094325,0.00452976993480061,1.0
1649070840000.0,188846,1649070840000.0,0.05050867924528344,-0.000603432,1309.8962610027509,1309.9524096819962,-1.2,2.5143,1.2,2.472209433962264,long_nclose,2.9666513207547163,0.0022647986783958657,1.0
1649071260000.0,188853,1649071260000.0,0.02525433962264172,-0.000301716,1309.9212136263736,1309.9456879659963,-0.6,2.5143,0.6,2.472209433962264,long_nclose,1.4833256603773581,0.0011323777681796093,7.0
1649071380000.0,188855,1649071380000.0,0.01262716981132086,-0.000150858,1309.933689938185,1309.9468271079961,-0.3,2.5143,0.3,2.472209433962264,long_nclose,0.7416628301886791,0.0005661834914893118,2.0
1649071560000.0,188858,1649071560000.0,0.00420905660377362,-5.0286e-05,1309.9378487087886,1309.946406821996,-0.1,2.5143,0.2,2.472209433962264,long_nclose,0.49444188679245277,0.0003774544626524276,3.0
1649072940000.0,188881,1649072940000.0,0.00420905660377362,-5.0286e-05,1309.9420074793923,1309.946086535996,-0.1,2.5143,0.1,2.472209433962264,long_nclose,0.24722094339622638,0.00018872663215979476,23.0
1649073360000.0,188888,1649073360000.0,0.00420905660377362,-5.0286e-05,1309.946166249996,1309.946166249996,-0.1,2.5143,0.0,2.472209433962264,long_nclose,0.0,0.0,7.0
1649084280000.0,189070,1649084280000.0,0.0,-0.01047566,1309.9356905899958,1309.8883905899959,21.5,2.4362,21.5,2.4362,long_ientry_normal,52.378299999999996,0.03998539804378395,182.0
1649094060000.0,189233,1649094060000.0,0.0,-0.010491754,1309.9251988359958,1308.5073288359958,22.1,2.3737,43.6,2.40451995412844,long_rentry,104.83706999999998,0.08003286759668306,163.0
1649101860000.0,189363,1649101860000.0,0.279560665137621,-0.00702902,1310.1977304811335,1310.7645998159958,-14.5,2.4238,29.1,2.40451995412844,long_nclose,69.9715306651376,0.053405321225402,130.0
1649102220000.0,189369,1649102220000.0,0.18701644495413267,-0.004702172,1310.3800447540877,1310.777357643996,-9.7,2.4238,19.4,2.40451995412844,long_nclose,46.64768711009173,0.03559859393222511,6.0
1649102400000.0,189372,1649102400000.0,0.12339229357798445,-0.003102464,1310.5003345836658,1310.6885751799962,-6.4,2.4238,13.0,2.40451995412844,long_nclose,31.258759403669718,0.023852538285387272,3.0
1649103420000.0,189389,1649103420000.0,0.0829041972477083,-0.0020844680000000003,1310.5811543129134,1310.785430711996,-4.3,2.4238,8.7,2.40451995412844,long_nclose,20.919323600917426,0.015961868162131944,17.0
1649103660000.0,189393,1649103660000.0,0.1762141972477085,-0.00210313,1310.755265380161,1310.955377581996,-4.3,2.4455,4.4,2.40451995412844,long_nclose,10.579887798165137,0.008071596641724441,4.0
1649104320000.0,189404,1649104320000.0,0.09015610091743227,-0.0010760200000000002,1310.8443454610785,1310.931201561996,-2.2,2.4455,2.2,2.40451995412844,long_nclose,5.2899438990825685,0.0040355240630968086,11.0
1649104380000.0,189405,1649104380000.0,0.045078050458716136,-0.0005380100000000001,1310.8888855015373,1310.932313551996,-1.1,2.4455,1.1,2.40451995412844,long_nclose,2.6449719495412842,0.0020176934740958885,1.0
1649104440000.0,189406,1649104440000.0,0.02049002293578006,-0.00024455,1310.909130974473,1310.934619001996,-0.5,2.4455,0.6,2.40451995412844,long_nclose,1.4427119724770638,0.0011005430799041077,1.0
1649104620000.0,189409,1649104620000.0,0.012294013761468036,-0.00014673,1310.9212782582345,1310.9343222719958,-0.3,2.4455,0.3,2.40451995412844,long_nclose,0.7213559862385319,0.0005502664410154109,3.0
1649106840000.0,189446,1649106840000.0,0.01877401376146799,-0.000148026,1310.9399042459959,1310.9399042459959,-0.3,2.4671,0.0,2.40451995412844,long_nclose,0.0,0.0,37.0
1649164500000.0,190407,1649164500000.0,0.0,-0.010498008000000001,1310.9294062379959,1311.326166237996,21.8,2.4078,21.8,2.4078,long_ientry_normal,52.49004,0.040040325398323216,961.0
1649164560000.0,190408,1649164560000.0,0.13895999999999908,-0.0034950240000000002,1311.064871213996,1311.418191213996,-7.2,2.4271,14.6,2.4078,long_nclose,35.15388,0.026813226997264333,1.0
1649165160000.0,190418,1649165160000.0,0.29929999999999946,-0.003575248,1311.3605959659958,1311.6613559659959,-7.3,2.4488,7.3,2.4078,long_nclose,17.57694,0.013403590175021378,10.0
1649165820000.0,190429,1649165820000.0,0.14759999999999973,-0.0017631360000000002,1311.506432829996,1311.666272829996,-3.6,2.4488,3.7,2.4078,long_nclose,8.90886,0.006792845065026694,11.0
1649166060000.0,190433,1649166060000.0,0.07379999999999987,-0.0008815680000000001,1311.5793512619957,1311.6595312619957,-1.8,2.4488,1.9,2.4078,long_nclose,4.57482,0.0034880238054968834,4.0
1649166180000.0,190435,1649166180000.0,0.03689999999999993,-0.00044078400000000005,1311.6158104779959,1311.659010477996,-0.9,2.4488,1.0,2.4078,long_nclose,2.4078,0.0018357509727810605,2.0
1649166300000.0,190437,1649166300000.0,0.020499999999999963,-0.00024488,1311.6360655979959,1311.6571655979958,-0.5,2.4488,0.5,2.4078,long_nclose,1.2039,0.0009178613119723288,2.0
1649167140000.0,190451,1649167140000.0,0.0019299999999999873,-4.8542e-05,1311.6379470559957,1311.6480270559957,-0.1,2.4271,0.4,2.4078,long_nclose,0.96312,0.000734287996288722,14.0
1649167380000.0,190455,1649167380000.0,0.0019299999999999873,-4.8542e-05,1311.6398285139956,1311.6455885139956,-0.1,2.4271,0.3,2.4078,long_nclose,0.72234,0.0005507152072519522,4.0
1649167440000.0,190456,1649167440000.0,0.0019299999999999873,-4.8542e-05,1311.6417099719954,1311.6459499719954,-0.1,2.4271,0.2,2.4078,long_nclose,0.48156,0.00036714294485975266,1.0
1649167560000.0,190458,1649167560000.0,0.0,-0.010374048000000002,1311.6313359239955,1311.5341359239956,21.6,2.4014,21.8,2.4014587155963305,long_ientry_partial,52.351800000000004,0.03991350203837583,2.0
1649186160000.0,190768,1649186160000.0,0.0,-0.010482752,1311.6208531719956,1310.7252931719956,22.4,2.3399,44.2,2.3702615384615386,long_rentry,104.76556000000001,0.07987488133223655,310.0
1649203620000.0,191059,1649203620000.0,0.0,-0.010489574,1311.6103635979955,1308.1230335979956,22.9,2.2903,67.1,2.3429721311475413,long_rentry,157.21343000000002,0.11986290621304167,291.0
1649204280000.0,191070,1649204280000.0,0.0,-0.0156252,1311.5947383979956,1301.5562083979955,34.8,2.245,101.9,2.3095135426889106,long_rentry,235.33943,0.17942998939401636,11.0
1649204460000.0,191073,1649204460000.0,0.0,-0.0230736,1311.5716647979955,1304.6076347979954,52.8,2.185,154.7,2.2670163542340016,long_rentry,350.70743000000004,0.2673947900925528,3.0
1649207160000.0,191118,1649207160000.0,0.9364577569489234,-0.023537560000000003,1312.4845849949443,1314.4436972379954,-51.5,2.2852,103.2,2.2670163542340016,long_nclose,233.95608775694896,0.17825435089422415,45.0
1649207280000.0,191120,1649207280000.0,0.6255174143503488,-0.015722176,1313.0943802332945,1314.3316550619952,-34.4,2.2852,68.8,2.2670163542340016,long_nclose,155.9707251712993,0.1187810469066118,2.0
1649207340000.0,191121,1649207340000.0,0.4164054880413659,-0.010466216,1313.500319505336,1314.1880688459953,-22.9,2.2852,45.9,2.2670163542340016,long_nclose,104.05605065934067,0.07922042280014684,1.0
1649207400000.0,191122,1649207400000.0,0.27820978021977727,-0.006992712000000001,1313.7715365735557,1314.2300361339953,-15.3,2.2852,30.6,2.2670163542340016,long_nclose,69.37070043956045,0.05280271227407316,1.0
1649207520000.0,191124,1649207520000.0,0.1854731868131848,-0.004661808,1313.9523479523689,1314.3192143259953,-10.2,2.2852,20.4,2.2670163542340016,long_nclose,46.24713362637363,0.03519696410485816,2.0
1649207700000.0,191127,1649207700000.0,0.12364879120878988,-0.0031078720000000002,1314.0728888715776,1314.3310664539952,-6.8,2.2852,13.6,2.2670163542340016,long_nclose,30.83142241758242,0.023462490306803318,3.0
1649208180000.0,191135,1649208180000.0,0.2623687912087897,-0.003135616,1314.3321220467863,1314.604010837995,-6.8,2.3056,6.8,2.2670163542340016,long_nclose,15.41571120879121,0.011728931333417153,8.0
1649209260000.0,191153,1649209260000.0,0.040004020685196734,-0.0010054880000000001,1314.3711205794716,1314.4492453499952,-2.2,2.2852,4.6,2.2670163542340016,long_nclose,10.428275229476407,0.007934041661596197,18.0
1649209320000.0,191154,1649209320000.0,0.02727546864899777,-0.0006855600000000001,1314.3977104881205,1314.4503597899952,-1.5,2.2852,3.1,2.2670163542340016,long_nclose,7.027750698125405,0.005346745997842272,1.0
1649209560000.0,191158,1649209560000.0,0.018183645765998513,-0.00045704000000000003,1314.4154370938866,1314.4658027499952,-1.0,2.2852,2.1,2.2670163542340016,long_nclose,4.760734343891404,0.0036219403770981064,4.0
1649210280000.0,191170,1649210280000.0,0.012728552036198958,-0.00031992800000000003,1314.4278457179228,1314.453022821995,-0.7,2.2852,1.4,2.2670163542340016,long_nclose,3.1738228959276023,0.002414604123206248,12.0
1649210340000.0,191171,1649210340000.0,0.007273458306399406,-0.00018281600000000003,1314.4349363602291,1314.455920005995,-0.4,2.2852,1.0,2.2670163542340016,long_nclose,2.2670163542340016,0.001724707926975483,1.0
1649210520000.0,191174,1649210520000.0,0.0054550937297995535,-0.00013711200000000002,1314.440254341959,1314.457042893995,-0.3,2.2852,0.7,2.2670163542340016,long_nclose,1.5869114479638011,0.0012072906643887348,3.0
1649211420000.0,191189,1649211420000.0,0.011575093729799545,-0.000138336,1314.4516910996888,1314.4668845579952,-0.3,2.3056,0.4,2.2670163542340016,long_nclose,0.9068065416936006,0.0006898743771518553,15.0
1649211480000.0,191190,1649211480000.0,0.007716729153199698,-9.222400000000002e-05,1314.459315604842,1314.4669123339952,-0.2,2.3056,0.2,2.2670163542340016,long_nclose,0.4534032708468003,0.00034493518777199206,1.0
1649211660000.0,191193,1649211660000.0,0.003858364576599849,-4.611200000000001e-05,1314.4631278574186,1314.4667262219953,-0.1,2.3056,0.1,2.2670163542340016,long_nclose,0.22670163542340016,0.00017246709368936422,3.0
1649211720000.0,191194,1649211720000.0,0.003858364576599849,-4.611200000000001e-05,1314.4669401099952,1314.4669401099952,-0.1,2.3056,0.0,2.2670163542340016,long_nclose,0.0,0.0,1.0
1649242740000.0,191711,1649242740000.0,0.0,-0.01053228,1314.4564078299952,1314.385307829995,23.7,2.222,23.7,2.222,long_ientry_normal,52.6614,0.040063253285772676,517.0
1649244180000.0,191735,1649244180000.0,0.0,-0.0105219,1314.4458859299953,1312.7589859299953,24.3,2.165,48.0,2.19314375,long_rentry,105.2709,0.0800876636511505,24.0
1649252340000.0,191871,1649252340000.0,0.0,-0.010553118,1314.4353328119953,1311.0197428119952,24.9,2.1191,72.9,2.167853086419753,long_rentry,158.03649000000001,0.12023146826242848,136.0
1649252520000.0,191874,1649252520000.0,0.0,-0.01570212,1314.4196306919953,1309.2355406919953,37.8,2.077,110.7,2.136830081300813,long_rentry,236.54709,0.17996314455184023,3.0
1649252940000.0,191881,1649252940000.0,0.0,-0.023205672,1314.3964250199954,1304.4087750199953,57.4,2.0214,168.1,2.0974149315883404,long_rentry,352.57545,0.2682413336559679,7.0
1649276640000.0,192276,1649276640000.0,0.9455638310529437,-0.023680160000000002,1315.3183086910485,1316.3927948599955,-56.0,2.1143,112.1,2.0974149315883404,long_nclose,235.12021383105295,0.17875537219962753,395.0
1649278560000.0,192308,1649278560000.0,0.6298130517549071,-0.015772678,1315.9323490648032,1317.2477121819954,-37.3,2.1143,74.8,2.0974149315883404,long_nclose,156.88663688280786,0.11922089839519703,32.0
1649279280000.0,192320,1649279280000.0,0.42043820345032673,-0.010529214,1316.3422580542538,1317.3694529679956,-24.9,2.1143,49.9,2.0974149315883404,long_nclose,104.66100508625819,0.07950896086931256,12.0
1649279400000.0,192322,1649279400000.0,0.2802921356335512,-0.007019476,1316.6155307138872,1317.2011134919956,-16.6,2.1143,33.3,2.0974149315883404,long_nclose,69.84391722189173,0.05304807333088452,2.0
1649286360000.0,192438,1649286360000.0,0.0,-0.010557358,1316.6049733558873,1314.5054661339957,25.9,2.0381,59.2,2.071464649018441,long_rentry,122.63070722189171,0.09314161020470625,116.0
1649292780000.0,192545,1649292780000.0,0.0,-0.012255440000000001,1316.5927179158873,1311.6757106939956,30.7,1.996,89.9,2.0456941848931223,long_rentry,183.9079072218917,0.13968473675975546,107.0
1649307060000.0,192783,1649307060000.0,0.49053387169564544,-0.012331358,1317.0709204295829,1317.9892693359955,-29.9,2.0621,60.0,2.0456941848931223,long_nclose,122.74165109358734,0.09319289431548095,238.0
1649307120000.0,192784,1649307120000.0,0.3281163021375555,-0.008248400000000001,1317.3907883317204,1318.2030209359955,-20.0,2.0621,40.0,2.0456941848931223,long_nclose,81.82776739572489,0.0621135111316116,1.0
1649307240000.0,192786,1649307240000.0,0.21819734092147441,-0.005485186,1317.603500486642,1318.0655657499956,-13.3,2.0621,26.7,2.0456941848931223,long_nclose,54.62003473664636,0.041454075309053956,2.0
1649307360000.0,192788,1649307360000.0,0.1460117544512122,-0.0036705380000000005,1317.745841703093,1318.0538852119955,-8.9,2.0621,17.8,2.0456941848931223,long_nclose,36.41335649109758,0.027633064995322542,2.0
1649307660000.0,192793,1649307660000.0,0.09679430913057888,-0.0024332780000000005,1317.8402027342236,1318.0818419339955,-5.9,2.0621,11.9,2.0456941848931223,long_nclose,24.343760800228157,0.01847246786804675,5.0
1649308740000.0,192811,1649308740000.0,0.06398267891682331,-0.001608438,1317.9025769751404,1318.0570234959955,-3.9,2.0621,8.0,2.0456941848931223,long_nclose,16.365553479144978,0.01241787804733436,18.0
1649311200000.0,192852,1649311200000.0,0.042655119277882216,-0.001072292,1317.9441598024184,1318.0268112039955,-2.6,2.0621,5.4,2.0456941848931223,long_nclose,11.04674859842286,0.00838180321697313,41.0
1649311260000.0,192853,1649311260000.0,0.029530467192379995,-0.000742356,1317.9729479136108,1318.0316488479955,-1.8,2.0621,3.6,2.0456941848931223,long_nclose,7.364499065615241,0.005587746757073774,1.0
1649311320000.0,192854,1649311320000.0,0.01968697812825333,-0.000494904,1317.992139987739,1318.0360739439955,-1.2,2.0621,2.4,2.0456941848931223,long_nclose,4.909666043743493,0.0037251102603610116,1.0
1649312820000.0,192879,1649312820000.0,0.01312465208550222,-0.000329936,1318.0049347038243,1318.0310240079953,-0.8,2.0621,1.6,2.0456941848931223,long_nclose,3.2731106958289957,0.002483382732223619,25.0
1649312880000.0,192880,1649312880000.0,0.008202907553438887,-0.00020621000000000002,1318.0129314013777,1318.0319677979953,-0.5,2.0621,1.1,2.0456941848931223,long_nclose,2.2502636033824346,0.0017073152696535693,1.0
1649313780000.0,192895,1649313780000.0,0.017402907553438762,-0.00020805,1318.030126258931,1318.051309747995,-0.5,2.0805,0.6,2.0456941848931223,long_nclose,1.2274165109358732,0.000931250725216537,15.0
1649314500000.0,192907,1649314500000.0,0.010441744532063257,-0.00012482999999999998,1318.040443173463,1318.0528349179951,-0.3,2.0805,0.3,2.0456941848931223,long_nclose,0.6137082554679366,0.0004656217179423594,12.0
1649314860000.0,192913,1649314860000.0,0.015991744532063378,-0.00012594,1318.056308977995,1318.056308977995,-0.3,2.099,0.0,2.0456941848931223,long_nclose,0.0,0.0,6.0
1649345460000.0,193423,1649345460000.0,0.0,-0.010557875999999999,1318.0457511019952,1317.6261711019952,25.9,2.0382,25.9,2.0382,long_ientry_normal,52.789379999999994,0.04005125008434928,510.0
1649346360000.0,193438,1649346360000.0,0.14104000000000355,-0.003533912,1318.1832571899952,1318.491197189995,-8.6,2.0546,17.3,2.0382,long_nclose,35.26086,0.026749588729541654,15.0
1649346960000.0,193448,1649346960000.0,0.2984200000000034,-0.003565388,1318.4781118019953,1318.7808718019953,-8.6,2.0729,8.7,2.0382,long_nclose,17.732339999999997,0.013449096986346469,10.0
1649347260000.0,193453,1649347260000.0,0.1492100000000017,-0.001782694,1318.6255391079953,1318.7786591079953,-4.3,2.0729,4.4,2.0382,long_nclose,8.96808,0.006801081682421074,5.0
1649347500000.0,193457,1649347500000.0,0.07634000000000088,-0.0009120760000000003,1318.7009670319953,1318.7687270319952,-2.2,2.0729,2.2,2.0382,long_nclose,4.48404,0.0034003463348421165,4.0
1649347560000.0,193458,1649347560000.0,0.03817000000000044,-0.00045603800000000014,1318.7386809939953,1318.7769609939953,-1.1,2.0729,1.1,2.0382,long_nclose,2.24202,0.0017001245450008976,1.0
1649347740000.0,193461,1649347740000.0,0.0173500000000002,-0.00020729000000000003,1318.7558237039955,1318.7791037039956,-0.5,2.0729,0.6,2.0382,long_nclose,1.2229199999999998,0.0009273286062655471,3.0
1649348640000.0,193476,1649348640000.0,0.010410000000000119,-0.000124374,1318.7661093299955,1318.7777493299955,-0.3,2.0729,0.3,2.0382,long_nclose,0.6114599999999999,0.00046366068681477916,15.0
1649348760000.0,193478,1649348760000.0,0.00347000000000004,-4.145800000000001e-05,1318.7695378719957,1318.7764978719956,-0.1,2.0729,0.2,2.0382,long_nclose,0.40764,0.00030910632092532225,2.0
1649349300000.0,193487,1649349300000.0,0.01062000000000003,-8.3652e-05,1318.7800742199956,1318.7800742199956,-0.2,2.0913,0.0,2.0382,long_nclose,0.0,0.0,9.0
1649415840000.0,194596,1649415840000.0,0.0,-0.01054221,1318.7695320099956,1318.8689820099955,25.5,2.0671,25.5,2.0671,long_ientry_normal,52.71105,0.03996987246108176,1109.0
1649422920000.0,194714,1649422920000.0,0.0,-0.010553884,1318.7589781259956,1317.3506081259954,26.2,2.0141,51.7,2.0402411992263056,long_rentry,105.48047000000001,0.07998464598124791,118.0
1649426640000.0,194776,1649426640000.0,0.2813713733075426,-0.007074704,1319.0332747953032,1319.4734534219956,-17.2,2.0566,34.5,2.0402411992263056,long_nclose,70.38832137330755,0.05336356763572238,62.0
1649426700000.0,194777,1649426700000.0,0.18812620889748488,-0.0047301800000000005,1319.2166708242007,1319.7861232419957,-11.5,2.0566,23.0,2.0402411992263056,long_nclose,46.92554758220503,0.03557076606141399,1.0
1649426760000.0,194778,1649426760000.0,0.3997262088974871,-0.004772500000000001,1319.6116245330982,1319.8618507419956,-11.5,2.075,11.5,2.0402411992263056,long_nclose,23.462773791102514,0.017780059947110616,1.0
1649426880000.0,194780,1649426880000.0,0.06216344294003848,-0.001563016,1319.6722249600382,1319.8320677259956,-3.8,2.0566,7.7,2.0402411992263056,long_nclose,15.709857234042554,0.011904363020535855,2.0
1649427180000.0,194785,1649427180000.0,0.040897001934235844,-0.0010283,1319.7120936619724,1319.7992394259957,-2.5,2.0566,5.2,2.0402411992263056,long_nclose,10.60925423597679,0.008039067223016762,5.0
1649427540000.0,194791,1649427540000.0,0.027809961315280372,-0.000699244,1319.7392043792877,1319.8013601819955,-1.7,2.0566,3.5,2.0402411992263056,long_nclose,7.14084419729207,0.005410799477348724,6.0
1649428020000.0,194799,1649428020000.0,0.0590899613152807,-0.0007055000000000001,1319.7975888406029,1319.8619546819955,-1.7,2.075,1.8,2.0402411992263056,long_nclose,3.6724341586073503,0.002782573774690298,8.0
1649428260000.0,194803,1649428260000.0,0.09568584139264971,-0.000753624,1319.8925210579955,1319.8925210579955,-1.8,2.0934,0.0,2.0402411992263056,long_nclose,0.0,0.0,4.0
1649441580000.0,195025,1649441580000.0,0.0,-0.010563840000000001,1319.8819572179955,1320.0391572179956,26.2,2.016,26.2,2.016,long_ientry_normal,52.8192,0.04001812412932033,222.0
1649441640000.0,195026,1649441640000.0,0.14093999999999993,-0.0035360279999999997,1320.0193611899954,1320.2643611899953,-8.7,2.0322,17.5,2.016,long_nclose,35.28,0.026726880708927737,1.0
1649441700000.0,195027,1649441700000.0,0.09395999999999995,-0.002357352,1320.1109638379953,1320.3332638379952,-5.8,2.0322,11.7,2.016,long_nclose,23.5872,0.0178675888967881,1.0
1649441820000.0,195029,1649441820000.0,0.06317999999999997,-0.0015851160000000001,1320.1725587219955,1320.3207587219956,-3.9,2.0322,7.8,2.016,long_nclose,15.7248,0.011911170169468247,2.0
1649442000000.0,195032,1649442000000.0,0.042119999999999984,-0.001056744,1320.2136219779957,1320.3176219779957,-2.6,2.0322,5.2,2.016,long_nclose,10.4832,0.007940533126975057,3.0
1649442240000.0,195036,1649442240000.0,0.027539999999999985,-0.0006909479999999999,1320.2404710299957,1320.3069710299956,-1.7,2.0322,3.5,2.016,long_nclose,7.056,0.005344480914522495,4.0
1649442360000.0,195038,1649442360000.0,0.017819999999999992,-0.0004470840000000001,1320.2578439459958,1320.3010439459958,-1.1,2.0322,2.4,2.016,long_nclose,4.8384,0.003664738688875316,2.0
1649442540000.0,195041,1649442540000.0,0.012959999999999994,-0.00032515200000000005,1320.2704787939958,1320.2960787939958,-0.8,2.0322,1.6,2.016,long_nclose,3.2256,0.002443135745144004,3.0
1649442600000.0,195042,1649442600000.0,0.008099999999999996,-0.00020322000000000002,1320.2783755739958,1320.302575573996,-0.5,2.0322,1.1,2.016,long_nclose,2.2176,0.0016796457785168907,1.0
1649442900000.0,195047,1649442900000.0,0.004859999999999997,-0.000121932,1320.283113641996,1320.297513641996,-0.3,2.0322,0.8,2.016,long_nclose,1.6128,0.0012215561824093148,5.0
1649443260000.0,195053,1649443260000.0,0.0032399999999999985,-8.128800000000001e-05,1320.2862723539959,1320.2964723539958,-0.2,2.0322,0.6,2.016,long_nclose,1.2096,0.0009161649449277023,6.0
1649443920000.0,195064,1649443920000.0,0.010289999999999999,-0.00012301800000000002,1320.2964393359957,1320.3069393359958,-0.3,2.0503,0.3,2.016,long_nclose,0.6048,0.0004580789449861475,11.0
1649444580000.0,195075,1649444580000.0,0.00343,-4.100600000000001e-05,1320.2998283299958,1320.3068283299958,-0.1,2.0503,0.2,2.016,long_nclose,0.4032,0.00030538517944821256,11.0
1649445120000.0,195084,1649445120000.0,0.00343,-4.100600000000001e-05,1320.3032173239958,1320.3068173239958,-0.1,2.0503,0.1,2.016,long_nclose,0.2016,0.00015269219778817547,9.0
1649447100000.0,195117,1649447100000.0,0.0016199999999999993,-4.0644000000000006e-05,1320.304796679996,1320.304796679996,-0.1,2.0322,0.0,2.016,long_nclose,0.0,0.0,33.0
1649519700000.0,196327,1649519700000.0,0.0,-0.010551668000000002,1320.2942450119958,1320.4441050119958,25.4,2.0771,25.4,2.0771,long_ientry_normal,52.758340000000004,0.03995953189928557,1210.0
1649520120000.0,196334,1649520120000.0,0.1402799999999976,-0.0035175840000000002,1320.4310074279958,1320.7013074279957,-8.4,2.0938,17.0,2.0771,long_nclose,35.310700000000004,0.02674179855014161,7.0
1649520180000.0,196335,1649520180000.0,0.0935199999999984,-0.002345056,1320.5221823719958,1320.7604423719959,-5.6,2.0938,11.4,2.0771,long_nclose,23.678940000000004,0.017931497339534704,1.0
1649521080000.0,196350,1649521080000.0,0.20177999999999804,-0.0024082500000000002,1320.721554121996,1320.937584121996,-5.7,2.1125,5.7,2.0771,long_nclose,11.839470000000002,0.008964395230053452,15.0
1649522220000.0,196369,1649522220000.0,0.09911999999999903,-0.0011829999999999998,1320.819491121996,1320.926501121996,-2.8,2.1125,2.9,2.0771,long_nclose,6.02359,0.0045604944812581046,19.0
1649522340000.0,196371,1649522340000.0,0.049559999999999514,-0.0005914999999999999,1320.868459621996,1320.925309621996,-1.4,2.1125,1.5,2.0771,long_nclose,3.1156500000000005,0.0023587890052970393,2.0
1649522820000.0,196379,1649522820000.0,0.024779999999999757,-0.00029574999999999995,1320.8929438719958,1320.924063871996,-0.7,2.1125,0.8,2.0771,long_nclose,1.6616800000000003,0.0012579974839815853,8.0
1649524200000.0,196402,1649524200000.0,0.014159999999999862,-0.00016900000000000002,1320.9069348719959,1320.922494871996,-0.4,2.1125,0.4,2.0771,long_nclose,0.8308400000000001,0.0006289920796581431,23.0
1649524500000.0,196407,1649524500000.0,0.007079999999999931,-8.450000000000001e-05,1320.913930371996,1320.921510371996,-0.2,2.1125,0.2,2.0771,long_nclose,0.41542000000000007,0.00031449437427237174,5.0
1649524740000.0,196411,1649524740000.0,0.0035399999999999655,-4.2250000000000004e-05,1320.917428121996,1320.920918121996,-0.1,2.1125,0.1,2.0771,long_nclose,0.20771000000000003,0.00015724677075031868,4.0
1649524860000.0,196413,1649524860000.0,0.0035399999999999655,-4.2250000000000004e-05,1320.920925871996,1320.920925871996,-0.1,2.1125,0.0,2.0771,long_nclose,0.0,0.0,2.0
1649630160000.0,198168,1649630160000.0,0.0,-0.01058505,1320.910340821996,1321.050590821996,25.5,2.0755,25.5,2.0755,long_ientry_normal,52.92525,0.040067253896327946,1755.0
1649636460000.0,198273,1649636460000.0,0.0,-0.010555884000000001,1320.899784937996,1319.4787149379958,26.1,2.0222,51.6,2.04854011627907,long_rentry,105.70467000000001,0.08002474616570694,105.0
1649637900000.0,198297,1649637900000.0,0.2831099999999958,-0.007103600000000001,1321.175791337996,1321.673211337996,-17.2,2.065,34.4,2.04854011627907,long_nclose,70.46978,0.05333868548153842,24.0
1649638200000.0,198302,1649638200000.0,0.1876426744186019,-0.0047082,1321.3587258124146,1321.668303137996,-11.4,2.065,23.0,2.04854011627907,long_nclose,47.11642267441861,0.03565755593391181,5.0
1649638260000.0,198303,1649638260000.0,0.1250951162790679,-0.0031387999999999997,1321.4806821286936,1321.734164337996,-7.6,2.065,15.4,2.04854011627907,long_nclose,31.54751779069768,0.023872855817975092,1.0
1649638320000.0,198304,1649638320000.0,0.08394540697674295,-0.0021063,1321.5625212356704,1321.7526580379958,-5.1,2.065,10.3,2.04854011627907,long_nclose,21.099963197674423,0.01596592129288428,1.0
1649638500000.0,198307,1649638500000.0,0.17778540697674394,-0.002125068,1321.7381815746471,1321.922572969996,-5.1,2.0834,5.2,2.04854011627907,long_nclose,10.652408604651164,0.008059393874784234,3.0
1649638620000.0,198309,1649638620000.0,0.09063569767441848,-0.0010833680000000001,1321.8277339043213,1321.9199296019958,-2.6,2.0834,2.6,2.04854011627907,long_nclose,5.326204302325582,0.0040294239299953375,2.0
1649638920000.0,198314,1649638920000.0,0.04531784883720924,-0.0005416840000000001,1321.8725100691586,1321.9199079179957,-1.3,2.0834,1.3,2.04854011627907,long_nclose,2.663102151162791,0.0020146437200842166,5.0
1649639940000.0,198331,1649639940000.0,0.02091593023255811,-0.000250008,1321.8931759913912,1321.918697909996,-0.6,2.0834,0.7,2.04854011627907,long_nclose,1.4339780813953489,0.0010847911975337163,17.0
1649640480000.0,198340,1649640480000.0,0.010457965116279055,-0.000125004,1321.9035089525075,1321.9176929059959,-0.3,2.0834,0.4,2.04854011627907,long_nclose,0.819416046511628,0.0006198758388658362,9.0
1649641620000.0,198359,1649641620000.0,0.0,-0.01041063,1321.8930983225075,1322.0119322759958,25.5,2.0413,25.9,2.0414118164676305,long_ientry_partial,52.87256604651163,0.0399976110879218,19.0
1649646120000.0,198434,1649646120000.0,0.0,-0.010582012000000002,1321.8825163105075,1320.9948902639958,26.6,1.9891,52.5,2.014907162790698,long_rentry,105.78262604651164,0.08002422661717352,75.0
1649652180000.0,198535,1649652180000.0,0.2833746511627866,-0.00710885,1322.1587821116705,1322.687031413996,-17.5,2.0311,35.0,2.014907162790698,long_nclose,70.52175069767442,0.05333833700748213,101.0
1649652240000.0,198536,1649652240000.0,0.18783691162790425,-0.004712152,1322.3419068712985,1322.788679261996,-11.6,2.0311,23.4,2.014907162790698,long_nclose,47.14882760930232,0.0356555497215224,1.0
1649652540000.0,198541,1649652540000.0,0.1263041302325563,-0.0031685159999999997,1322.465042485531,1322.7784907459961,-7.8,2.0311,15.6,2.014907162790698,long_nclose,31.432551739534887,0.023768153206120596,5.0
1649653020000.0,198549,1649653020000.0,0.08420275348837088,-0.002112344,1322.5471328950196,1322.7040984019964,-5.2,2.0311,10.4,2.014907162790698,long_nclose,20.95503449302326,0.01584445194565827,8.0
1649653200000.0,198552,1649653200000.0,0.05505564651162711,-0.001381148,1322.600807393531,1322.7204572539963,-3.4,2.0311,7.0,2.014907162790698,long_nclose,14.104350139534885,0.010664102169520474,3.0
1649653440000.0,198556,1649653440000.0,0.03724352558139481,-0.000934306,1322.6371166131123,1322.717452947996,-2.3,2.0311,4.7,2.014907162790698,long_nclose,9.47006366511628,0.007159986322904917,4.0
1649653680000.0,198560,1649653680000.0,0.024289255813953137,-0.0006093299999999999,1322.6607965389262,1322.712293617996,-1.5,2.0311,3.2,2.014907162790698,long_nclose,6.447702920930233,0.00487479702868813,4.0
1649654820000.0,198579,1649654820000.0,0.01619283720930209,-0.00040622,1322.6765831561354,1322.7053873979958,-1.0,2.0311,2.2,2.014907162790698,long_nclose,4.432795758139536,0.0033513829567936534,19.0
1649654940000.0,198581,1649654940000.0,0.011334986046511463,-0.00028435399999999995,1322.6876337881818,1322.7132730439957,-0.7,2.0311,1.5,2.014907162790698,long_nclose,3.022360744186047,0.0022850147434507993,2.0
1649655060000.0,198583,1649655060000.0,0.008096418604651046,-0.00020311,1322.6955270967865,1322.7106199339958,-0.5,2.0311,1.0,2.014907162790698,long_nclose,2.014907162790698,0.0015233340716084992,2.0
1649655180000.0,198585,1649655180000.0,0.004857851162790627,-0.00012186599999999999,1322.7002630819493,1322.7115280679957,-0.3,2.0311,0.7,2.014907162790698,long_nclose,1.4104350139534885,0.001066330032071751,2.0
1649655240000.0,198586,1649655240000.0,0.0032385674418604184,-8.124400000000001e-05,1322.7034204053912,1322.7124668239958,-0.2,2.0311,0.5,2.014907162790698,long_nclose,1.007453581395349,0.0007616624905124822,1.0
1649668620000.0,198809,1649668620000.0,0.0,-0.010377980000000002,1322.6930424253912,1322.511288843996,26.3,1.973,26.8,1.9737818500520654,long_ientry_partial,52.89735358139536,0.03999216135922112,223.0
1649669640000.0,198826,1649669640000.0,0.0,-0.0105776,1322.6824648253912,1321.8590112439958,27.5,1.9232,54.3,1.9481648910017562,long_rentry,105.78535358139536,0.07997789068395958,17.0
1649671080000.0,198850,1649671080000.0,0.0,-0.010616736,1322.6718480893912,1319.7278145079958,28.2,1.8824,82.5,1.925685255532065,long_rentry,158.86903358139537,0.12011220607052521,24.0
1649671140000.0,198851,1649671140000.0,0.0,-0.0157932,1322.6560548893913,1315.373021307996,42.8,1.845,125.3,1.8981247692050705,long_rentry,237.83503358139532,0.17981623620305776,1.0
1649689080000.0,199150,1649689080000.0,0.0,-0.0233428,1322.6327120893914,1308.910978507996,65.0,1.7956,190.3,1.8631057991665543,long_rentry,354.5490335813953,0.2680631065152672,299.0
1649712480000.0,199540,1649712480000.0,0.0,-0.034134408000000005,1322.5985776813914,1296.191504099996,98.7,1.7292,289.0,1.8173739570290495,long_rentry,525.2210735813953,0.397112988358225,390.0
1649764440000.0,200406,1649764440000.0,1.408487938102543,-0.03528432,1323.9717812994938,1325.826719779996,-96.3,1.832,192.7,1.8173739570290495,long_nclose,350.2079615194978,0.2645131614329156,866.0
1649767980000.0,200465,1649767980000.0,0.9389919587350288,-0.023522880000000003,1324.8872503782288,1326.766696899996,-64.2,1.832,128.5,1.8173739570290495,long_nclose,233.53255347823287,0.17626598294425733,59.0
1649768040000.0,200466,1649768040000.0,0.6259946391566857,-0.015681920000000002,1325.4975630973856,1326.9224149799961,-42.8,1.832,85.7,1.8173739570290495,long_nclose,155.74894811738955,0.1175022515721868,1.0
1649768280000.0,200470,1649768280000.0,1.323634639156685,-0.015821448,1326.8053762885422,1328.290833531996,-42.8,1.8483,42.9,1.8173739570290495,long_nclose,77.96534275654622,0.058761702469609975,4.0
1649768400000.0,200472,1649768400000.0,2.030287243453779,-0.015999126,1328.819664405996,1328.819664405996,-42.9,1.8647,0.0,1.8173739570290495,long_nclose,0.0,0.0,2.0
1649847060000.0,201783,1649847060000.0,0.0,-0.010645768,1328.8090186379961,1328.8270786379962,30.1,1.7684,30.1,1.7684,long_ientry_normal,53.22884,0.040057554737669185,1311.0
1649848800000.0,201812,1649848800000.0,0.1419999999999999,-0.0035652,1328.9474534379963,1329.2409134379964,-10.0,1.7826,20.1,1.7684,long_nclose,35.54484,0.02674661056616291,29.0
1649849100000.0,201817,1649849100000.0,0.09513999999999993,-0.002388684,1329.0402047539962,1329.2492447539962,-6.7,1.7826,13.4,1.7684,long_nclose,23.69656,0.01782982931233913,5.0
1649851080000.0,201850,1649851080000.0,0.0,-0.0059129280000000005,1329.0342918259962,1328.9552918259963,16.8,1.7598,30.2,1.7636158940397353,long_ientry_partial,53.2612,0.0400751134320417,33.0
1649856960000.0,201948,1649856960000.0,0.1418410596026476,-0.0035556,1329.172577285599,1329.5035362259962,-10.0,1.7778,20.2,1.7636158940397353,long_nclose,35.62504105960265,0.026802419541603218,98.0
1649857560000.0,201958,1649857560000.0,0.3038494701986743,-0.003623274,1329.4728034817977,1329.7998829519963,-10.1,1.7937,10.1,1.7636158940397353,long_nclose,17.812520529801326,0.013398183462761752,10.0
1649857800000.0,201962,1649857800000.0,0.15042052980132392,-0.0017937000000000003,1329.621430311599,1329.8222892519964,-5.0,1.7937,5.1,1.7636158940397353,long_nclose,8.99444105960265,0.00676466312482252,4.0
1649857980000.0,201965,1649857980000.0,0.23451894039735052,-0.0018457920000000002,1329.8541034599962,1329.8541034599962,-5.1,1.8096,0.0,1.7636158940397353,long_nclose,0.0,0.0,3.0
1649928300000.0,203137,1649928300000.0,0.0,-0.010630626,1329.8434728339962,1329.7819428339963,29.3,1.8141,29.3,1.8141,long_ientry_normal,53.153130000000004,0.039969463388594674,1172.0
1649929200000.0,203152,1649929200000.0,0.14161999999999947,-0.003547678,1329.9815451559964,1330.3519851559963,-9.7,1.8287,19.6,1.8141,long_nclose,35.556360000000005,0.02673447622600622,15.0
1649929740000.0,203161,1649929740000.0,0.09489999999999965,-0.00237731,1330.0740678459965,1330.2823578459966,-6.5,1.8287,13.1,1.8141,long_nclose,23.76471,0.017867207980745033,9.0
1649929920000.0,203164,1649929920000.0,0.06277999999999977,-0.0015726820000000002,1330.1352751639965,1330.2927951639965,-4.3,1.8287,8.8,1.8141,long_nclose,15.964080000000001,0.012001846953522632,3.0
1649933460000.0,203223,1649933460000.0,0.04233999999999984,-0.0010606460000000002,1330.1765545179965,1330.2703645179965,-2.9,1.8287,5.9,1.8141,long_nclose,10.703190000000001,0.008046443130910855,59.0
1649933580000.0,203225,1649933580000.0,0.027739999999999897,-0.000694906,1330.2035996119964,1330.2591996119963,-1.9,1.8287,4.0,1.8141,long_nclose,7.2564,0.0054551047690117515,2.0
1649933760000.0,203228,1649933760000.0,0.01897999999999993,-0.000475462,1330.2221041499965,1330.2623341499966,-1.3,1.8287,2.7,1.8141,long_nclose,4.898070000000001,0.0036821444965612236,3.0
1649934000000.0,203232,1649934000000.0,0.013139999999999952,-0.00032916600000000004,1330.2349149839965,1330.2563349839966,-0.9,1.8287,1.8,1.8141,long_nclose,3.26538,0.0024547393571001585,4.0
1649934120000.0,203234,1649934120000.0,0.008759999999999967,-0.00021944399999999998,1330.2434555399964,1330.2613355399965,-0.6,1.8287,1.2,1.8141,long_nclose,2.17692,0.0016364823979654953,2.0
1649934300000.0,203237,1649934300000.0,0.005839999999999979,-0.00014629600000000002,1330.2491492439965,1330.2658692439966,-0.4,1.8287,0.8,1.8141,long_nclose,1.4512800000000001,0.001090983595685656,3.0
1649934660000.0,203243,1649934660000.0,0.0029199999999999894,-7.314800000000001e-05,1330.2519960959964,1330.2621360959965,-0.2,1.8287,0.6,1.8141,long_nclose,1.08846,0.0008182359456662317,6.0
1649935080000.0,203250,1649935080000.0,0.0029199999999999894,-7.314800000000001e-05,1330.2548429479964,1330.2608029479964,-0.2,1.8287,0.4,1.8141,long_nclose,0.7256400000000001,0.0005454894630504776,7.0
1649935500000.0,203257,1649935500000.0,0.0014599999999999947,-3.6574000000000006e-05,1330.2562663739964,1330.2604363739963,-0.1,1.8287,0.3,1.8141,long_nclose,0.54423,0.0004091166595166347,7.0
1649935620000.0,203259,1649935620000.0,0.0014599999999999947,-3.6574000000000006e-05,1330.2576897999963,1330.2604697999964,-0.1,1.8287,0.2,1.8141,long_nclose,0.36282000000000003,0.00027274414783089873,2.0
1649935680000.0,203260,1649935680000.0,0.0014599999999999947,-3.6574000000000006e-05,1330.2591132259963,1330.2608032259964,-0.1,1.8287,0.1,1.8141,long_nclose,0.18141000000000002,0.00013637192799233276,1.0
1649938080000.0,203300,1649938080000.0,0.0014599999999999947,-3.6574000000000006e-05,1330.2605366519963,1330.2605366519963,-0.1,1.8287,0.0,1.8141,long_nclose,0.0,0.0,40.0
1649944320000.0,203404,1649944320000.0,0.0,-0.01064006,1330.2498965919963,1330.3560965919962,29.5,1.8034,29.5,1.8034,long_ientry_normal,53.2003,0.0399927112464322,104.0
1649944560000.0,203408,1649944560000.0,0.14210000000000178,-0.0035630840000000006,1330.3884335079963,1330.7154535079962,-9.8,1.8179,19.7,1.8034,long_nclose,35.526979999999995,0.026704215930622385,4.0
1649944800000.0,203412,1649944800000.0,0.09425000000000117,-0.00236327,1330.4803202379965,1330.7258402379964,-6.5,1.8179,13.2,1.8034,long_nclose,23.804879999999997,0.017891944463892393,4.0
1649944980000.0,203415,1649944980000.0,0.0,-0.005874846,1330.4744453919964,1330.3953353919965,16.3,1.8021,29.5,1.8026816949152544,long_ientry_partial,53.17911000000001,0.03997003488806724,3.0
1649946600000.0,203442,1649946600000.0,0.1422793898305059,-0.0035617120000000003,1330.613163069827,1331.1513336799965,-9.8,1.8172,19.7,1.8026816949152544,long_nclose,35.512829389830515,0.026689071155661565,27.0
1649946660000.0,203443,1649946660000.0,0.3010393898305058,-0.003593464,1330.9106089956574,1331.2701602159964,-9.8,1.8334,9.9,1.8026816949152544,long_nclose,17.84654877966102,0.013409276820723917,1.0
1649947200000.0,203452,1649947200000.0,0.04791040677966014,-0.0011993519999999999,1330.9573200504371,1331.0848208639964,-3.3,1.8172,6.6,1.8026816949152544,long_nclose,11.89769918644068,0.008939204140663062,9.0
1649947500000.0,203457,1649947500000.0,0.0319402711864401,-0.0007995680000000001,1330.9884607536235,1331.0734612959964,-2.2,1.8172,4.4,1.8026816949152544,long_nclose,7.93179945762712,0.0059593299953449854,5.0
1649947680000.0,203460,1649947680000.0,0.020325627118643694,-0.0005088159999999999,1331.008277564742,1331.0632324799963,-1.4,1.8172,3.0,1.8026816949152544,long_nclose,5.408045084745764,0.004063119047343948,3.0
1649948040000.0,203466,1649948040000.0,0.014518305084745498,-0.00036344,1331.0224324298267,1331.0570690399961,-1.0,1.8172,2.0,1.8026816949152544,long_nclose,3.605363389830509,0.00270871722518515,6.0
1649948220000.0,203469,1649948220000.0,0.03071830508474549,-0.00036668,1331.0527840549114,1331.0831023599962,-1.0,1.8334,1.0,1.8026816949152544,long_nclose,1.8026816949152544,0.0013543277295311876,3.0
1649948400000.0,203472,1649948400000.0,0.015359152542372745,-0.00018334,1331.0679598674537,1331.086619019996,-0.5,1.8334,0.5,1.8026816949152544,long_nclose,0.9013408474576272,0.0006771561442643257,3.0
1649949120000.0,203484,1649949120000.0,0.006143661016949098,-7.3336e-05,1331.0740301924707,1331.083425683996,-0.2,1.8334,0.3,1.8026816949152544,long_nclose,0.5408045084745763,0.0004062918336678667,12.0
1649952000000.0,203532,1649952000000.0,0.0,-0.010555690000000001,1331.0634745024706,1331.026619993996,29.5,1.7891,29.8,1.789236728472301,long_ientry_partial,53.31925450847457,0.04005763476336425,48.0
1649955720000.0,203594,1649955720000.0,0.14219638812422128,-0.0035711280000000002,1331.2020997625948,1331.535688865996,-9.9,1.8036,19.9,1.789236728472301,long_nclose,35.60581089659879,0.026747111428797096,62.0
1649957640000.0,203626,1649957640000.0,0.09479759208281417,-0.0023807520000000003,1331.2945166026777,1331.517468113996,-6.6,1.8036,13.3,1.789236728472301,long_nclose,23.796848488681604,0.0178749692062194,32.0
1649958060000.0,203633,1649958060000.0,0.06319839472187612,-0.0015871680000000001,1331.3561278293996,1331.496420945996,-4.4,1.8036,8.9,1.789236728472301,long_nclose,15.92420688340348,0.011960892018701109,7.0
1649958180000.0,203635,1649958180000.0,0.041653487430327436,-0.001046088,1331.3967352288298,1331.485314857996,-2.9,1.8036,6.0,1.789236728472301,long_nclose,10.735420370833806,0.00806327677301138,2.0
1649965560000.0,203758,1649965560000.0,0.0,-0.008554572,1331.3881806568297,1331.329100285996,24.3,1.7602,30.3,1.765949847222238,long_ientry_partial,53.50828037083381,0.04018984181190186,123.0
1649965920000.0,203764,1649965920000.0,0.14291654305539725,-0.003595802,1331.527501397885,1331.851714483996,-10.1,1.7801,20.2,1.765949847222238,long_nclose,35.672186913889206,0.02679042443842825,6.0
1649966640000.0,203776,1649966640000.0,0.0948060236110061,-0.0023853340000000002,1331.619922087496,1331.8365991499957,-6.7,1.7801,13.5,1.765949847222238,long_nclose,23.84032293750021,0.017903248924157917,12.0
1649967000000.0,203782,1649967000000.0,0.06367568749992947,-0.0016020900000000002,1331.6819956849959,1331.8264470599956,-4.5,1.7801,9.0,1.765949847222238,long_nclose,15.893548625000141,0.011934942934198608,6.0
1649967180000.0,203785,1649967180000.0,0.04245045833328631,-0.00106806,1331.723378083329,1331.8136789999955,-3.0,1.7801,6.0,1.765949847222238,long_nclose,10.595699083333427,0.007956381375975537,3.0
1649967300000.0,203787,1649967300000.0,0.028300305555524208,-0.00071204,1331.7509663488845,1331.8151669599956,-2.0,1.7801,4.0,1.765949847222238,long_nclose,7.063799388888952,0.005304144368864244,2.0
1649968440000.0,203806,1649968440000.0,0.06010030555552426,-0.0007184,1331.81034825444,1331.8664485599954,-2.0,1.796,2.0,1.765949847222238,long_nclose,3.531899694444476,0.0026519539355386603,19.0
1649968500000.0,203807,1649968500000.0,0.03005015277776213,-0.0003592,1331.8400392072176,1331.8740893599954,-1.0,1.796,1.0,1.765949847222238,long_nclose,1.765949847222238,0.0013259474075230729,1.0
1649969340000.0,203821,1649969340000.0,0.015025076388881065,-0.0001796,1331.8548846836065,1331.8699097599954,-0.5,1.796,0.5,1.765949847222238,long_nclose,0.882974923611119,0.0006629663139470913,14.0
1649969820000.0,203829,1649969820000.0,0.0060100305555524265,-7.184e-05,1331.860822874162,1331.8707379199955,-0.2,1.796,0.3,1.765949847222238,long_nclose,0.5297849541666714,0.00039777801484046425,8.0
1649972400000.0,203872,1649972400000.0,0.013815045833328642,-0.00010872,1331.8745291999953,1331.8745291999953,-0.3,1.812,0.0,1.765949847222238,long_nclose,0.0,0.0,43.0
1650236340000.0,208271,1650236340000.0,0.0,-0.010642432,1331.8638867679954,1332.0645267679954,30.4,1.7504,30.4,1.7504,long_ientry_normal,53.21216,0.03995315176622798,4399.0
1650239220000.0,208319,1650239220000.0,0.0,-0.01064232,1331.8532444479954,1330.7038844479955,31.2,1.7055,61.6,1.7276584415584413,long_rentry,106.42375999999999,0.07990652156582669,48.0
1650251460000.0,208523,1650251460000.0,0.2837519480519547,-0.0071401500000000005,1332.1298562460474,1332.7192942979955,-20.5,1.7415,41.1,1.7276584415584413,long_nclose,71.00676194805195,0.053303183330902566,204.0
1650255540000.0,208591,1650255540000.0,0.0,-0.010642958000000001,1332.1192132880474,1326.8528613399953,31.7,1.6787,72.8,1.7063399992864277,long_rentry,124.22155194805192,0.09325107746283305,68.0
1650255540000.0,208591,1650255540000.0,0.0,-0.012430152,1332.1067831360474,1326.4548711879954,37.8,1.6442,110.6,1.6851022780113194,long_rentry,186.37231194805193,0.13990793704187438,0.0
1650255600000.0,208592,1650255600000.0,0.0,-0.018456396,1332.0883267400475,1327.9460347919955,57.4,1.6077,168.0,1.6586564996907853,long_rentry,278.65429194805193,0.2091860474672791,1.0
1650285720000.0,209094,1650285720000.0,0.747236017316018,-0.0187264,1332.8168363573634,1335.0953083919956,-56.0,1.672,112.0,1.6586564996907853,long_nclose,185.76952796536796,0.13938113842640434,502.0
1650286260000.0,209103,1650286260000.0,1.5816360173160255,-0.018893280000000002,1334.3795790946795,1336.0228151119954,-56.0,1.6869,56.0,1.6586564996907853,long_nclose,92.88476398268398,0.0696089519338286,9.0
1650286500000.0,209107,1650286500000.0,0.7908180086580128,-0.009446640000000001,1335.1609504633375,1335.9545684719956,-28.0,1.6869,28.0,1.6586564996907853,long_nclose,46.44238199134199,0.03478410747050774,4.0
1650286800000.0,209112,1650286800000.0,0.12409455287569585,-0.00310992,1335.2819350962131,1335.5501585519955,-9.3,1.672,18.7,1.6586564996907853,long_nclose,31.016876544217684,0.02322870977954388,5.0
1650286980000.0,209115,1650286980000.0,0.08272970191713057,-0.0020732800000000003,1335.36259151813,1335.5918852719954,-6.2,1.672,12.5,1.6586564996907853,long_nclose,20.733206246134817,0.015526274569788504,3.0
1650287940000.0,209131,1650287940000.0,0.054708351267779884,-0.0013710399999999998,1335.415928829398,1335.5868142319953,-4.1,1.672,8.4,1.6586564996907853,long_nclose,13.932714597402597,0.010433239784413661,16.0
1650288660000.0,209143,1650288660000.0,0.11862270129870192,-0.0014169960000000002,1335.5331345346965,1335.660577235995,-4.2,1.6869,4.2,1.6586564996907853,long_nclose,6.966357298701299,0.005216162084311294,12.0
1650289380000.0,209155,1650289380000.0,0.01868090043290045,-0.00046815999999999996,1335.5513472751293,1335.591509075995,-1.4,1.672,2.8,1.6586564996907853,long_nclose,4.6442381991341986,0.0034773939681238372,12.0
1650289860000.0,209163,1650289860000.0,0.012009150278293147,-0.00030096,1335.5630554654076,1335.5884081159952,-0.9,1.672,1.9,1.6586564996907853,long_nclose,3.151447349412492,0.0023596395067354554,8.0
1650291180000.0,209185,1650291180000.0,0.008006100185528763,-0.00020063999999999998,1335.5708609255933,1335.5895074759953,-0.6,1.672,1.3,1.6586564996907853,long_nclose,2.156253449598021,0.0016144807532740483,22.0
1650291660000.0,209193,1650291660000.0,0.005337400123685843,-0.00013376000000000002,1335.576064565717,1335.5889737159953,-0.4,1.672,0.9,1.6586564996907853,long_nclose,1.4927908497217068,0.0011177130897498605,8.0
1650293100000.0,209217,1650293100000.0,0.011297400123685897,-0.000134952,1335.5872270138407,1335.5988987639953,-0.4,1.6869,0.5,1.6586564996907853,long_nclose,0.8293282498453927,0.0006209465267945382,24.0
1650293520000.0,209224,1650293520000.0,0.0013343500309214607,-3.3440000000000005e-05,1335.5885279238717,1335.5942653239954,-0.1,1.672,0.4,1.6586564996907853,long_nclose,0.6634625998763142,0.0004967567375766883,7.0
1650298980000.0,209315,1650298980000.0,0.0013343500309214607,-3.3440000000000005e-05,1335.5898288339026,1335.5941318839955,-0.1,1.672,0.3,1.6586564996907853,long_nclose,0.4975969499072356,0.0003725671902890165,91.0
1650299220000.0,209319,1650299220000.0,0.0028243500309214744,-3.3738e-05,1335.5926194459337,1335.5984881459956,-0.1,1.6869,0.2,1.6586564996907853,long_nclose,0.3317312999381571,0.00024837760789347187,4.0
1650299700000.0,209327,1650299700000.0,0.0013343500309214607,-3.3440000000000005e-05,1335.5939203559647,1335.5953547059955,-0.1,1.672,0.1,1.6586564996907853,long_nclose,0.16586564996907854,0.00012418868298297715,8.0
1650300300000.0,209337,1650300300000.0,0.0028243500309214744,-3.3738e-05,1335.5967109679957,1335.5967109679957,-0.1,1.6869,0.0,1.6586564996907853,long_nclose,0.0,0.0,10.0
1650470460000.0,212173,1650470460000.0,0.0,-0.010688739999999999,1335.5860222279957,1335.5175222279956,27.4,1.9505,27.4,1.9505,long_ientry_normal,53.44369999999999,0.04001516870537951,2836.0
1650493140000.0,212551,1650493140000.0,0.1428700000000004,-0.003578484,1335.7253137439957,1336.0089637439958,-9.1,1.9662,18.3,1.9505,long_nclose,35.69415,0.026722672418291175,378.0
1650493200000.0,212552,1650493200000.0,0.09577000000000029,-0.002398764,1335.8186849799956,1336.0443849799956,-6.1,1.9662,12.2,1.9505,long_nclose,23.7961,0.017813869702201654,1.0
1650494400000.0,212572,1650494400000.0,0.06280000000000019,-0.00157296,1335.8799120199956,1336.0316120199955,-4.0,1.9662,8.2,1.9505,long_nclose,15.994099999999998,0.01197270791789599,20.0
1650496200000.0,212602,1650496200000.0,0.13612000000000046,-0.001626634,1336.0144053859954,1336.1558553859954,-4.1,1.9837,4.1,1.9505,long_nclose,7.997049999999999,0.005985751327052141,30.0
1650496980000.0,212615,1650496980000.0,0.06640000000000024,-0.00079348,1336.0800119059952,1336.152461905995,-2.0,1.9837,2.1,1.9505,long_nclose,4.09605,0.0030657220851292794,13.0
1650497220000.0,212619,1650497220000.0,0.10668000000000039,-0.0008405460000000002,1336.1858513599952,1336.1858513599952,-2.1,2.0013,0.0,1.9505,long_nclose,0.0,0.0,4.0
1650555660000.0,213593,1650555660000.0,0.0,-0.010695286000000002,1336.1751560739951,1336.2212260739952,27.1,1.9733,27.1,1.9733,long_ientry_normal,53.47643000000001,0.040022020883195175,974.0
1650570540000.0,213841,1650570540000.0,0.0,-0.010690212000000001,1336.164465861995,1334.754775861995,27.8,1.9227,54.9,1.947677413479053,long_rentry,106.92749,0.08002569498884125,248.0
1650573300000.0,213887,1650573300000.0,0.0,-0.01072683,1336.153739031995,1332.801099031995,28.5,1.8819,83.4,1.925199520383693,long_rentry,160.56164,0.12016704014638488,46.0
1650580260000.0,214003,1650580260000.0,0.0,-0.01597337,1336.137765661995,1330.611075661995,43.3,1.8445,126.7,1.8976202841357537,long_rentry,240.42848999999998,0.17994288925803897,116.0
1650587580000.0,214125,1650587580000.0,0.6448040094711968,-0.016144876000000002,1336.7664247954663,1338.3195107859951,-42.2,1.9129,84.5,1.8976202841357537,long_nclose,160.34891400947117,0.119952828732967,122.0
1650588660000.0,214143,1650588660000.0,0.42936001578532296,-0.010750498,1337.1850343132514,1338.052450287995,-28.1,1.9129,56.4,1.8976202841357537,long_nclose,107.0257840252565,0.08003812582319438,18.0
1650589860000.0,214163,1650589860000.0,0.9131079873717446,-0.0108852,1338.087257100623,1339.1977650879946,-28.2,1.93,28.2,1.8976202841357537,long_nclose,53.51289201262825,0.03999207953641257,20.0
1650590640000.0,214176,1650590640000.0,0.4565539936858723,-0.0054426,1338.538368494309,1339.0090224879948,-14.1,1.93,14.1,1.8976202841357537,long_nclose,26.756446006314125,0.019989300744820512,13.0
1650590820000.0,214179,1650590820000.0,0.22665801104972383,-0.002702,1338.7623245053587,1338.999320487995,-7.0,1.93,7.1,1.8976202841357537,long_nclose,13.47310401736385,0.010063850595991224,3.0
1650592500000.0,214207,1650592500000.0,0.11332900552486191,-0.001351,1338.8743025108836,1339.0052694879948,-3.5,1.93,3.6,1.8976202841357537,long_nclose,6.831433022888714,0.005102370708047242,28.0
1650595680000.0,214260,1650595680000.0,0.01833565903709564,-0.00045909600000000004,1338.8921790739207,1338.9314903919949,-1.2,1.9129,2.4,1.8976202841357537,long_nclose,4.554288681925809,0.003401535054955583,53.0
1650596940000.0,214281,1650596940000.0,0.012223772691397095,-0.00030606400000000004,1338.9040967826122,1338.930304327995,-0.8,1.9129,1.6,1.8976202841357537,long_nclose,3.036192454617206,0.002267669851719163,21.0
1650598260000.0,214303,1650598260000.0,0.007639857932123184,-0.00019129000000000002,1338.9115453505444,1338.928463037995,-0.5,1.9129,1.1,1.8976202841357537,long_nclose,2.0873823125493294,0.0015590143499754688,22.0
1650598620000.0,214309,1650598620000.0,0.00458391475927391,-0.00011477400000000001,1338.9160144913037,1338.9299182639952,-0.3,1.9129,0.8,1.8976202841357537,long_nclose,1.518096227308603,0.0011338248335803014,6.0
1650600540000.0,214341,1650600540000.0,0.0030559431728492737,-7.651600000000001e-05,1338.9189939184764,1338.928221747995,-0.2,1.9129,0.6,1.8976202841357537,long_nclose,1.1385721704814522,0.0008503667329039155,32.0
1650600780000.0,214345,1650600780000.0,0.0030559431728492737,-7.651600000000001e-05,1338.9219733456491,1338.9289252319948,-0.2,1.9129,0.4,1.8976202841357537,long_nclose,0.7590481136543015,0.0005669098937540175,4.0
1650601020000.0,214349,1650601020000.0,0.0015279715864246369,-3.8258000000000005e-05,1338.9234630592357,1338.928376973995,-0.1,1.9129,0.3,1.8976202841357537,long_nclose,0.5692860852407261,0.00042518194724886984,4.0
1650601320000.0,214354,1650601320000.0,0.0015279715864246369,-3.8258000000000005e-05,1338.9249527728223,1338.928628715995,-0.1,1.9129,0.2,1.8976202841357537,long_nclose,0.37952405682715074,0.00028345431612218614,5.0
1650602220000.0,214369,1650602220000.0,0.0015279715864246369,-3.8258000000000005e-05,1338.9264424864089,1338.9278804579953,-0.1,1.9129,0.1,1.8976202841357537,long_nclose,0.18976202841357537,0.00014172700037291377,15.0
1650602520000.0,214374,1650602520000.0,0.0015279715864246369,-3.8258000000000005e-05,1338.9279321999954,1338.9279321999954,-0.1,1.9129,0.0,1.8976202841357537,long_nclose,0.0,0.0,5.0
1650621780000.0,214695,1650621780000.0,0.0,-0.01072768,1338.9172045199955,1338.8708045199955,29.0,1.8496,29.0,1.8496,long_ientry_normal,53.6384,0.04006102828384334,321.0
1650622080000.0,214700,1650622080000.0,0.1430400000000013,-0.0035798400000000004,1339.0566646799955,1339.2778246799955,-9.6,1.8645,19.4,1.8496,long_nclose,35.882239999999996,0.02679665539663704,5.0
1650622260000.0,214703,1650622260000.0,0.09536000000000087,-0.0023865600000000002,1339.1496381199954,1339.4148381199955,-6.4,1.8645,13.0,1.8496,long_nclose,24.0448,0.017955274986114322,3.0
1650624000000.0,214732,1650624000000.0,0.20475000000000054,-0.00244543,1339.3519426899954,1339.5625426899956,-6.5,1.8811,6.5,1.8496,long_nclose,12.0224,0.008976281451351646,29.0
1650624120000.0,214734,1650624120000.0,0.10080000000000028,-0.001203904,1339.4515387859954,1339.5584587859953,-3.2,1.8811,3.3,1.8496,long_nclose,6.10368,0.0045568501907370515,2.0
1650624720000.0,214744,1650624720000.0,0.05040000000000014,-0.000601952,1339.5013368339955,1339.5530168339956,-1.6,1.8811,1.7,1.8496,long_nclose,3.1443199999999996,0.0023473810092879926,10.0
1650624780000.0,214745,1650624780000.0,0.02520000000000007,-0.000300976,1339.5262358579955,1339.5553958579956,-0.8,1.8811,0.9,1.8496,long_nclose,1.66464,0.0012427080227613175,1.0
1650625860000.0,214763,1650625860000.0,0.04338000000000002,-0.00034160399999999996,1339.5692742539957,1339.5692742539957,-0.9,1.8978,0.0,1.8496,long_nclose,0.0,0.0,18.0
1650635100000.0,214917,1650635100000.0,0.0,-0.010701234000000002,1339.5585730199957,1339.8583030199957,29.1,1.8387,29.1,1.8387,long_ientry_normal,53.506170000000004,0.03994313580433583,154.0
1650635580000.0,214925,1650635580000.0,0.14355999999999924,-0.0035957899999999998,1339.6985372299957,1339.9565572299957,-9.7,1.8535,19.4,1.8387,long_nclose,35.67078,0.026625975179277322,8.0
1650635760000.0,214928,1650635760000.0,0.0,-0.003600716,1339.6949365139958,1339.6025765139957,9.8,1.8371,29.2,1.83816301369863,long_ientry_partial,53.67435999999999,0.04006461361992261,3.0
1650639780000.0,214995,1650639780000.0,0.0,-0.01071018,1339.6842263339959,1338.0706663339959,29.9,1.791,59.1,1.8143021996615905,long_rentry,107.22525999999999,0.08003771179229197,67.0
1650654960000.0,215248,1650654960000.0,0.2875766666666675,-0.007205866000000001,1339.9645971346624,1340.6618904679958,-19.7,1.8289,39.4,1.8143021996615905,long_nclose,71.48350666666666,0.05334730993604212,253.0
1650655320000.0,215254,1650655320000.0,0.19123118443316467,-0.0047917179999999995,1340.1510366010957,1340.5638887499958,-13.1,1.8289,26.3,1.8143021996615905,long_nclose,47.716147851099834,0.035605052376870894,6.0
1650655800000.0,215262,1650655800000.0,0.1270008629441628,-0.003182286,1340.2748551780398,1340.5511364639958,-8.7,1.8289,17.6,1.8143021996615905,long_nclose,31.931718714043996,0.02382475399779267,8.0
1650660240000.0,215336,1650660240000.0,0.0846672419627752,-0.002121524,1340.3574008960027,1340.5308349399959,-5.8,1.8289,11.8,1.8143021996615905,long_nclose,21.408765956006768,0.015972430891712484,74.0
1650660420000.0,215339,1650660420000.0,0.056931421319797115,-0.001426542,1340.4129057753225,1340.529018397996,-3.9,1.8289,7.9,1.8143021996615905,long_nclose,14.332987377326566,0.010692964321345496,3.0
1650661380000.0,215355,1650661380000.0,0.037954280879864744,-0.000951028,1340.4499090282025,1340.533107369996,-2.6,1.8289,5.3,1.8143021996615905,long_nclose,9.61580165820643,0.0071735628414326055,16.0
1650662460000.0,215373,1650662460000.0,0.02481626057529618,-0.000621826,1340.4741034627777,1340.530615543996,-1.7,1.8289,3.6,1.8143021996615905,long_nclose,6.531487918781726,0.004872520775977148,18.0
1650669300000.0,215487,1650669300000.0,0.01751736040609142,-0.000438936,1340.491181887184,1340.5288566079962,-1.2,1.8289,2.4,1.8143021996615905,long_nclose,4.354325279187817,0.003248305798668266,114.0
1650669960000.0,215498,1650669960000.0,0.011678240270727613,-0.000292624,1340.5025675034549,1340.5308839839963,-0.8,1.8289,1.6,1.8143021996615905,long_nclose,2.9028835194585447,0.002165518806028742,11.0
1650670920000.0,215514,1650670920000.0,0.007298900169204758,-0.00018289,1340.5096835136242,1340.5269510939963,-0.5,1.8289,1.1,1.8143021996615905,long_nclose,1.9957324196277497,0.0014887862759758023,16.0
1650672240000.0,215536,1650672240000.0,0.015448900169204749,-0.00018452,1340.5249478937935,1340.5439665739966,-0.5,1.8452,0.6,1.8143021996615905,long_nclose,1.0885813197969543,0.0008120559945619154,22.0
1650672600000.0,215542,1650672600000.0,0.009269340101522848,-0.00011071199999999999,1340.5341065218952,1340.5424158619967,-0.3,1.8452,0.3,1.8143021996615905,long_nclose,0.5442906598984771,0.0004060252232676686,6.0
1650680220000.0,215669,1650680220000.0,0.0,-0.0106242,1340.5234823218952,1340.4891916619968,30.0,1.7707,30.3,1.7711317049471444,long_ientry_partial,53.66529065989848,0.04003308511011374,127.0
1650682800000.0,215712,1650682800000.0,0.14410978003384206,-0.0036065080000000005,1340.663985593929,1340.9441251539968,-10.1,1.7854,20.2,1.7711317049471444,long_nclose,35.776860439932314,0.026685926394959262,43.0
1650683040000.0,215716,1650683040000.0,0.09559757685413287,-0.0023924360000000004,1340.757190734783,1340.9444127179966,-6.7,1.7854,13.5,1.7711317049471444,long_nclose,23.91027801678645,0.017833413970864298,4.0
1650685440000.0,215756,1650685440000.0,0.06420732773785043,-0.00160686,1340.819791202521,1340.9536058579965,-4.5,1.7854,9.0,1.7711317049471444,long_nclose,15.9401853445243,0.01188838757386499,40.0
1650685620000.0,215759,1650685620000.0,0.04280488515856695,-0.0010712400000000002,1340.8615248476794,1340.9627346179966,-3.0,1.7854,6.0,1.7711317049471444,long_nclose,10.626790229682866,0.007925345035826916,3.0
1650686820000.0,215779,1650686820000.0,0.09050488515856636,-0.0010807800000000002,1340.9509489528382,1341.0405538379969,-3.0,1.8013,3.0,1.7711317049471444,long_nclose,5.313395114841433,0.003962408258848481,20.0
1650686880000.0,215780,1650686880000.0,0.04525244257928318,-0.0005403900000000001,1340.9956610054176,1341.0434634479968,-1.5,1.8013,1.5,1.7711317049471444,long_nclose,2.6566975574207166,0.001981138071266275,1.0
1650688680000.0,215810,1650688680000.0,0.007134147526427825,-0.00017854,1341.002616612944,1341.0164849079968,-0.5,1.7854,1.0,1.7711317049471444,long_nclose,1.7711317049471444,0.0013207518635725,30.0
1650689400000.0,215822,1650689400000.0,0.004280488515856695,-0.000107124,1341.00678997746,1341.022097783997,-0.3,1.7854,0.7,1.7711317049471444,long_nclose,1.239792193463001,0.000924523427270521,12.0
1650690900000.0,215847,1650690900000.0,0.0028536590105711305,-7.141600000000002e-05,1341.0095722204703,1341.0170063679968,-0.2,1.7854,0.5,1.7711317049471444,long_nclose,0.8855658524735722,0.0006603725065192747,25.0
1650692340000.0,215871,1650692340000.0,0.006033659010571091,-7.205200000000001e-05,1341.015533827481,1341.0247943159968,-0.2,1.8013,0.3,1.7711317049471444,long_nclose,0.5313395114841433,0.00039622174246379686,24.0
1650693600000.0,215892,1650693600000.0,0.0030168295052855456,-3.6026000000000004e-05,1341.0185146309861,1341.0246882899967,-0.1,1.8013,0.2,1.7711317049471444,long_nclose,0.3542263409894289,0.0002641472411638574,21.0
1650694140000.0,215901,1650694140000.0,0.0030168295052855456,-3.6026000000000004e-05,1341.0214954344913,1341.0245822639965,-0.1,1.8013,0.1,1.7711317049471444,long_nclose,0.17711317049471445,0.0001320733270105635,9.0
1650694740000.0,215911,1650694740000.0,0.0030168295052855456,-3.6026000000000004e-05,1341.0244762379964,1341.0244762379964,-0.1,1.8013,0.0,1.7711317049471444,long_nclose,0.0,0.0,10.0
1650807480000.0,217790,1650807480000.0,0.0,-0.010722282,1341.0137539559964,1341.1273439559964,30.7,1.7463,30.7,1.7463,long_ientry_normal,53.61141,0.0399782700526718,1879.0
1650807900000.0,217797,1650807900000.0,0.14280000000000012,-0.003591012,1341.1529629439965,1341.4748129439965,-10.2,1.7603,20.5,1.7463,long_nclose,35.79915,0.02669281654600862,7.0
1650808500000.0,217807,1650808500000.0,0.09520000000000008,-0.002394008,1341.2457689359965,1341.4060589359965,-6.8,1.7603,13.7,1.7463,long_nclose,23.92431,0.017837379661580617,10.0
1650808560000.0,217808,1650808560000.0,0.06300000000000006,-0.00158427,1341.3071846659966,1341.4332246659967,-4.5,1.7603,9.2,1.7463,long_nclose,16.065959999999997,0.011977837876116823,1.0
1650808620000.0,217809,1650808620000.0,0.04200000000000004,-0.00105618,1341.3481284859965,1341.4268684859965,-3.0,1.7603,6.2,1.7463,long_nclose,10.82706,0.00807177478394121,1.0
1650808680000.0,217810,1650808680000.0,0.028000000000000025,-0.00070412,1341.3754243659967,1341.4413643659966,-2.0,1.7603,4.2,1.7463,long_nclose,7.33446,0.005467865197744058,1.0
1650808920000.0,217814,1650808920000.0,0.019600000000000017,-0.000492884,1341.3945314819966,1341.4328914819966,-1.4,1.7603,2.8,1.7463,long_nclose,4.88964,0.003645191541520479,4.0
1650808980000.0,217815,1650808980000.0,0.012600000000000012,-0.00031685400000000004,1341.4068146279967,1341.4347446279967,-0.9,1.7603,1.9,1.7463,long_nclose,3.31797,0.0024735001819117418,1.0
1650810420000.0,217839,1650810420000.0,0.0,-0.010058356,1341.3967562719968,1341.3174062719968,28.9,1.7402,30.8,1.7405762987012983,long_ientry_partial,53.60974999999999,0.039965617740862845,24.0
1650810660000.0,217843,1650810660000.0,0.14304175324675705,-0.0035793839999999997,1341.5362186412435,1341.8539468879967,-10.2,1.7546,20.6,1.7405762987012983,long_nclose,35.855871753246745,0.026727472024246107,4.0
1650810780000.0,217845,1650810780000.0,0.0,-0.0035821340000000003,1341.5326365072435,1341.5011947539967,10.3,1.7389,30.9,1.7400175324675322,long_ientry_partial,53.76654175324674,0.040078444825040555,2.0
1650811260000.0,217853,1650811260000.0,0.14401941558441825,-0.0036132400000000006,1341.6730426828278,1342.1876815139967,-10.3,1.754,20.6,1.7400175324675322,long_nclose,35.84436116883116,0.026716167075367548,8.0
1650811860000.0,217863,1650811860000.0,0.30572941558441874,-0.0036455820000000005,1341.9751265164123,1342.3251459319968,-10.3,1.7697,10.3,1.7400175324675322,long_nclose,17.92218058441558,0.013355076580993839,10.0
1650812400000.0,217872,1650812400000.0,0.15138058441558597,-0.0018050940000000001,1342.1247020068279,1342.2806108379966,-5.1,1.7697,5.2,1.7400175324675322,long_nclose,9.048091168831167,0.006741617343978471,9.0
1650813120000.0,217884,1650813120000.0,0.07717441558441639,-0.0009202440000000002,1342.2009561784123,1342.2763105939966,-2.6,1.7697,2.6,1.7400175324675322,long_nclose,4.524045584415584,0.0033706171669678235,12.0
1650813480000.0,217890,1650813480000.0,0.03858720779220819,-0.0004601220000000001,1342.2390832642045,1342.2806604719967,-1.3,1.7697,1.3,1.7400175324675322,long_nclose,2.262022792207792,0.0016852607113084176,6.0
1650815580000.0,217925,1650815580000.0,0.0178094805194807,-0.00021236400000000002,1342.256680380724,1342.2783681079968,-0.6,1.7697,0.7,1.7400175324675322,long_nclose,1.2180122727272724,0.0009074361785867884,35.0
1650815760000.0,217928,1650815760000.0,0.00890474025974035,-0.00010618200000000001,1342.2654789389837,1342.2782719259967,-0.3,1.7697,0.4,1.7400175324675322,long_nclose,0.696007012987013,0.0005185315601926851,3.0
1650817440000.0,217956,1650817440000.0,0.001398246753246779,-3.508e-05,1342.266842105737,1342.2722368459968,-0.1,1.754,0.3,1.7400175324675322,long_nclose,0.5220052597402597,0.00038889827519045483,28.0
1650819060000.0,217983,1650819060000.0,0.0,-0.010651256000000001,1342.2561908497369,1342.2809055899966,30.8,1.7291,31.1,1.7292053138180148,long_ientry_partial,53.778285259740265,0.040065589286420095,27.0
1650819300000.0,217987,1650819300000.0,0.14311526767444865,-0.0035907860000000008,1342.3957153314113,1343.0154448039966,-10.3,1.7431,20.8,1.7292053138180148,long_nclose,35.96747052741471,0.02679349324244159,4.0
1650819300000.0,217987,1650819300000.0,0.303795267674447,-0.0036229219999999998,1342.695887677086,1343.0087318819967,-10.3,1.7587,10.5,1.7292053138180148,long_nclose,18.156655795089154,0.013522537725576003,0.0
1650819840000.0,217996,1650819840000.0,0.04863140163694857,-0.00122017,1342.7432989087229,1342.8398617119967,-3.5,1.7431,7.0,1.7292053138180148,long_nclose,12.104437196726103,0.009014706836789762,9.0
1650820860000.0,218013,1650820860000.0,0.0,-0.0083145,1342.7349844087228,1342.6744472119967,24.1,1.725,31.1,1.725946533656788,long_ientry_partial,53.676937196726115,0.03997582383716837,17.0
1650824220000.0,218069,1650824220000.0,0.142690703335083,-0.003583988,1342.874091124058,1343.1664032239967,-10.3,1.7398,20.8,1.725946533656788,long_nclose,35.899687900061195,0.026733472733851932,56.0
1650826860000.0,218113,1650826860000.0,0.3063160499694048,-0.0036512320000000003,1343.1767559420273,1343.5205119919967,-10.4,1.7554,10.4,1.725946533656788,long_nclose,17.949843950030598,0.013363724372554084,44.0
1650827760000.0,218128,1650827760000.0,0.1531580249847024,-0.0018256160000000002,1343.3280883510122,1343.4791663759968,-5.2,1.7554,5.2,1.725946533656788,long_nclose,8.974921975015299,0.006681109442170875,15.0
1650827820000.0,218129,1650827820000.0,0.0765790124923512,-0.0009128080000000001,1343.4037545555045,1343.4818935679968,-2.6,1.7554,2.6,1.725946533656788,long_nclose,4.487460987507649,0.003340366566857205,1.0
1650828960000.0,218148,1650828960000.0,0.0382895062461756,-0.00045640400000000004,1343.4415876577507,1343.480657163997,-1.3,1.7554,1.3,1.725946533656788,long_nclose,2.2437304937538247,0.0016701362488455492,19.0
1650829440000.0,218156,1650829440000.0,0.017672079805927197,-0.000210648,1343.4590490895566,1343.480786515997,-0.6,1.7554,0.7,1.725946533656788,long_nclose,1.2081625735597517,0.0008992924454068819,8.0
1650830400000.0,218172,1650830400000.0,0.008836039902963598,-0.000105324,1343.4677798054595,1343.4794011919967,-0.3,1.7554,0.4,1.725946533656788,long_nclose,0.6903786134627152,0.0005138780578442196,16.0
1650830520000.0,218174,1650830520000.0,0.0058906932686424,-7.021600000000002e-05,1343.473600282728,1343.4790109759967,-0.2,1.7554,0.2,1.725946533656788,long_nclose,0.3451893067313576,0.0002569379157571195,2.0
1650831300000.0,218187,1650831300000.0,0.001385346634321194,-3.4796000000000004e-05,1343.4749508333625,1343.4764561799968,-0.1,1.7398,0.1,1.725946533656788,long_nclose,0.1725946533656788,0.000128468828732994,13.0
1650837540000.0,218291,1650837540000.0,0.001385346634321194,-3.4796000000000004e-05,1343.476301383997,1343.476301383997,-0.1,1.7398,0.0,1.725946533656788,long_nclose,0.0,0.0,104.0
1650845760000.0,218428,1650845760000.0,0.0,-0.010737424,1343.465563959997,1343.3831439599971,31.7,1.6936,31.7,1.6936,long_ientry_normal,53.68712,0.039961664400054976,137.0
1650848040000.0,218466,1650848040000.0,0.0,-0.010759304,1343.4548046559971,1340.7801646559972,32.6,1.6502,64.3,1.671596267496112,long_rentry,107.48364,0.08000540072319148,38.0
1650856560000.0,218608,1650856560000.0,0.2868398755832041,-0.0072118,1343.7344327315802,1344.352352855997,-21.4,1.685,42.9,1.671596267496112,long_nclose,71.71147987558321,0.05336730095529824,142.0
1650857700000.0,218627,1650857700000.0,0.6099798755832018,-0.007276428000000001,1344.3371361791633,1344.9693164279968,-21.4,1.7001,21.5,1.671596267496112,long_nclose,35.93931975116641,0.02673385922619985,19.0
1650857940000.0,218631,1650857940000.0,0.3049899377916009,-0.0036382140000000003,1344.638487902955,1344.9560482139968,-10.7,1.7001,10.8,1.671596267496112,long_nclose,18.053239688958012,0.013426091734971182,4.0
1650858120000.0,218634,1650858120000.0,0.15392015552099486,-0.0018361080000000001,1344.790571950476,1344.9547521059972,-5.4,1.7001,5.4,1.671596267496112,long_nclose,9.026619844479006,0.006712286680733381,3.0
1650858480000.0,218640,1650858480000.0,0.07696007776049743,-0.0009180540000000001,1344.8666139742365,1344.946004051997,-2.7,1.7001,2.7,1.671596267496112,long_nclose,4.513309922239503,0.0033559535758733348,6.0
1650858660000.0,218643,1650858660000.0,0.03705485225505432,-0.000442026,1344.9032268004917,1344.944392025997,-1.3,1.7001,1.4,1.671596267496112,long_nclose,2.3402347744945566,0.001740076704300834,3.0
1650859080000.0,218650,1650859080000.0,0.019952612752721553,-0.00023801400000000002,1344.9229413992446,1344.9435240119974,-0.7,1.7001,0.7,1.671596267496112,long_nclose,1.1701173872472783,0.0008700255986635932,7.0
1650861540000.0,218691,1650861540000.0,0.002680746500777609,-6.740000000000001e-05,1344.9255547457453,1344.9312566119972,-0.2,1.685,0.5,1.671596267496112,long_nclose,0.835798133748056,0.0006214456486448883,41.0
1650862320000.0,218704,1650862320000.0,0.0013403732503888045,-3.3700000000000006e-05,1344.9268614189957,1344.9326229119972,-0.1,1.685,0.4,1.671596267496112,long_nclose,0.6686385069984448,0.0004971560358999615,13.0
1650866760000.0,218778,1650866760000.0,0.0,-0.010642204,1344.9162192149956,1344.7953607079971,32.3,1.6474,32.7,1.6476959788072916,long_ientry_partial,53.87965850699844,0.04006172112226222,74.0
1650870120000.0,218834,1650870120000.0,0.0,-0.010756179999999999,1344.9054630349956,1343.0987045279971,33.5,1.6054,66.2,1.6262924245770156,long_rentry,107.66055850699844,0.08005065148894931,56.0
1650879300000.0,218987,1650879300000.0,0.28836665930565575,-0.00721336,1345.1866163343013,1345.7040911679971,-22.0,1.6394,44.2,1.6262924245770156,long_nclose,71.88212516630409,0.05343654500680832,153.0
1650879480000.0,218990,1650879480000.0,0.19268135871786995,-0.004819835999999999,1345.3744778570192,1345.7788513319972,-14.7,1.6394,29.5,1.6262924245770156,long_nclose,47.97562652502196,0.03565968235211357,3.0
1650879600000.0,218992,1650879600000.0,0.12845423914524667,-0.0032132240000000006,1345.4997188721643,1345.7697581079972,-9.8,1.6394,19.7,1.6262924245770156,long_nclose,32.03796076416721,0.023811198408144097,2.0
1650880140000.0,219001,1650880140000.0,0.08519924024939829,-0.00213122,1345.5827868924139,1345.7769268879972,-6.5,1.6394,13.2,1.6262924245770156,long_nclose,21.467060004416606,0.015953726677787092,9.0
1650882060000.0,219033,1650882060000.0,0.057673331861131154,-0.001442672,1345.6390175522752,1345.7508442159974,-4.4,1.6394,8.8,1.6262924245770156,long_nclose,14.311373336277738,0.010635373342778217,32.0
1650882180000.0,219035,1650882180000.0,0.03801196872665462,-0.000950852,1345.6760786690018,1345.7687533639973,-2.9,1.6394,5.9,1.6262924245770156,long_nclose,9.595125305004393,0.007130338019008899,2.0
1650883320000.0,219054,1650883320000.0,0.024904393303670266,-0.000622972,1345.7003600903054,1345.7551903919973,-1.9,1.6394,4.0,1.6262924245770156,long_nclose,6.5051696983080625,0.004834040244940949,19.0
1650883620000.0,219059,1650883620000.0,0.01703984804987966,-0.000426244,1345.7169736943554,1345.7593841479975,-1.3,1.6394,2.7,1.6262924245770156,long_nclose,4.390989546357942,0.00326293688211682,5.0
1650885720000.0,219094,1650885720000.0,0.011796817880685918,-0.000295092,1345.728475420236,1345.7549490559975,-0.9,1.6394,1.8,1.6262924245770156,long_nclose,2.927326364238628,0.0021752726628783718,35.0
1650885840000.0,219096,1650885840000.0,0.024936817880685868,-0.00029772,1345.7531145181167,1345.7798513359974,-0.9,1.654,0.9,1.6262924245770156,long_nclose,1.463663182119314,0.001087616418144734,2.0
1650886200000.0,219102,1650886200000.0,0.01108303016919372,-0.00013232,1345.764065228286,1345.7794190159975,-0.4,1.654,0.5,1.6262924245770156,long_nclose,0.8131462122885078,0.0006042264266809439,6.0
1650886320000.0,219104,1650886320000.0,0.00554151508459686,-6.616e-05,1345.7695405833706,1345.7784528559976,-0.2,1.654,0.3,1.6262924245770156,long_nclose,0.48788772737310465,0.00036253438100673075,2.0
1650887220000.0,219119,1650887220000.0,0.00277075754229843,-3.308e-05,1345.7722782609128,1345.7782197759973,-0.1,1.654,0.2,1.6262924245770156,long_nclose,0.32525848491540316,0.0002416890956735426,15.0
1650887340000.0,219121,1650887340000.0,0.008481515084596892,-6.6748e-05,1345.7806930279974,1345.7806930279974,-0.2,1.6687,0.0,1.6262924245770156,long_nclose,0.0,0.0,2.0
1650979200000.0,220652,1650979200000.0,0.0,-0.010750104,1345.7699429239974,1345.7448229239974,31.4,1.7118,31.4,1.7118,long_ientry_normal,53.750519999999995,0.0399403481127053,1531.0
1650981600000.0,220692,1650981600000.0,0.0,-0.010774634,1345.7591682899974,1344.3233782899974,32.3,1.6679,63.7,1.6895398744113028,long_rentry,107.62369,0.07997247392841703,40.0
1650988680000.0,220810,1650988680000.0,0.0,-0.010774500000000001,1345.7483937899974,1342.1633037899974,33.0,1.6325,96.7,1.6700743536711475,long_rentry,161.49618999999998,0.12000474289639114,118.0
1651009980000.0,221165,1651009980000.0,0.4323058117890492,-0.010841740000000002,1346.1698578617866,1347.3260620499975,-32.2,1.6835,64.5,1.6700743536711475,long_nclose,107.71979581178901,0.08001946796141143,355.0
1651010400000.0,221172,1651010400000.0,0.28865139607032786,-0.00723905,1346.4512702078569,1347.0500729999976,-21.5,1.6835,43.0,1.6700743536711475,long_nclose,71.81319720785935,0.05333516243537968,7.0
1651010640000.0,221176,1651010640000.0,0.19198674250259018,-0.00481481,1346.6384421403595,1347.1816081899976,-14.3,1.6835,28.7,1.6700743536711475,long_nclose,47.93113395036193,0.035593172191178316,4.0
1651011000000.0,221182,1651011000000.0,0.40648674250258876,-0.00485771,1347.0400711728623,1347.4566004799979,-14.3,1.6985,14.4,1.6700743536711475,long_nclose,24.049070692864525,0.017853270446457542,6.0
1651011540000.0,221191,1651011540000.0,0.204664653567737,-0.00244584,1347.24228998643,1347.4505546399978,-7.2,1.6985,7.2,1.6700743536711475,long_nclose,12.024535346432263,0.008925295350217502,9.0
1651011660000.0,221193,1651011660000.0,0.1023323267838685,-0.00122292,1347.343399393214,1347.4475317199979,-3.6,1.6985,3.6,1.6700743536711475,long_nclose,6.012267673216131,0.004462312782267535,2.0
1651012680000.0,221210,1651012680000.0,0.01611077559462295,-0.00040404000000000004,1347.3591061288087,1347.397327679998,-1.2,1.6835,2.4,1.6700743536711475,long_nclose,4.008178448810754,0.002974840508798676,17.0
1651015080000.0,221250,1651015080000.0,0.0,-0.010000832,1347.3491052968086,1347.289766847998,30.7,1.6288,33.1,1.6317927023809895,long_ientry_partial,54.01233844881075,0.040087857138489974,40.0
1651015860000.0,221263,1651015860000.0,0.1441802738091158,-0.0036187800000000003,1347.4896667906178,1348.024648067998,-11.0,1.6449,22.1,1.6317927023809895,long_nclose,36.062618722619874,0.02676281652571925,13.0
1651015920000.0,221264,1651015920000.0,0.3058802738091151,-0.0036511200000000003,1347.7918959444269,1348.116096947998,-11.0,1.6596,11.1,1.6317927023809895,long_nclose,18.11289899642898,0.013438943393955401,1.0
1651016040000.0,221266,1651016040000.0,0.47183100357101543,-0.0037169459999999996,1348.260010001998,1348.260010001998,-11.1,1.6743,0.0,1.6317927023809895,long_nclose,0.0,0.0,2.0
1651058700000.0,221977,1651058700000.0,0.0,-0.010779228000000002,1348.2492307739979,1348.2099907739978,32.7,1.6482,32.7,1.6482,long_ientry_normal,53.89614000000001,0.039974908770435205,711.0
1651059180000.0,221985,1651059180000.0,0.14387999999999868,-0.003621852,1348.389488921998,1348.712128921998,-10.9,1.6614,21.8,1.6482,long_nclose,35.93076000000001,0.026647167079836633,8.0
1651060080000.0,222000,1651060080000.0,0.09503999999999913,-0.002392416,1348.482136505998,1348.6836165059979,-7.2,1.6614,14.6,1.6482,long_nclose,24.06372,0.01784504173140225,15.0
1651060920000.0,222014,1651060920000.0,0.06335999999999942,-0.001594944,1348.543901561998,1348.728141561998,-4.8,1.6614,9.8,1.6482,long_nclose,16.15236,0.011977630080334032,14.0
1651063200000.0,222052,1651063200000.0,0.04223999999999961,-0.001063296,1348.585078265998,1348.669558265998,-3.2,1.6614,6.6,1.6482,long_nclose,10.878120000000001,0.008066320898335179,38.0
1651065660000.0,222093,1651065660000.0,0.029039999999999736,-0.0007310160000000001,1348.613387249998,1348.682907249998,-2.2,1.6614,4.4,1.6482,long_nclose,7.252080000000001,0.005377434384503595,41.0
1651066260000.0,222103,1651066260000.0,0.06181999999999955,-0.000737572,1348.6744696779979,1348.7422296779978,-2.2,1.6763,2.2,1.6482,long_nclose,3.6260400000000006,0.0026885954183337763,10.0
1651066560000.0,222108,1651066560000.0,0.09437999999999987,-0.0007440840000000001,1348.768105593998,1348.768105593998,-2.2,1.6911,0.0,1.6482,long_nclose,0.0,0.0,5.0
1651153620000.0,223559,1651153620000.0,0.0,-0.01079712,1348.757308473998,1348.757308473998,32.6,1.656,32.6,1.656,long_ientry_normal,53.9856,0.04002617792008855,1451.0
1651157580000.0,223625,1651157580000.0,0.143640000000001,-0.003605688,1348.8973427859978,1349.2025427859978,-10.8,1.6693,21.8,1.656,long_nclose,36.1008,0.026763193057699856,66.0
1651157880000.0,223630,1651157880000.0,0.09576000000000065,-0.002403792,1348.9906989939977,1349.2534989939977,-7.2,1.6693,14.6,1.656,long_nclose,24.177599999999998,0.01792273291285871,5.0
1651158240000.0,223636,1651158240000.0,0.20586000000000002,-0.002458932,1349.1941000619977,1349.3985000619978,-7.3,1.6842,7.3,1.656,long_nclose,12.088799999999999,0.00896001546363455,6.0
1651158300000.0,223637,1651158300000.0,0.10152000000000001,-0.001212624,1349.2944074379977,1349.4091074379978,-3.6,1.6842,3.7,1.656,long_nclose,6.1272,0.004541040091935277,1.0
1651158420000.0,223639,1651158420000.0,0.15947000000000053,-0.0012573340000000001,1349.4526201039978,1349.4526201039978,-3.7,1.6991,0.0,1.656,long_nclose,0.0,0.0,2.0
1651223160000.0,224718,1651223160000.0,0.0,-0.010784688000000002,1349.4418354159977,1349.6675954159978,33.2,1.6242,33.2,1.6242,long_ientry_normal,53.92344000000001,0.03995981048221824,1079.0
1651224600000.0,224742,1651224600000.0,0.14409999999999878,-0.0036020600000000002,1349.5823333559977,1349.9552933559976,-11.0,1.6373,22.2,1.6242,long_nclose,36.05724,0.02671733254712715,24.0
1651224840000.0,224746,1651224840000.0,0.0969399999999992,-0.0024232040000000004,1349.6768501519975,1349.8810901519976,-7.4,1.6373,14.8,1.6242,long_nclose,24.03816,0.0178103077023903,4.0
1651228020000.0,224799,1651228020000.0,0.0,-0.00603449,1349.6708156619975,1349.4957056619976,18.7,1.6135,33.5,1.6182271641791046,long_ientry_partial,54.21061,0.04016580144648852,53.0
1651236480000.0,224940,1651236480000.0,0.14399847761193857,-0.0036212640000000003,1349.8111928756093,1350.0973043979973,-11.1,1.6312,22.4,1.6182271641791046,long_nclose,36.24828847761194,0.0268543398283647,141.0
1651250580000.0,225175,1651250580000.0,0.0,-0.0037427880000000004,1349.8074500876094,1348.7305216099974,11.9,1.5726,34.3,1.6023973317088034,long_ientry_partial,54.96222847761195,0.04071856950711349,235.0
1651256460000.0,225273,1651256460000.0,0.0,-0.010802812,1349.7966472756093,1348.0287587979974,34.6,1.5611,68.9,1.581658758746182,long_rentry,108.97628847761194,0.08073533794706525,98.0
1651261980000.0,225365,1651261980000.0,0.0,-0.010909920000000002,1349.7857373556094,1345.8794488779974,35.7,1.528,104.6,1.5633450141263094,long_rentry,163.52588847761197,0.12114951577276155,92.0
1651278420000.0,225639,1651278420000.0,0.43691350840443416,-0.010968264,1350.2116826000138,1351.0950006139974,-34.8,1.5759,69.8,1.5633450141263094,long_nclose,109.12148198601639,0.08081805497037942,274.0
1651280040000.0,225666,1651280040000.0,0.2912756722696228,-0.007312176,1350.4956460962835,1351.1785684379975,-23.2,1.5759,46.6,1.5633450141263094,long_nclose,72.85187765828603,0.053944548335916706,27.0
1651280280000.0,225670,1651280280000.0,0.1946022810422049,-0.0048852900000000005,1350.6853630873259,1351.2033331479977,-15.5,1.5759,31.1,1.5633450141263094,long_nclose,48.62002993932823,0.03599656238829383,4.0
1651280460000.0,225673,1651280460000.0,0.12931635449901357,-0.0032463540000000003,1350.8114330878248,1351.0746567939975,-10.3,1.5759,20.8,1.5633450141263094,long_nclose,32.51757629382724,0.02407262442211878,3.0
1651282020000.0,225699,1651282020000.0,0.0866294025284654,-0.0021747420000000003,1350.895887748353,1351.0717920519974,-6.9,1.5759,13.9,1.5633450141263094,long_nclose,21.730495696355703,0.016085988486185764,26.0
1651282320000.0,225704,1651282320000.0,0.05775293501897693,-0.001449828,1350.952190855372,1351.1070822239974,-4.6,1.5759,9.3,1.5633450141263094,long_nclose,14.53910863137468,0.010762119288743344,5.0
1651282800000.0,225712,1651282800000.0,0.12261293501897694,-0.0014628,1351.073340990391,1351.2033194239973,-4.6,1.59,4.7,1.5633450141263094,long_nclose,7.347721566393655,0.005438432795223004,8.0
1651283040000.0,225716,1651283040000.0,0.06130646750948847,-0.0007314,1351.1339160579005,1351.1954880239973,-2.3,1.59,2.4,1.5633450141263094,long_nclose,3.7520280339031427,0.0027769475618302487,4.0
1651343640000.0,226726,1651343640000.0,0.0,-0.010088826,1351.1238272319006,1350.7651691979975,34.1,1.4793,36.5,1.4848262475041958,long_ientry_partial,54.196158033903146,0.04011191050115436,1010.0
1651344600000.0,226742,1651344600000.0,0.0,-0.010821316000000001,1351.1130059159007,1349.7435678819975,37.4,1.4467,73.9,1.4655309612165512,long_rentry,108.30273803390314,0.080158164091157,16.0
1651348080000.0,226800,1651348080000.0,0.2895183540728409,-0.007268316,1351.3952559539737,1352.0099795659978,-24.6,1.4773,49.3,1.4655309612165512,long_nclose,72.25067638797597,0.05346376352118607,58.0
1651350180000.0,226835,1651350180000.0,0.19301223604856055,-0.004845544,1351.5834226460222,1352.0923540219976,-16.4,1.4773,32.9,1.4655309612165512,long_nclose,48.21596862402453,0.03567369044052875,35.0
1651350720000.0,226844,1651350720000.0,0.1282825227395921,-0.0032205140000000003,1351.7084846547616,1352.0268035079976,-10.9,1.4773,22.0,1.4655309612165512,long_nclose,32.24168114676413,0.023852540331578184,9.0
1651351080000.0,226850,1651351080000.0,0.08591398311917635,-0.002156858,1351.7922417798807,1352.0196366499974,-7.3,1.4773,14.7,1.4655309612165512,long_nclose,21.5433051298833,0.01593684625791136,6.0
1651352100000.0,226867,1651352100000.0,0.0576682900388992,-0.001447754,1351.8484623159195,1351.9608588959973,-4.9,1.4773,9.8,1.4655309612165512,long_nclose,14.362203419922203,0.01062412231864923,17.0
1651353060000.0,226883,1651353060000.0,0.0,-0.007961772,1351.8405005439195,1351.6870371239972,27.3,1.4582,37.1,1.4601364803213532,long_ientry_partial,54.171063419922206,0.04007208202308351,16.0
1651359420000.0,226989,1651359420000.0,0.0,-0.01081252,1351.8296880239195,1350.5384246039973,38.0,1.4227,75.1,1.4411939203718007,long_rentry,108.23366341992222,0.08006457054374672,106.0
1651359840000.0,226996,1651359840000.0,0.0,-0.01083365,1351.8188543739195,1347.9909409539973,38.9,1.3925,114.0,1.4245781878940547,long_rentry,162.40191341992224,0.12013585466311383,7.0
1651359960000.0,226998,1651359960000.0,0.0,-0.016133118000000002,1351.8027212559196,1343.9781178359974,59.1,1.3649,173.1,1.4042027927205212,long_rentry,243.06750341992222,0.17980989355761576,2.0
1651360020000.0,226999,1651360020000.0,0.0,-0.023858064,1351.7788631919195,1334.3458397719971,89.8,1.3284,262.9,1.378310473259499,long_rentry,362.3578234199223,0.26805998620535937,1.0
1651371420000.0,227189,1651371420000.0,0.9714425424678786,-0.024342288,1352.7259634463874,1354.7751374839972,-87.6,1.3894,175.3,1.378310473259499,long_nclose,241.6178259623902,0.17861550121120764,190.0
1651371540000.0,227191,1651371540000.0,0.6476283616452525,-0.016228192,1353.3573636160327,1355.3083692919972,-58.4,1.3894,116.9,1.378310473259499,long_nclose,161.12449432403545,0.11905539412999332,2.0
1651381860000.0,227363,1651381860000.0,0.431382590205485,-0.010809531999999998,1353.7779366742382,1354.6897197599972,-38.9,1.3894,78.0,1.378310473259499,long_nclose,107.50821691424093,0.07941347986387727,172.0
1651382100000.0,227367,1651382100000.0,0.9160915428795338,-0.010934039999999999,1354.6830941771177,1355.6069857199973,-39.0,1.4018,39.0,1.378310473259499,long_nclose,53.754108457120466,0.0396802091117647,4.0
1651382460000.0,227373,1651382460000.0,0.4580457714397669,-0.0054670199999999995,1355.1356729285576,1355.5586186999974,-19.5,1.4018,19.5,1.378310473259499,long_nclose,26.877054228560233,0.01983347849627244,6.0
1651382580000.0,227375,1651382580000.0,0.22784840938285839,-0.0027194919999999996,1355.3608018459404,1355.6027592079972,-9.7,1.4018,9.8,1.378310473259499,long_nclose,13.507442637943091,0.009965938678133942,2.0
1651382700000.0,227377,1651382700000.0,0.11509868102845425,-0.0013737640000000002,1355.474526762969,1355.5857054439973,-4.9,1.4018,4.9,1.378310473259499,long_nclose,6.753721318971546,0.004982551265718153,2.0
1651382760000.0,227378,1651382760000.0,0.056374864177202076,-0.000672864,1355.5302287631462,1355.5894525799974,-2.4,1.4018,2.5,1.378310473259499,long_nclose,3.4457761831487477,0.002542013530965552,1.0
1651383360000.0,227388,1651383360000.0,0.08972381685125208,-0.0007071,1355.6192454799975,1355.6192454799975,-2.5,1.4142,0.0,1.378310473259499,long_nclose,0.0,0.0,10.0
1651507560000.0,229458,1651507560000.0,0.0,-0.010835308000000002,1355.6084101719975,1355.6010701719977,36.7,1.4762,36.7,1.4762,long_ientry_normal,54.17654,0.03996474173033949,2070.0
1651508340000.0,229471,1651508340000.0,0.14518000000000025,-0.0036309639999999995,1355.7499592079976,1356.0635592079975,-12.2,1.4881,24.5,1.4762,long_nclose,36.1669,0.026676674230643526,13.0
1651508520000.0,229474,1651508520000.0,0.3074400000000013,-0.0036634160000000005,1356.0537357919975,1356.3710757919976,-12.2,1.5014,12.3,1.4762,long_nclose,18.15726,0.013389779122134366,3.0
1651509600000.0,229492,1651509600000.0,0.15372000000000066,-0.0018317080000000003,1356.2056240839975,1356.3469840839975,-6.1,1.5014,6.2,1.4762,long_nclose,9.15244,0.006748563667240137,18.0
1651511040000.0,229516,1651511040000.0,0.0,-0.009019044000000002,1356.1966050399974,1356.3025450399973,30.6,1.4737,36.8,1.474121195652174,long_ientry_partial,54.24766,0.03999984943068053,24.0
1651513500000.0,229557,1651513500000.0,0.0,-0.010858427999999998,1356.1857466119975,1354.6969466119974,37.8,1.4363,74.6,1.4549571045576408,long_rentry,108.5398,0.08003313725361919,41.0
1651517580000.0,229625,1651517580000.0,0.29122380697050493,-0.007274831999999999,1356.469695586968,1357.0196317799976,-24.8,1.4667,49.8,1.4549571045576408,long_nclose,72.4568638069705,0.05341576302271696,68.0
1651517640000.0,229626,1651517640000.0,0.19493206434316057,-0.0048694440000000005,1356.6597582073114,1357.0263823359976,-16.6,1.4667,33.2,1.4549571045576408,long_nclose,48.30457587131368,0.03560551979159704,1.0
1651517700000.0,229627,1651517700000.0,0.12917184986594976,-0.0032267399999999996,1356.7857033171774,1357.0530555959979,-11.0,1.4667,22.2,1.4549571045576408,long_nclose,32.300047721179624,0.023806300171213407,1.0
1651517880000.0,229630,1651517880000.0,0.08689742627345712,-0.002170716,1356.870430027451,1357.048664879998,-7.4,1.4667,14.8,1.4549571045576408,long_nclose,21.533365147453086,0.01586987576036825,3.0
1651518060000.0,229633,1651518060000.0,0.057540187667559445,-0.001437366,1356.9265328491188,1357.045757513998,-4.9,1.4667,9.9,1.4549571045576408,long_nclose,14.404075335120645,0.010615221227104035,3.0
1651518240000.0,229636,1651518240000.0,0.038751554959784926,-0.0009680219999999999,1356.9643163820786,1357.037199491998,-3.3,1.4667,6.6,1.4549571045576408,long_nclose,9.602716890080428,0.0070766171034497595,3.0
1651518300000.0,229637,1651518300000.0,0.025834369973189955,-0.000645348,1356.9895054040517,1357.042494143998,-2.2,1.4667,4.4,1.4549571045576408,long_nclose,6.40181126005362,0.004717657162829305,1.0
1651518720000.0,229644,1651518720000.0,0.0546543699731902,-0.0006511120000000001,1357.0435086620248,1357.098603031998,-2.2,1.4798,2.2,1.4549571045576408,long_nclose,3.20090563002681,0.002358734712332649,7.0
1651518900000.0,229647,1651518900000.0,0.0273271849865951,-0.00032555600000000007,1357.0705102910115,1357.1013574759982,-1.1,1.4798,1.1,1.4549571045576408,long_nclose,1.600452815013405,0.0011793438902966084,3.0
1651519200000.0,229652,1651519200000.0,0.01242144772117959,-0.00014798,1357.0827837587326,1357.098409495998,-0.5,1.4798,0.6,1.4549571045576408,long_nclose,0.8729742627345844,0.000643272667800482,5.0
1651519380000.0,229655,1651519380000.0,0.02276573726541544,-0.00017914799999999999,1357.1053703479981,1357.1053703479981,-0.6,1.4929,0.0,1.4549571045576408,long_nclose,0.0,0.0,3.0
1651760460000.0,233673,1651760460000.0,0.0,-0.010843676,1357.0945266719982,1356.8841466719982,31.4,1.7267,31.4,1.7267,long_ientry_normal,54.218379999999996,0.03995180802398465,4018.0
1651761600000.0,233692,1651761600000.0,0.0,-0.010868303999999999,1357.0836583679982,1355.093858367998,32.3,1.6824,63.7,1.7042370486656195,long_rentry,108.55989999999997,0.07999499465681574,19.0
1651763220000.0,233719,1651763220000.0,0.0,-0.010868220000000001,1357.0727901479981,1352.372990147998,33.0,1.6467,96.7,1.684601861427094,long_rentry,162.90099999999998,0.12003851317528406,27.0
1651763280000.0,233720,1651763280000.0,0.0,-0.016205564000000002,1357.056584583998,1350.224364583998,50.2,1.6141,146.9,1.660509326072158,long_rentry,243.92882,0.17974845173812387,1.0
1651763280000.0,233720,1651763280000.0,0.0,-0.023940516000000002,1357.032644067998,1353.484644067998,76.2,1.5709,223.1,1.629903182429404,long_rentry,363.6314,0.2679606873051605,0.0
1651763520000.0,233724,1651763520000.0,0.9730935454952908,-0.024414980000000003,1357.9813226334932,1359.9301290879978,-74.3,1.643,148.8,1.629903182429404,long_nclose,242.52959354549532,0.17859567690899078,4.0
1651763880000.0,233730,1651763880000.0,0.649602151501567,-0.01629856,1358.6146262249947,1359.9138305279978,-49.6,1.643,99.2,1.629903182429404,long_nclose,161.68639569699687,0.11900828430373503,6.0
1651766040000.0,233766,1651766040000.0,0.0,-0.01605736,1358.5985688649946,1352.0131731679978,51.4,1.562,150.6,1.6067277270716924,long_rentry,241.97319569699687,0.1781049982255958,36.0
1651767600000.0,233792,1651767600000.0,0.6461881010010367,-0.016260784,1359.2284961819958,1360.761832383998,-50.2,1.6196,100.4,1.6067277270716924,long_nclose,161.31546379799792,0.11868163759892095,26.0
1651767720000.0,233794,1651767720000.0,0.42993391580547063,-0.010818928,1359.6476111698014,1360.000853455998,-33.4,1.6196,67.0,1.6067277270716924,long_nclose,107.65075771380339,0.0791754840220576,2.0
1651767960000.0,233798,1651767960000.0,0.2870516863012574,-0.007223416000000001,1359.9274394401027,1360.4313100399982,-22.3,1.6196,44.7,1.6067277270716924,long_nclose,71.82072940010465,0.05281217755976308,4.0
1651768020000.0,233799,1651768020000.0,0.19179686663178183,-0.004826408,1360.1144098987345,1360.7483236319981,-14.9,1.6196,29.8,1.6067277270716924,long_nclose,47.88048626673643,0.03520327842883549,1.0
1651770180000.0,233835,1651770180000.0,0.1274355019902443,-0.0032068080000000002,1360.2386385927248,1360.4430568239982,-9.9,1.6196,19.9,1.6067277270716924,long_nclose,31.973881768726677,0.023506082581072837,36.0
1651770240000.0,233836,1651770240000.0,0.08495700132682953,-0.002137872,1360.3214577220515,1360.458078951998,-6.6,1.6196,13.3,1.6067277270716924,long_nclose,21.36947877005351,0.015709138930909847,1.0
1651770300000.0,233837,1651770300000.0,0.0,-0.006597359999999999,1360.3148603620516,1360.350381591998,20.4,1.617,33.7,1.6129459575683531,long_ientry_partial,54.35627877005351,0.03995860102240332,1.0
1651770300000.0,233837,1651770300000.0,0.029277786699245925,-0.001425248,1360.3427129007507,1360.3735963439979,-4.4,1.6196,29.3,1.6129459575683531,long_nclose,47.25931655675275,0.03474074298231695,0.0
1651770420000.0,233839,1651770420000.0,0.12565421158697368,-0.0031542459999999994,1360.4652128663379,1360.7994720979982,-9.7,1.6259,19.6,1.6129459575683531,long_nclose,31.613740768339724,0.02323744882953188,2.0
1651770480000.0,233840,1651770480000.0,0.0,-0.0044988,1360.460714066338,1360.9953732979982,13.8,1.63,33.4,1.6199922385730456,long_ientry_partial,54.107740768339724,0.039771630454961716,1.0
1651774260000.0,233903,1651774260000.0,0.0,-0.010891650000000001,1360.4498224163378,1359.1658316479982,34.5,1.5785,67.9,1.5989100260432947,long_rentry,108.56599076833972,0.07980153988738242,63.0
1651775040000.0,233916,1651775040000.0,0.0,-0.0108768,1360.4389456163378,1355.9536548479982,35.2,1.545,103.1,1.5805042751536345,long_rentry,162.94999076833972,0.11977751099628826,13.0
1651777620000.0,233959,1651777620000.0,0.0,-0.01620408,1360.4227415363378,1354.484350767998,53.5,1.5144,156.6,1.5579207584185166,long_rentry,243.97039076833968,0.17933424906791967,43.0
1651783560000.0,234058,1651783560000.0,0.651416410553433,-0.016394976000000002,1361.0577629708912,1362.1100357919981,-52.2,1.5704,104.4,1.5579207584185166,long_nclose,162.64692717889315,0.11950038536488745,99.0
1651783980000.0,234065,1651783980000.0,0.43427760703562196,-0.010929984,1361.4811105939268,1362.391425807998,-34.8,1.5704,69.6,1.5579207584185166,long_nclose,108.43128478592875,0.07964215143508466,7.0
1651785060000.0,234083,1651785060000.0,0.2895184046904147,-0.007286656,1361.7633423426173,1362.370219151998,-23.2,1.5704,46.4,1.5579207584185166,long_nclose,72.28752319061917,0.053083763487320954,18.0
1651786680000.0,234110,1651786680000.0,0.6166384046904146,-0.0073520799999999996,1362.3726286673077,1363.0240670719982,-23.2,1.5845,23.2,1.5579207584185166,long_nclose,36.143761595309584,0.026530011565680033,27.0
1651787580000.0,234125,1651787580000.0,0.3083192023452073,-0.0036760399999999998,1362.677271829653,1363.0029910319981,-11.6,1.5845,11.6,1.5579207584185166,long_nclose,18.071880797654792,0.013262040228637454,15.0
1651789740000.0,234161,1651789740000.0,0.04742111800963689,-0.001193504,1362.7234994436626,1362.8333175279981,-3.8,1.5704,7.8,1.5579207584185166,long_nclose,12.15178191566443,0.008917276263765499,36.0
1651790520000.0,234174,1651790520000.0,0.03244602811185682,-0.0008166080000000001,1362.7551288637746,1362.8335409199983,-2.6,1.5704,5.2,1.5579207584185166,long_nclose,8.101187943776287,0.005944712863073809,13.0
1651790880000.0,234180,1651790880000.0,0.021214710688521765,-0.000533936,1362.7758096384632,1362.8215869839985,-1.7,1.5704,3.5,1.5579207584185166,long_nclose,5.452722654464808,0.004001188321585621,6.0
1651791060000.0,234183,1651791060000.0,0.0,-0.009816268,1362.7659933704633,1362.7108307159986,31.4,1.5631,34.9,1.5625805918184759,long_ientry_partial,54.534062654464805,0.04001718777821007,3.0
1651792140000.0,234201,1651792140000.0,0.14522513490567937,-0.003654232,1362.9075642733692,1363.2202364839986,-11.6,1.5751,23.3,1.5625805918184759,long_nclose,36.40812778937049,0.026713570856715725,18.0
1651792440000.0,234206,1651792440000.0,0.09639944299773544,-0.002425654,1363.001538062367,1363.3356808299989,-7.7,1.5751,15.6,1.5625805918184759,long_nclose,24.37625723236822,0.017884247780836204,5.0
1651793340000.0,234221,1651793340000.0,0.06510092254392523,-0.001638104,1363.065000880911,1363.2149627259987,-5.2,1.5751,10.4,1.5625805918184759,long_nclose,16.25083815491215,0.011922276739854435,15.0
1651793520000.0,234224,1651793520000.0,0.042565987817181884,-0.001071068,1363.106495800728,1363.2074316579988,-3.4,1.5751,7.0,1.5625805918184759,long_nclose,10.938064142729331,0.008024365063497109,3.0
1651795440000.0,234256,1651795440000.0,0.02879463881750539,-0.000724546,1363.1345658935456,1363.211737111999,-2.3,1.5751,4.7,1.5625805918184759,long_nclose,7.344128781546837,0.00538767702419218,32.0
1651797540000.0,234291,1651797540000.0,0.0,-0.00945866,1363.1251072335456,1363.1884784519987,30.5,1.5506,35.2,1.5521996812939443,long_ientry_partial,54.637428781546845,0.04008247554946236,35.0
1651803060000.0,234383,1651803060000.0,0.14625372886085197,-0.003661398,1363.2676995644063,1363.6155070539985,-11.7,1.5647,23.5,1.5521996812939443,long_nclose,36.47669251040769,0.026756808308494938,92.0
1651803240000.0,234386,1651803240000.0,0.09750248590723465,-0.002440932,1363.3627611183135,1363.5951261219986,-7.8,1.5647,15.7,1.5521996812939443,long_nclose,24.369534996314925,0.01787457871911181,3.0
1651803420000.0,234389,1651803420000.0,0.06500165727148977,-0.0016272880000000002,1363.426135487585,1363.6235388339987,-5.2,1.5647,10.5,1.5521996812939443,long_nclose,16.298096653586416,0.0119537804281256,3.0
1651803720000.0,234394,1651803720000.0,0.043751115471195035,-0.00109529,1363.4687913130563,1363.5723935439987,-3.5,1.5647,7.0,1.5521996812939443,long_nclose,10.86539776905761,0.007968937637798035,5.0
1651804140000.0,234401,1651804140000.0,0.028750733023928162,-0.000719762,1363.4968222840803,1363.5569837819987,-2.3,1.5647,4.7,1.5521996812939443,long_nclose,7.295338502081538,0.0053504624160844415,7.0
1651806300000.0,234437,1651806300000.0,0.018750478059083586,-0.00046941,1363.5151033521392,1363.5560643719987,-1.5,1.5647,3.2,1.5521996812939443,long_nclose,4.967038980140622,0.003642819186915777,36.0
1651822500000.0,234707,1651822500000.0,0.0,-0.009947644,1363.5051557081392,1363.3108967279986,32.9,1.5118,36.1,1.5153811351839508,long_ientry_partial,54.70525898014063,0.04012105033202411,270.0
1651822740000.0,234711,1651822740000.0,0.0,-0.01089657,1363.4942591381391,1362.0541501579985,36.9,1.4765,73.0,1.4957275202758988,long_rentry,109.18810898014061,0.08007962501371887,4.0
1651822860000.0,234713,1651822860000.0,0.0,-0.010954616,1363.4833045221392,1361.4361155419986,37.9,1.4452,110.9,1.4784597743926113,long_rentry,163.9611889801406,0.12025170270610991,2.0
1651823340000.0,234721,1651823340000.0,0.4369043249126401,-0.010998414,1363.9092104330518,1364.8371871279985,-36.9,1.4903,74.0,1.4784597743926113,long_nclose,109.40602330505324,0.0802150337193749,8.0
1651823580000.0,234725,1651823580000.0,0.29126954994176013,-0.007332276,1364.1931477069936,1365.3066348519985,-24.6,1.4903,49.4,1.4784597743926113,long_nclose,73.035912854995,0.05353780949402769,4.0
1651823700000.0,234727,1651823700000.0,0.6234335725025009,-0.007428278000000001,1364.8091530014963,1365.5387965739988,-24.7,1.5037,24.7,1.4784597743926113,long_nclose,36.5179564274975,0.02675682262768168,2.0
1651823760000.0,234728,1651823760000.0,0.0,-0.0034638,1364.8056892014963,1365.3049327739989,11.5,1.506,36.2,1.487208741091091,long_ientry_partial,53.8369564274975,0.03944660903267172,1.0
1651823880000.0,234730,1651823880000.0,0.14389510690690877,-0.0035980800000000005,1364.9459862284032,1365.2313346939989,-12.0,1.4992,24.2,1.487208741091091,long_nclose,35.9904515344044,0.026367674543556582,2.0
1651824000000.0,234732,1651824000000.0,0.0,-0.0036575600000000002,1364.9423286684032,1364.9728771339987,12.2,1.499,36.4,1.4911607564396814,long_ientry_partial,54.2782515344044,0.039765966952872385,2.0
1651824420000.0,234739,1651824420000.0,0.14446484707985655,-0.003637502,1365.0831560134832,1365.443749631999,-12.1,1.5031,24.3,1.4911607564396814,long_nclose,36.23520638148426,0.0265443216567873,7.0
1651824480000.0,234740,1651824480000.0,0.0,-0.0036086399999999998,1365.0795473734831,1365.251140991999,12.0,1.5036,36.3,1.4952729030711918,long_ientry_partial,54.27840638148426,0.039762083085868545,1.0
1651830000000.0,234832,1651830000000.0,0.1455278728385807,-0.0036476660000000004,1365.2214275803217,1365.5294233259988,-12.1,1.5073,24.2,1.4952729030711918,long_nclose,36.18560425432284,0.026505300549272172,92.0
1651830300000.0,234837,1651830300000.0,0.09621677543046658,-0.0024116800000000002,1365.3152326757522,1365.5214116459988,-8.0,1.5073,16.2,1.4952729030711918,long_nclose,24.223421029753304,0.017741998660836818,5.0
1651831620000.0,234859,1651831620000.0,0.06494632341556494,-0.0016278840000000002,1365.3785511151677,1365.516003761999,-5.4,1.5073,10.8,1.4952729030711918,long_nclose,16.14894735316887,0.011827450592349851,22.0
1651834260000.0,234903,1651834260000.0,0.0,-0.007731342000000001,1365.3708197731678,1365.4354624199989,26.1,1.4811,36.9,1.4852481667525443,long_ientry_partial,54.80565735316888,0.04013976024643171,44.0
1651836420000.0,234939,1651836420000.0,0.0,-0.010911134000000001,1365.3599086391678,1363.944781285999,37.7,1.4471,74.6,1.4659695355652667,long_rentry,109.36132735316889,0.08009706939627922,36.0
1651840080000.0,235000,1651840080000.0,0.29339551798138697,-0.007329888,1365.6459742691493,1366.444291397999,-24.8,1.4778,49.8,1.4659695355652667,long_nclose,73.00528287115027,0.0534584249847186,61.0
1651840200000.0,235002,1651840200000.0,0.6232585644248627,-0.007425180000000001,1366.2618076535741,1366.934866217999,-24.9,1.491,24.9,1.4659695355652667,long_nclose,36.502641435575136,0.026717164478354982,2.0
1651840320000.0,235004,1651840320000.0,0.31037775899069475,-0.0036976800000000005,1366.5684877325648,1366.918868537999,-12.4,1.491,12.5,1.4659695355652667,long_nclose,18.324619194565834,0.013409221242156969,2.0
1651840560000.0,235008,1651840560000.0,0.47788080543416656,-0.0037605,1367.042608037999,1367.042608037999,-12.5,1.5042,0.0,1.4659695355652667,long_nclose,0.0,0.0,4.0
1651844100000.0,235067,1651844100000.0,0.0,-0.010943250000000002,1367.0316647879988,1366.8779147879989,37.5,1.4591,37.5,1.4591,long_ientry_normal,54.71625,0.04002559078138507,59.0
1651845660000.0,235093,1651845660000.0,0.14625000000000055,-0.0036770000000000006,1367.174237787999,1367.5967377879988,-12.5,1.4708,25.0,1.4591,long_nclose,36.4775,0.026680944529073543,26.0
1651845900000.0,235097,1651845900000.0,0.09711000000000038,-0.0024415280000000005,1367.2689062599989,1367.5678362599988,-8.3,1.4708,16.7,1.4591,long_nclose,24.36697,0.017821636905832182,4.0
1651846020000.0,235099,1651846020000.0,0.20666999999999938,-0.0024634400000000003,1367.473112819999,1367.673872819999,-8.3,1.484,8.4,1.4591,long_nclose,12.256440000000001,0.008962838014946274,2.0
1651846260000.0,235103,1651846260000.0,0.03276000000000012,-0.0008236480000000001,1367.505049171999,1367.571689171999,-2.8,1.4708,5.6,1.4591,long_nclose,8.17096,0.005975085799461857,4.0
1651846500000.0,235107,1651846500000.0,0.06971999999999978,-0.00083104,1367.5739381319988,1367.6464581319988,-2.8,1.484,2.8,1.4591,long_nclose,4.08548,0.002987392407887249,4.0
1651846620000.0,235109,1651846620000.0,0.03485999999999989,-0.00041552,1367.6083826119989,1367.653042611999,-1.4,1.484,1.4,1.4591,long_nclose,2.04274,0.0014936585838254115,2.0
1651846740000.0,235111,1651846740000.0,0.053200000000000046,-0.000419188,1367.661163423999,1367.661163423999,-1.4,1.4971,0.0,1.4591,long_nclose,0.0,0.0,2.0
1651894080000.0,235900,1651894080000.0,0.0,-0.010944608000000002,1367.6502188159989,1367.6727788159988,37.6,1.4554,37.6,1.4554,long_ientry_normal,54.723040000000005,0.04001245292628607,789.0
1651902420000.0,236039,1651902420000.0,0.14625000000000055,-0.0036677500000000004,1367.792801065999,1368.008661065999,-12.5,1.4671,25.1,1.4554,long_nclose,36.53054,0.026707656285023338,139.0
1651903140000.0,236051,1651903140000.0,0.09711000000000038,-0.0024353860000000008,1367.887475679999,1368.0991556799988,-8.3,1.4671,16.8,1.4554,long_nclose,24.45072,0.017874803618510474,12.0
1651903320000.0,236054,1651903320000.0,0.06552000000000024,-0.001643152,1367.951352527999,1368.092472527999,-5.6,1.4671,11.2,1.4554,long_nclose,16.30048,0.0119159792999045,3.0
1651909500000.0,236157,1651909500000.0,0.04329000000000016,-0.0010856540000000001,1367.993556873999,1368.080556873999,-3.7,1.4671,7.5,1.4554,long_nclose,10.9155,0.007979204247820436,103.0
1651909680000.0,236160,1651909680000.0,0.02925000000000011,-0.0007335500000000001,1368.0220733239992,1368.1000733239991,-2.5,1.4671,5.0,1.4554,long_nclose,7.277,0.005319358614089067,3.0
1651910580000.0,236175,1651910580000.0,0.06199999999999983,-0.0007401,1368.083333223999,1368.149833223999,-2.5,1.4802,2.5,1.4554,long_nclose,3.6385,0.002659560212187938,15.0
1651910940000.0,236181,1651910940000.0,0.009360000000000035,-0.000234736,1368.092458487999,1368.113878487999,-0.8,1.4671,1.7,1.4554,long_nclose,2.47418,0.0018084888814710936,6.0
1651911060000.0,236183,1651911060000.0,0.005850000000000022,-0.00014671,1368.098161777999,1368.115681777999,-0.5,1.4671,1.2,1.4554,long_nclose,1.74648,0.0012765750651475556,2.0
1651911180000.0,236185,1651911180000.0,0.01487999999999996,-0.00017762399999999998,1368.112864153999,1368.127024153999,-0.6,1.4802,0.6,1.4554,long_nclose,0.87324,0.0006382806732396206,2.0
1651911240000.0,236186,1651911240000.0,0.00743999999999998,-8.881199999999999e-05,1368.120215341999,1368.128795341999,-0.3,1.4802,0.3,1.4554,long_nclose,0.43662,0.0003191386218139134,1.0
1651911540000.0,236191,1651911540000.0,0.0024799999999999935,-2.9604000000000003e-05,1368.1226657379991,1368.128185737999,-0.1,1.4802,0.2,1.4554,long_nclose,0.29108,0.0002127587001440286,5.0
1651912920000.0,236214,1651912920000.0,0.0024799999999999935,-2.9604000000000003e-05,1368.1251161339992,1368.1274761339992,-0.1,1.4802,0.1,1.4554,long_nclose,0.14554,0.0001063791595400733,23.0
1651912980000.0,236215,1651912980000.0,0.0024799999999999935,-2.9604000000000003e-05,1368.1275665299993,1368.1275665299993,-0.1,1.4802,0.0,1.4554,long_nclose,0.0,0.0,1.0
1651957980000.0,236965,1651957980000.0,0.0,-0.01095017,1368.1166163599994,1368.2282663599995,38.5,1.4221,38.5,1.4221,long_ientry_normal,54.75085,0.040019139702922174,750.0
1651959180000.0,236985,1651959180000.0,0.145920000000001,-0.00366976,1368.2588665999992,1368.6160965999993,-12.8,1.4335,25.7,1.4221,long_nclose,36.54797,0.026711297761087,20.0
1651959480000.0,236990,1651959480000.0,0.09690000000000065,-0.00243695,1368.3533296499993,1368.6096096499994,-8.5,1.4335,17.2,1.4221,long_nclose,24.460119999999996,0.01787558773745701,5.0
1651960320000.0,237004,1651960320000.0,0.0,-0.006069468,1368.3472601819992,1368.2360001819993,21.4,1.4181,38.6,1.419882383419689,long_ientry_partial,54.80746,0.04005376529398703,14.0
1651963980000.0,237065,1651963980000.0,0.0,-0.010956528,1368.3363036539993,1366.5840036539992,39.6,1.3834,78.2,1.4014079283887468,long_rentry,109.5901,0.08009003320846717,61.0
1651964580000.0,237075,1651964580000.0,0.29359386189258396,-0.007346040000000001,1368.622551475892,1369.2276576139993,-26.0,1.4127,52.2,1.4014079283887468,long_nclose,73.15349386189258,0.05345045190363515,10.0
1651965060000.0,237083,1651965060000.0,0.6235830690537079,-0.007440066,1369.2386944789455,1370.0893475479993,-26.1,1.4253,26.1,1.4014079283887468,long_nclose,36.57674693094629,0.02671319988138761,8.0
1651965960000.0,237098,1651965960000.0,0.31059693094629126,-0.00370578,1369.5455856298918,1369.8677417679992,-13.0,1.4253,13.1,1.4014079283887468,long_nclose,18.35844386189258,0.013404770205913977,15.0
1651966080000.0,237100,1651966080000.0,0.47804613810741586,-0.0037672979999999997,1370.0198644699992,1370.0198644699992,-13.1,1.4379,0.0,1.4014079283887468,long_nclose,0.0,0.0,2.0
1651972080000.0,237200,1651972080000.0,0.0,-0.010953264000000002,1370.0089112059993,1370.2009912059993,39.2,1.3971,39.2,1.3971,long_ientry_normal,54.76632000000001,0.039975156038795395,100.0
1651978020000.0,237299,1651978020000.0,0.14560000000000128,-0.00366158,1370.1508496259994,1370.4626296259994,-13.0,1.4083,26.2,1.3971,long_nclose,36.60402,0.026715321170651788,99.0
1651978440000.0,237306,1651978440000.0,0.0,-0.0037051000000000002,1370.1471445259995,1369.7448245259995,13.4,1.3825,39.6,1.3921595959595958,long_ientry_partial,55.12952,0.040236203987471714,7.0
1651978680000.0,237310,1651978680000.0,0.14837333333333494,-0.003704976,1370.2918128833328,1370.6043995499995,-13.2,1.4034,26.4,1.3921595959595958,long_nclose,36.75301333333333,0.026821304037421476,4.0
1651978800000.0,237312,1651978800000.0,0.09891555555555663,-0.002469984,1370.3882584548883,1370.7022495659994,-8.8,1.4034,17.6,1.3921595959595958,long_nclose,24.502008888888888,0.017879610933411588,2.0
1651979640000.0,237326,1651979640000.0,0.20891555555555624,-0.002491984,1370.5946820264437,1370.8572775819994,-8.8,1.4159,8.8,1.3921595959595958,long_nclose,12.251004444444444,0.008938459053650464,14.0
1651979940000.0,237331,1651979940000.0,0.31891555555555584,-0.002513984,1370.9110835979993,1370.9110835979993,-8.8,1.4284,0.0,1.3921595959595958,long_nclose,0.0,0.0,5.0
1651986960000.0,237448,1651986960000.0,0.0,-0.010958904,1370.9001246939993,1370.6348046939993,39.6,1.3837,39.6,1.3837,long_ientry_normal,54.79452,0.03996973886936568,117.0
1651989600000.0,237492,1651989600000.0,0.14652000000000145,-0.003682272,1371.0429624219992,1371.3412824219993,-13.2,1.3948,26.4,1.3837,long_nclose,36.52968,0.02664371649993297,44.0
1651989960000.0,237498,1651989960000.0,0.09768000000000097,-0.0024548480000000004,1371.1381875739992,1371.3194675739992,-8.8,1.3948,17.6,1.3837,long_nclose,24.35312,0.017761244067666725,6.0
1651990020000.0,237499,1651990020000.0,0.06438000000000063,-0.0016179680000000002,1371.2009496059993,1371.3342896059994,-5.8,1.3948,11.8,1.3837,long_nclose,16.32766,0.011907561765247893,1.0
1651992420000.0,237539,1651992420000.0,0.1392400000000004,-0.0016606140000000001,1371.3385289919993,1371.4818989919993,-5.9,1.4073,5.9,1.3837,long_nclose,8.16383,0.005953183570216476,40.0
1651992780000.0,237545,1651992780000.0,0.06844000000000018,-0.0008162340000000001,1371.4061527579993,1371.4970527579992,-2.9,1.4073,3.0,1.3837,long_nclose,4.1511,0.003026893230464097,6.0
1651993020000.0,237549,1651993020000.0,0.0354000000000001,-0.00042219,1371.4411305679992,1371.479080567999,-1.5,1.4073,1.5,1.3837,long_nclose,2.07555,0.0015134080156545876,4.0
1651993200000.0,237552,1651993200000.0,0.016520000000000045,-0.00019702199999999998,1371.457453545999,1371.478493545999,-0.7,1.4073,0.8,1.3837,long_nclose,1.10696,0.000807141335035861,3.0
1651993560000.0,237558,1651993560000.0,0.028880000000000017,-0.000227168,1371.486106377999,1371.486106377999,-0.8,1.4198,0.0,1.3837,long_nclose,0.0,0.0,6.0
1652029440000.0,238156,1652029440000.0,0.0,-0.01097145,1371.475134927999,1371.9408849279992,40.5,1.3545,40.5,1.3545,long_ientry_normal,54.85725,0.039998720066390374,598.0
1652029920000.0,238164,1652029920000.0,0.14714999999999878,-0.00368658,1371.618598347999,1372.145098347999,-13.5,1.3654,27.0,1.3545,long_nclose,36.5715,0.02666302428681511,8.0
1652030280000.0,238170,1652030280000.0,0.09809999999999919,-0.00245772,1371.714240627999,1371.9212406279992,-9.0,1.3654,18.0,1.3545,long_nclose,24.381,0.017774110144717806,6.0
1652030460000.0,238173,1652030460000.0,0.06539999999999946,-0.0016384799999999999,1371.778002147999,1371.928002147999,-6.0,1.3654,12.0,1.3545,long_nclose,16.254,0.011848855991675527,3.0
1652031180000.0,238185,1652031180000.0,0.0,-0.007730008,1371.770272139999,1371.676232139999,28.6,1.3514,40.6,1.3523162561576354,long_ientry_partial,54.90404,0.04002422352712762,12.0
1652032080000.0,238200,1652032080000.0,0.14693054187192167,-0.0036806399999999998,1371.9135220418707,1372.1759514999987,-13.5,1.3632,27.1,1.3523162561576354,long_nclose,36.64777054187192,0.026712886747648393,15.0
1652032140000.0,238201,1652032140000.0,0.09795369458128111,-0.0024537599999999997,1372.009021976452,1372.2566977399988,-9.0,1.3632,18.1,1.3523162561576354,long_nclose,24.476924236453204,0.01784020647414759,1.0
1652032320000.0,238204,1652032320000.0,0.06530246305418741,-0.00163584,1372.0726885995061,1372.2745618999988,-6.0,1.3632,12.1,1.3523162561576354,long_nclose,16.363026699507387,0.011925772472163525,3.0
1652032680000.0,238210,1652032680000.0,0.13850246305418734,-0.00165048,1372.2095405825603,1372.3540114199986,-6.0,1.3754,6.1,1.3523162561576354,long_nclose,8.249129162561575,0.006011566687591659,6.0
1652032860000.0,238213,1652032860000.0,0.06925123152709367,-0.00082524,1372.2779665740873,1372.3513861799986,-3.0,1.3754,3.1,1.3523162561576354,long_nclose,4.19218039408867,0.003054906145986233,3.0
1652033100000.0,238217,1652033100000.0,0.010883743842364568,-0.00027264,1372.2885776779297,1372.3131135399985,-1.0,1.3632,2.1,1.3523162561576354,long_nclose,2.8398641379310345,0.0020694365486422775,4.0
1652034000000.0,238232,1652034000000.0,0.007618620689655197,-0.00019084799999999997,1372.2960054506193,1372.3179626919987,-0.7,1.3632,1.4,1.3523162561576354,long_nclose,1.8932427586206895,0.0013796168983229004,15.0
1652034060000.0,238233,1652034060000.0,0.01615862068965519,-0.00019255599999999998,1372.3119715153089,1372.3299501359986,-0.7,1.3754,0.7,1.3523162561576354,long_nclose,0.9466213793103447,0.0006898004236347834,1.0
1652034180000.0,238235,1652034180000.0,0.006925123152709367,-8.2524e-05,1372.3188141144617,1372.3282876119986,-0.3,1.3754,0.4,1.3523162561576354,long_nclose,0.5409265024630542,0.0003941697052460121,2.0
1652034600000.0,238242,1652034600000.0,0.0046167487684729116,-5.5016e-05,1372.3233758472302,1372.3283125959986,-0.2,1.3754,0.2,1.3523162561576354,long_nclose,0.2704632512315271,0.00019708419749430516,7.0
1652034780000.0,238245,1652034780000.0,0.007056748768472909,-5.5504e-05,1372.3303770919986,1372.3303770919986,-0.2,1.3876,0.0,1.3523162561576354,long_nclose,0.0,0.0,3.0
1652063220000.0,238719,1652063220000.0,0.0,-0.010987674000000001,1372.3193894179985,1372.3728194179985,41.1,1.3367,41.1,1.3367,long_ientry_normal,54.93837,0.04003322435260453,474.0
1652065680000.0,238760,1652065680000.0,0.1479599999999989,-0.0036921499999999995,1372.4636572679985,1372.7184772679987,-13.7,1.3475,27.4,1.3367,long_nclose,36.62558,0.026686010814236216,41.0
1652065860000.0,238763,1652065860000.0,0.09827999999999927,-0.0024524499999999997,1372.5594848179985,1372.8028748179986,-9.1,1.3475,18.3,1.3367,long_nclose,24.46161,0.017821894257095613,3.0
1652066280000.0,238770,1652066280000.0,0.20747999999999936,-0.00247429,1372.7644905279985,1372.9972505279986,-9.1,1.3595,9.2,1.3367,long_nclose,12.29764,0.008958302815124558,7.0
1652066580000.0,238775,1652066580000.0,0.10487999999999968,-0.00125074,1372.8681197879987,1372.9798997879986,-4.6,1.3595,4.6,1.3367,long_nclose,6.14882,0.004478813304332184,5.0
1652066700000.0,238777,1652066700000.0,0.05243999999999984,-0.00062537,1372.9199344179985,1372.9735244179985,-2.3,1.3595,2.3,1.3367,long_nclose,3.07441,0.0022393221359286977,2.0
1652067420000.0,238789,1652067420000.0,0.025079999999999925,-0.00029909,1372.9447153279984,1372.9726753279983,-1.1,1.3595,1.2,1.3367,long_nclose,1.60404,0.001168320896021507,12.0
1652068320000.0,238804,1652068320000.0,0.004319999999999969,-0.00010780000000000002,1372.9489275279984,1372.9579675279983,-0.4,1.3475,0.8,1.3367,long_nclose,1.06936,0.0007788782077461456,15.0
1652068620000.0,238809,1652068620000.0,0.0021599999999999844,-5.390000000000001e-05,1372.9510336279984,1372.9578136279983,-0.2,1.3475,0.6,1.3367,long_nclose,0.80202,0.0005841577597131607,5.0
1652069220000.0,238819,1652069220000.0,0.0021599999999999844,-5.390000000000001e-05,1372.9531397279984,1372.9576597279984,-0.2,1.3475,0.4,1.3367,long_nclose,0.53468,0.0003894379090796411,10.0
1652069340000.0,238821,1652069340000.0,0.0010799999999999922,-2.6950000000000005e-05,1372.9541927779985,1372.9578827779985,-0.1,1.3475,0.3,1.3367,long_nclose,0.40101,0.00029207820778682147,2.0
1652069640000.0,238826,1652069640000.0,0.0022799999999999934,-2.719e-05,1372.9564455879984,1372.9611055879984,-0.1,1.3595,0.2,1.3367,long_nclose,0.26734,0.00019471848568765478,5.0
1652069820000.0,238829,1652069820000.0,0.0022799999999999934,-2.719e-05,1372.9586983979982,1372.9611283979982,-0.1,1.3595,0.1,1.3367,long_nclose,0.13367,9.735908309257186e-05,3.0
1652070240000.0,238836,1652070240000.0,0.0022799999999999934,-2.719e-05,1372.960951207998,1372.960951207998,-0.1,1.3595,0.0,1.3367,long_nclose,0.0,0.0,7.0
1652076600000.0,238942,1652076600000.0,0.0,-0.010970752,1372.949980455998,1372.717020455998,41.6,1.3186,41.6,1.3186,long_ientry_normal,54.85376,0.0399532108094582,106.0
1652077860000.0,238963,1652077860000.0,0.14627999999999922,-0.0036685920000000005,1373.092591863998,1373.409511863998,-13.8,1.3292,27.8,1.3186,long_nclose,36.65708,0.02669672840506506,21.0
1652078460000.0,238973,1652078460000.0,0.09751999999999947,-0.002445728,1373.187666135998,1373.3997061359978,-9.2,1.3292,18.6,1.3186,long_nclose,24.52596,0.01786060318253033,10.0
1652078580000.0,238975,1652078580000.0,0.06571999999999965,-0.001648208,1373.251737927998,1373.4426979279979,-6.2,1.3292,12.4,1.3186,long_nclose,16.350640000000002,0.011906513240369404,2.0
1652078940000.0,238981,1652078940000.0,0.1394999999999998,-0.0016629639999999998,1373.389574963998,1373.528454963998,-6.2,1.3411,6.2,1.3186,long_nclose,8.175320000000001,0.005952659135492789,6.0
1652079720000.0,238994,1652079720000.0,0.0697499999999999,-0.0008314819999999999,1373.4584934819982,1373.531033481998,-3.1,1.3411,3.1,1.3186,long_nclose,4.0876600000000005,0.0029761802190592206,13.0
1652081160000.0,239018,1652081160000.0,0.010599999999999943,-0.00026584,1373.4688276419981,1373.4927676419982,-1.0,1.3292,2.1,1.3186,long_nclose,2.76906,0.002016106914311251,24.0
1652081520000.0,239024,1652081520000.0,0.00741999999999996,-0.000186088,1373.476061553998,1373.496221553998,-0.7,1.3292,1.4,1.3186,long_nclose,1.84604,0.0013440641971665139,6.0
1652081760000.0,239028,1652081760000.0,0.004239999999999977,-0.00010633600000000002,1373.480195217998,1373.493595217998,-0.4,1.3292,1.0,1.3186,long_nclose,1.3186,0.0009600429657383684,4.0
1652082120000.0,239034,1652082120000.0,0.0031799999999999828,-7.975199999999999e-05,1373.483295465998,1373.491975465998,-0.3,1.3292,0.7,1.3186,long_nclose,0.92302,0.0006720285591000479,6.0
1652083380000.0,239055,1652083380000.0,0.0021199999999999886,-5.316800000000001e-05,1373.485362297998,1373.491062297998,-0.2,1.3292,0.5,1.3186,long_nclose,0.6593,0.00048001967701855644,21.0
1652083800000.0,239062,1652083800000.0,0.0010599999999999943,-2.6584000000000005e-05,1373.4863957139983,1373.4917557139984,-0.1,1.3292,0.4,1.3186,long_nclose,0.52744,0.0003840154526800491,7.0
1652084940000.0,239081,1652084940000.0,0.0,-0.010885056,1373.4755106579983,1373.7947906579982,41.6,1.3083,42.0,1.3083980952380954,long_ientry_partial,54.95272000000001,0.04000997438510827,19.0
1652085360000.0,239088,1652085360000.0,0.14702666666666442,-0.00369292,1373.618844404665,1373.9996977379983,-14.0,1.3189,28.0,1.3083980952380954,long_nclose,36.63514666666667,0.026670532961816328,7.0
1652086080000.0,239100,1652086080000.0,0.0976677142857128,-0.002453154,1373.7140589649507,1373.9684145839983,-9.3,1.3189,18.7,1.3083980952380954,long_nclose,24.467044380952384,0.017810871353669856,12.0
1652086200000.0,239102,1652086200000.0,0.2074077142857131,-0.0024751020000000003,1373.9189915772363,1374.1314494819983,-9.3,1.3307,9.4,1.3083980952380954,long_nclose,12.298942095238097,0.008951722896791109,2.0
1652086320000.0,239104,1652086320000.0,0.10481895238095178,-0.001250858,1374.0225596716173,1374.1381886239983,-4.7,1.3307,4.7,1.3083980952380954,long_nclose,6.149471047619048,0.004475524076612492,2.0
1652086380000.0,239105,1652086380000.0,0.16027895238095194,-0.0012619500000000002,1374.181576673998,1374.181576673998,-4.7,1.3425,0.0,1.3083980952380954,long_nclose,0.0,0.0,1.0
1652091900000.0,239197,1652091900000.0,0.0,-0.010980522000000001,1374.170596151998,1374.082186151998,42.1,1.3041,42.1,1.3041,long_ientry_normal,54.90261,0.039953270833869,92.0
1652100000000.0,239332,1652100000000.0,0.14699999999999935,-0.00368088,1374.313915271998,1374.676405271998,-14.0,1.3146,28.1,1.3041,long_nclose,36.645210000000006,0.02666436655612801,135.0
1652100660000.0,239343,1652100660000.0,0.09764999999999958,-0.002445156,1374.409120115998,1374.6140401159978,-9.3,1.3146,18.8,1.3041,long_nclose,24.51708,0.017838269290537594,11.0
1652102940000.0,239381,1652102940000.0,0.0,-0.006178758000000001,1374.4029413579979,1373.904071357998,24.1,1.2819,42.9,1.2916286713286715,long_ientry_partial,55.41087000000001,0.040316320878395775,38.0
1652103060000.0,239383,1652103060000.0,0.14830999999999764,-0.0037237200000000002,1374.547527637998,1374.872747637998,-14.3,1.302,28.6,1.2916286713286715,long_nclose,36.94058000000001,0.026874720049497418,2.0
1652103300000.0,239387,1652103300000.0,0.0985276223776208,-0.0024738,1374.6435814603756,1374.918073837998,-9.5,1.302,19.1,1.2916286713286715,long_nclose,24.67010762237763,0.017946548439973748,4.0
1652103360000.0,239388,1652103360000.0,0.20967762237762122,-0.00249603,1374.850763052753,1375.075127807998,-9.5,1.3137,9.6,1.2916286713286715,long_nclose,12.399635244755247,0.009018895416127047,1.0
1652103480000.0,239390,1652103480000.0,0.32324475524475244,-0.0025445759999999998,1375.171463231998,1375.171463231998,-9.6,1.3253,0.0,1.2916286713286715,long_nclose,0.0,0.0,2.0
1652110200000.0,239502,1652110200000.0,0.0,-0.010999120000000001,1375.160464111998,1374.8156641119979,43.1,1.276,43.1,1.276,long_ientry_normal,54.9956,0.03999213287120867,112.0
1652110680000.0,239510,1652110680000.0,0.14728999999999967,-0.003678818000000001,1375.304075293998,1375.707275293998,-14.3,1.2863,28.8,1.276,long_nclose,36.7488,0.026720490879185557,8.0
1652111460000.0,239523,1652111460000.0,0.09887999999999976,-0.0024696960000000004,1375.400485597998,1375.6500855979982,-9.6,1.2863,19.2,1.276,long_nclose,24.4992,0.017812411916772162,13.0
1652112000000.0,239532,1652112000000.0,0.06591999999999985,-0.001646464,1375.464759133998,1375.567159133998,-6.4,1.2863,12.8,1.276,long_nclose,16.332800000000002,0.011874386378523609,9.0
1652112240000.0,239536,1652112240000.0,0.0,-0.007738623999999999,1375.457020509998,1375.424700509998,30.4,1.2728,43.2,1.273748148148148,long_ientry_partial,55.02592,0.040005553920977655,4.0
1652112420000.0,239539,1652112420000.0,0.14762666666666818,-0.00369792,1375.6009492566648,1376.097802589998,-14.4,1.284,28.8,1.273748148148148,long_nclose,36.683946666666664,0.026667578767294114,3.0
1652112600000.0,239542,1652112600000.0,0.09841777777777878,-0.0024652800000000002,1375.6969017544425,1375.932137309998,-9.6,1.284,19.2,1.273748148148148,long_nclose,24.455964444444444,0.01777714583296325,3.0
1652112780000.0,239545,1652112780000.0,0.06561185185185252,-0.0016435200000000003,1375.7608700862943,1375.866493789998,-6.4,1.284,12.8,1.273748148148148,long_nclose,16.303976296296295,0.011850879502971786,3.0
1652112840000.0,239546,1652112840000.0,0.043057777777778215,-0.0010785600000000001,1375.802849304072,1375.8996152299978,-4.2,1.284,8.6,1.273748148148148,long_nclose,10.954234074074073,0.007962066715892542,1.0
1652113980000.0,239565,1652113980000.0,0.0,-0.0088138,1375.7940355040719,1375.6319014299977,34.7,1.27,43.3,1.2707444358908564,long_ientry_partial,55.023234074074075,0.039993801873050225,19.0
1652114340000.0,239571,1652114340000.0,0.0,-0.010994328000000001,1375.783041176072,1374.0976671019978,44.4,1.2381,87.7,1.254217492292749,long_rentry,109.99487407407409,0.07995074134657618,6.0
1652115060000.0,239583,1652115060000.0,0.0,-0.01102829,1375.772012886072,1372.0740888119979,45.5,1.2119,133.2,1.2397621927483042,long_rentry,165.1363240740741,0.12003175128388739,12.0
1652115960000.0,239598,1652115960000.0,0.0,-0.016415396,1375.755597490072,1368.8746934159979,69.1,1.1878,202.3,1.2220133666538513,long_rentry,247.21330407407413,0.17969274813425437,15.0
1652116620000.0,239609,1652116620000.0,0.6596190875304231,-0.016604664,1376.3986119136025,1377.610908751998,-67.4,1.2318,134.9,1.2220133666538513,long_nclose,164.84960316160453,0.11976879498041244,11.0
1652116680000.0,239610,1652116680000.0,0.43941983724207706,-0.011061564000000001,1376.8269701868444,1377.8157671879978,-44.9,1.2318,90.0,1.2220133666538513,long_nclose,109.98120299884661,0.0798801921957713,1.0
1652116740000.0,239611,1652116740000.0,0.9398985005766869,-0.0111861,1377.755682587421,1378.6550810879976,-45.0,1.2429,45.0,1.2220133666538513,long_nclose,54.990601499423306,0.03991317342720091,1.0
1652117520000.0,239624,1652117520000.0,0.14679950019223065,-0.0036954,1377.8987866876132,1378.2583856879976,-15.0,1.2318,30.0,1.2220133666538513,long_nclose,36.66040099961554,0.026606018782950644,13.0
1652117580000.0,239625,1652117580000.0,0.0,-0.0036279599999999995,1377.8951587276133,1378.1206577279977,14.7,1.234,44.7,1.2259552796334572,long_ientry_partial,54.80020099961554,0.03977095111519194,1.0
1652118180000.0,239635,1652118180000.0,0.1466863334614881,-0.0036826840000000007,1378.0381623770747,1378.3970950439978,-14.9,1.2358,29.8,1.2259552796334572,long_nclose,36.53346733307703,0.02651121596665936,10.0
1652118360000.0,239638,1652118360000.0,0.0,-0.00363972,1378.0345226570748,1378.2154553239977,14.7,1.238,44.5,1.2299340973725172,long_ientry_partial,54.73206733307702,0.039717486342464546,3.0
1652120460000.0,239673,1652120460000.0,0.0,-0.01102528,1378.0234973770748,1376.3125300439979,46.0,1.1984,90.5,1.2139057163875915,long_rentry,109.85846733307703,0.07972176638655383,35.0
1652121720000.0,239694,1652121720000.0,0.0,-0.0110262,1378.0124711770748,1373.3480038439977,47.0,1.173,137.5,1.1999233987860147,long_rentry,164.98946733307702,0.11973002478863332,21.0
1652122080000.0,239700,1652122080000.0,0.44318833560052584,-0.011079936,1378.4445795766753,1380.1939039079978,-45.8,1.2096,91.7,1.1999233987860147,long_nclose,110.03297566867755,0.07982401127977813,6.0
1652122080000.0,239700,1652122080000.0,0.9378283356005221,-0.011178863999999998,1379.3712290482758,1380.2468450439978,-45.8,1.2204,45.9,1.1999233987860147,long_nclose,55.07648400427807,0.039928688408470844,0.0
1652122260000.0,239703,1652122260000.0,0.1480519985739748,-0.0037013760000000006,1379.5155796708498,1379.9463236679978,-15.3,1.2096,30.6,1.1999233987860147,long_nclose,36.71765600285205,0.026616340216768574,3.0
1652122320000.0,239704,1652122320000.0,0.0,-0.00361772,1379.5119619508498,1379.9882059479978,14.9,1.214,45.5,1.2045330989637812,long_ientry_partial,54.806256002852045,0.03972872835792396,1.0
1652122320000.0,239704,1652122320000.0,0.24276358585414587,-0.003734424,1379.750991112704,1380.0670915239978,-15.3,1.2204,30.2,1.2045330989637812,long_nclose,36.376899588706195,0.026364829467793997,0.0
1652122380000.0,239705,1652122380000.0,0.0,-0.0036936,1379.747297512704,1379.836397923998,15.2,1.215,45.4,1.2080374358745858,long_ientry_partial,54.84489958870619,0.03974995978435769,1.0
1652122560000.0,239708,1652122560000.0,0.14741471829375455,-0.0036777560000000003,1379.891034474998,1380.223200167998,-15.1,1.2178,30.3,1.2080374358745858,long_nclose,36.60353430699995,0.02652639476053003,3.0
1652122620000.0,239709,1652122620000.0,0.0,-0.003657,1379.887377474998,1379.947743167998,15.0,1.219,45.3,1.211667423995584,long_ientry_partial,54.88853430699995,0.03977754648893038,1.0
1652125440000.0,239756,1652125440000.0,0.0,-0.011050416,1379.876327058998,1378.782112751998,46.8,1.1806,92.1,1.1958807199457107,long_rentry,110.14061430699995,0.07981919259514246,47.0
1652126280000.0,239770,1652126280000.0,0.2953118976666833,-0.007401770000000001,1380.1642371866646,1380.724160981998,-30.7,1.2055,61.4,1.1958807199457107,long_nclose,73.42707620466663,0.05320169457103224,14.0
1652126340000.0,239771,1652126340000.0,0.19623331310750292,-0.00491844,1380.3555520597722,1380.647442541998,-20.4,1.2055,41.0,1.1958807199457107,long_nclose,49.031109517774134,0.03552063774047905,1.0
1652126400000.0,239772,1652126400000.0,0.13082220873833528,-0.00327896,1380.4830953085107,1380.952163581998,-13.6,1.2055,27.4,1.1958807199457107,long_nclose,32.76713172651247,0.02373598911704867,1.0
1652126460000.0,239773,1652126460000.0,0.27974413674376314,-0.003332662,1380.7595067832544,1381.0077409199982,-13.7,1.2163,13.7,1.1958807199457107,long_nclose,16.383565863256234,0.011865618728510448,1.0
1652126520000.0,239774,1652126520000.0,0.0,-0.007721039999999999,1380.7517857432545,1381.0455198799982,31.8,1.214,45.5,1.2085443046869504,long_ientry_partial,54.98876586325624,0.03982523610038712,1.0
1652126580000.0,239775,1652126580000.0,0.14731099922704805,-0.003679266,1380.8954174764815,1381.4260706139983,-15.1,1.2183,30.4,1.2085443046869504,long_nclose,36.739746862483294,0.026605741750974434,1.0
1652126820000.0,239779,1652126820000.0,0.313966568758355,-0.003736768,1381.20564727724,1381.5317738459983,-15.2,1.2292,15.2,1.2085443046869504,long_nclose,18.369873431241647,0.01329988294462453,4.0
1652126940000.0,239781,1652126940000.0,0.1569832843791775,-0.001868384,1381.3607621776189,1381.546625461998,-7.6,1.2292,7.6,1.2085443046869504,long_nclose,9.184936715620823,0.006649194741235744,2.0
1652127000000.0,239782,1652127000000.0,0.2390632843791769,-0.0018848,1381.597940661998,1381.597940661998,-7.6,1.24,0.0,1.2085443046869504,long_nclose,0.0,0.0,1.0
1652128680000.0,239810,1652128680000.0,0.0,-0.01105104,1381.5868896219981,1381.477689621998,45.5,1.2144,45.5,1.2144,long_ientry_normal,55.255199999999995,0.0399940100872829,28.0
1652129520000.0,239824,1652129520000.0,0.14798000000000047,-0.003697084,1381.7311725379982,1381.9926125379982,-15.1,1.2242,30.4,1.2144,long_nclose,36.917759999999994,0.02671848238915283,14.0
1652129580000.0,239825,1652129580000.0,0.0989800000000003,-0.002472884,1381.827679653998,1382.124059653998,-10.1,1.2242,20.3,1.2144,long_nclose,24.65232,0.017840372112225167,1.0
1652129940000.0,239831,1652129940000.0,0.0656600000000002,-0.001640428,1381.891699225998,1381.9542592259982,-6.7,1.2242,13.6,1.2144,long_nclose,16.515839999999997,0.011951616765084104,6.0
1652130480000.0,239840,1652130480000.0,0.04410000000000014,-0.00110178,1381.9346974459982,1382.085757445998,-4.5,1.2242,9.1,1.2144,long_nclose,11.051039999999999,0.00799678886449831,9.0
1652130540000.0,239841,1652130540000.0,0.09315000000000073,-0.00111159,1382.0267358559981,1382.130695855998,-4.5,1.2351,4.6,1.2144,long_nclose,5.586239999999999,0.004042063626605603,1.0
1652132040000.0,239866,1652132040000.0,0.014700000000000046,-0.00036726,1382.041068595998,1382.073928595998,-1.5,1.2242,3.1,1.2144,long_nclose,3.76464,0.00272397115074479,25.0
1652132580000.0,239875,1652132580000.0,0.009800000000000031,-0.00024484,1382.050623755998,1382.081283755998,-1.0,1.2242,2.1,1.2144,long_nclose,2.55024,0.0018452580217859275,9.0
1652133300000.0,239887,1652133300000.0,0.0,-0.010557046000000002,1382.040066709998,1382.076796709998,43.7,1.2079,45.8,1.208198034934498,long_ientry_partial,55.33547000000001,0.04003897667867786,12.0
1652134380000.0,239905,1652134380000.0,0.1474698689956291,-0.0037024159999999996,1382.1838341629937,1382.422574293998,-15.2,1.2179,30.6,1.208198034934498,long_nclose,36.970859868995646,0.026748149526277753,18.0
1652134500000.0,239907,1652134500000.0,0.09896004366811954,-0.0024845159999999995,1382.2803096906616,1382.6026697779978,-10.2,1.2179,20.4,1.208198034934498,long_nclose,24.64723991266376,0.017830855102160523,2.0
1652135400000.0,239922,1652135400000.0,0.06597336244541303,-0.0016563440000000001,1382.3446267091072,1382.518733433998,-6.8,1.2179,13.6,1.208198034934498,long_nclose,16.431493275109172,0.011886683651548583,15.0
1652136780000.0,239945,1652136780000.0,0.0,-0.007790256,1382.3368364531073,1382.2000631779981,32.4,1.2022,46.0,1.2039733320675907,long_ientry_partial,55.38277327510917,0.040064600620217876,23.0
1652137740000.0,239961,1652137740000.0,0.14881801936586203,-0.003713922,1382.481940550473,1382.697659255998,-15.3,1.2137,30.7,1.2039733320675907,long_nclose,36.96198129447503,0.026735959588562588,16.0
1652137860000.0,239963,1652137860000.0,0.0,-0.003696,1382.478244550473,1382.3101632559978,15.4,1.2,46.1,1.2026460150645344,long_ientry_partial,55.441981294475035,0.04010333002563998,2.0
1652139540000.0,239991,1652139540000.0,0.0,-0.011061792,1382.467182758473,1380.970541463998,47.2,1.1718,93.3,1.1870411714306006,long_rentry,110.75094129447504,0.08011108160520006,28.0
1652140620000.0,240009,1652140620000.0,0.0,-0.011101992,1382.456080766473,1378.2999794719979,48.4,1.1469,141.7,1.1733302843646793,long_rentry,166.26090129447505,0.12026487033302011,18.0
1652141340000.0,240021,1652141340000.0,0.0,-0.01652427,1382.439556496473,1375.442105201998,73.5,1.1241,215.2,1.1565160376137318,long_rentry,248.88225129447505,0.18003119928455985,12.0
1652141640000.0,240026,1652141640000.0,0.6656601030954273,-0.016717572000000003,1383.0884990275683,1384.1624476299978,-71.7,1.1658,143.5,1.1565160376137318,long_nclose,165.9600513975705,0.11999235877838249,5.0
1652141700000.0,240027,1652141700000.0,0.44377340206361815,-0.011145048,1383.5211273816321,1383.854542581998,-47.8,1.1658,95.7,1.1565160376137318,long_nclose,110.67858479963414,0.07999775544382014,1.0
1652142420000.0,240039,1652142420000.0,0.0,-0.0110856,1383.5100417816323,1378.541156981998,49.6,1.1175,145.3,1.143197417753848,long_rentry,166.10658479963413,0.1200617124438998,12.0
1652142720000.0,240044,1652142720000.0,0.0,-0.016517124,1383.4935246576322,1378.8955198579981,75.4,1.0953,220.7,1.1268337326671234,long_rentry,248.6922047996341,0.1797566814497213,5.0
1652143020000.0,240049,1652143020000.0,0.6663706489664243,-0.01669773,1384.1431975765986,1385.050872127998,-73.5,1.1359,147.2,1.1268337326671234,long_nclose,165.86992544860055,0.11983581304232888,5.0
1652143080000.0,240050,1652143080000.0,0.4442470993109495,-0.011131819999999999,1384.5763128559097,1385.7710403079982,-49.0,1.1359,98.2,1.1268337326671234,long_nclose,110.65507254791152,0.07991980761224188,1.0
1652143200000.0,240052,1652143200000.0,0.9459737260442366,-0.011254702,1385.5110318799539,1386.7466956059982,-49.1,1.1461,49.1,1.1268337326671234,long_nclose,55.32753627395576,0.03993294531829433,2.0
1652143320000.0,240054,1652143320000.0,1.4418837260442365,-0.011353884,1386.941561721998,1386.941561721998,-49.1,1.1562,0.0,1.1268337326671234,long_nclose,0.0,0.0,2.0
1652143500000.0,240057,1652143500000.0,0.0,-0.011092000000000003,1386.930469721998,1386.930469721998,47.2,1.175,47.2,1.175,long_ientry_normal,55.46000000000001,0.03998758496604133,3.0
1652143560000.0,240058,1652143560000.0,0.149150000000001,-0.0037193300000000003,1387.075900391998,1387.359400391998,-15.7,1.1845,31.5,1.175,long_nclose,37.0125,0.02668383178565787,1.0
1652143620000.0,240059,1652143620000.0,0.0,-0.0036938959999999995,1387.072206495998,1387.003026495998,15.7,1.1764,47.2,1.1754656779661017,long_ientry_partial,55.48198,0.039999345196424764,1.0
1652144160000.0,240068,1652144160000.0,0.14811885593220456,-0.003720586,1387.21660476593,1387.3909359099978,-15.7,1.1849,31.5,1.1754656779661017,long_nclose,37.0271688559322,0.026691699572165897,9.0
1652144220000.0,240069,1652144220000.0,0.09906038135593298,-0.00248829,1387.313176857286,1387.4713976199978,-10.5,1.1849,21.0,1.1754656779661017,long_nclose,24.684779237288136,0.017793227692976407,1.0
1652144280000.0,240070,1652144280000.0,0.06604025423728865,-0.00165886,1387.3775582515234,1387.651038759998,-7.0,1.1849,14.0,1.1754656779661017,long_nclose,16.456519491525423,0.011861601330978105,1.0
1652144280000.0,240070,1652144280000.0,0.14024025423728825,-0.0016737000000000002,1387.5161248057607,1387.652865059998,-7.0,1.1955,7.0,1.1754656779661017,long_nclose,8.228259745762712,0.005930208376435691,0.0
1652144340000.0,240071,1652144340000.0,0.07012012711864413,-0.0008368500000000001,1387.5854080828792,1387.688778209998,-3.5,1.1955,3.5,1.1754656779661017,long_nclose,4.114129872881356,0.002964956138134614,1.0
1652144340000.0,240071,1652144340000.0,0.10722012711864393,-0.00084427,1387.6917839399978,1387.6917839399978,-3.5,1.2061,0.0,1.1754656779661017,long_nclose,0.0,0.0,0.0
1652153340000.0,240221,1652153340000.0,0.0,-0.011091056000000002,1387.6806928839978,1387.5910128839978,47.2,1.1749,47.2,1.1749,long_ientry_normal,55.45528000000001,0.03996256508026213,150.0
1652153760000.0,240228,1652153760000.0,0.1491499999999975,-0.0037190159999999995,1387.8261238679977,1388.1127738679977,-15.7,1.1844,31.5,1.1749,long_nclose,37.009350000000005,0.026667137448639154,7.0
1652154000000.0,240232,1652154000000.0,0.09974999999999834,-0.00248724,1387.9233866279978,1388.1354866279978,-10.5,1.1844,21.0,1.1749,long_nclose,24.672900000000002,0.017776845781051046,4.0
1652154300000.0,240237,1652154300000.0,0.0664999999999989,-0.0016581599999999999,1387.9882284679977,1388.1576284679977,-7.0,1.1844,14.0,1.1749,long_nclose,16.4486,0.011850676873647022,5.0
1652154660000.0,240243,1652154660000.0,0.0,-0.007810182000000001,1387.9804182859978,1387.8692082859977,33.3,1.1727,47.3,1.1733511627906976,long_ientry_partial,55.499509999999994,0.039985801866380614,6.0
1652155740000.0,240261,1652155740000.0,0.14834674418604848,-0.0037139920000000006,1388.1250510381838,1388.3983542939977,-15.7,1.1828,31.6,1.1733511627906976,long_nclose,37.07789674418605,0.026710775600840397,18.0
1652155800000.0,240262,1652155800000.0,0.09921279069767575,-0.0024838800000000004,1388.2217799488815,1388.3831704139977,-10.5,1.1828,21.1,1.1733511627906976,long_nclose,24.75770953488372,0.01783411692027723,1.0
1652155860000.0,240263,1652155860000.0,0.06614186046511716,-0.0016559200000000002,1388.2862658893466,1388.3659144939977,-7.0,1.1828,14.1,1.1733511627906976,long_nclose,16.544251395348837,0.011917031668357293,1.0
1652155980000.0,240265,1652155980000.0,0.0,-0.007816936,1388.2784489533467,1388.272017557998,33.4,1.1702,47.5,1.1711353977968175,long_ientry_partial,55.62893139534883,0.040070442235337365,2.0
1652156100000.0,240267,1652156100000.0,0.1495407148102846,-0.0037306960000000004,1388.4242589721568,1388.8003668619976,-15.8,1.1806,31.7,1.1711353977968175,long_nclose,37.12499211015911,0.02673893939136626,2.0
1652156220000.0,240269,1652156220000.0,0.3154407148102839,-0.0037638760000000006,1388.7359358109672,1389.147182985998,-15.8,1.1911,15.9,1.1711353977968175,long_nclose,18.6210528249694,0.01340863467617797,2.0
1652156460000.0,240273,1652156460000.0,0.4859771750306012,-0.0038214060000000007,1389.218091579998,1389.218091579998,-15.9,1.2017,0.0,1.1711353977968175,long_nclose,0.0,0.0,4.0
1652195400000.0,240922,1652195400000.0,0.0,-0.011123840000000001,1389.206967739998,1389.2797677399979,45.5,1.2224,45.5,1.2224,long_ientry_normal,55.6192,0.04003665493449325,649.0
1652195460000.0,240923,1652195460000.0,0.14798000000000047,-0.0037212440000000003,1389.351226495998,1389.491066495998,-15.1,1.2322,30.4,1.2224,long_nclose,37.160959999999996,0.02674698758047056,1.0
1652195520000.0,240924,1652195520000.0,0.0989800000000003,-0.0024890439999999997,1389.447717451998,1389.683197451998,-10.1,1.2322,20.3,1.2224,long_nclose,24.81472,0.017859412548106395,1.0
1652195640000.0,240926,1652195640000.0,0.0,-0.006160392,1389.4415570599979,1389.2893770599978,25.2,1.2223,45.5,1.2223446153846154,long_ientry_partial,55.61668,0.04002808158241837,2.0
1652195940000.0,240931,1652195940000.0,0.14881630769230744,-0.0037212440000000003,1389.5866521236903,1390.123375815998,-15.1,1.2322,30.4,1.2223446153846154,long_nclose,37.1592763076923,0.02674124442034772,5.0
1652196000000.0,240932,1652196000000.0,0.31700184615384774,-0.0037793280000000006,1389.899874641844,1390.1834364879978,-15.2,1.2432,15.2,1.2223446153846154,long_nclose,18.57963815384615,0.013367609057907024,1.0
1652196240000.0,240936,1652196240000.0,0.049276923076922996,-0.0012322,1389.9479193649208,1390.0260042879977,-5.0,1.2322,10.2,1.2223446153846154,long_nclose,12.467915076923076,0.008970059167842616,4.0
1652196420000.0,240939,1652196420000.0,0.033508307692307636,-0.000837896,1389.9805897766132,1390.039446391998,-3.4,1.2322,6.8,1.2223446153846154,long_nclose,8.311943384615384,0.0059798988890565835,3.0
1652196540000.0,240941,1652196540000.0,0.0,-0.009453636000000001,1389.9711361406132,1389.9920127559978,38.7,1.2214,45.5,1.2215411732882504,long_ientry_partial,55.58012338461539,0.039986530611663545,2.0
1652196600000.0,240942,1652196600000.0,0.14886828334741967,-0.003718828,1390.1162855959606,1390.3126339279977,-15.1,1.2314,30.4,1.2215411732882504,long_nclose,37.13485166796281,0.026713485808881544,1.0
1652196720000.0,240944,1652196720000.0,0.09957414978867142,-0.002487428,1390.2133723177492,1390.4865864999977,-10.1,1.2314,20.3,1.2215411732882504,long_nclose,24.797285817751483,0.01783703589069188,2.0
1652196840000.0,240946,1652196840000.0,0.2106741497886704,-0.002509648,1390.421536819538,1390.650616851998,-10.1,1.2424,10.2,1.2215411732882504,long_nclose,12.459719967540153,0.008961109733700344,2.0
1652196960000.0,240948,1652196960000.0,0.32496003245984656,-0.002556936,1390.7439399159978,1390.7439399159978,-10.2,1.2534,0.0,1.2215411732882504,long_nclose,0.0,0.0,2.0
1652212980000.0,241215,1652212980000.0,0.0,-0.011127036000000002,1390.7328128799977,1390.7602328799976,45.7,1.2174,45.7,1.2174,long_ientry_normal,55.635180000000005,0.04000421898782121,267.0
1652213100000.0,241217,1652213100000.0,0.14896000000000045,-0.0037306880000000002,1390.8780421919978,1391.2013421919978,-15.2,1.2272,30.5,1.2174,long_nclose,37.130700000000004,0.026695870431229698,2.0
1652213700000.0,241227,1652213700000.0,0.0,-0.0036984640000000003,1390.8743437279977,1390.9139237279978,15.2,1.2166,45.7,1.2171339168490152,long_ientry_partial,55.62302,0.03999140558658385,10.0
1652213880000.0,241230,1652213880000.0,0.1484444638949709,-0.0037297760000000006,1391.0190584158927,1391.3199739519978,-15.2,1.2269,30.5,1.2171339168490152,long_nclose,37.12258446389496,0.026687329867478994,3.0
1652214060000.0,241233,1652214060000.0,0.0,-0.0037200420000000002,1391.0153383738927,1390.9853439099977,15.3,1.2157,45.8,1.2166549009584056,long_ientry_partial,55.72279446389497,0.0400590798150618,3.0
1652216400000.0,241272,1652216400000.0,0.0,-0.011119051999999999,1391.0042193218928,1390.091864857998,46.9,1.1854,92.7,1.2008420114767526,long_rentry,111.31805446389497,0.08002711488406694,39.0
1652218740000.0,241311,1652218740000.0,0.0,-0.011162086000000002,1390.9930572358928,1385.925372771998,48.1,1.1603,140.8,1.1869920771583449,long_rentry,167.12848446389498,0.12015048069039523,39.0
1652219280000.0,241320,1652219280000.0,0.0,-0.016603120000000002,1390.976454115893,1383.9229696519978,73.0,1.1372,213.8,1.169991040523363,long_rentry,250.144084463895,0.17983344270402266,9.0
1652223780000.0,241395,1652223780000.0,0.6699179147365625,-0.016794656,1391.6295773746294,1393.484654995998,-71.2,1.1794,142.6,1.169991040523363,long_nclose,166.84072237863154,0.1198887441681025,75.0
1652223900000.0,241397,1652223900000.0,1.4195088106842229,-0.016967974,1393.0321182113137,1394.1735570219978,-71.3,1.1899,71.3,1.169991040523363,long_nclose,83.42036118931577,0.05988401853679404,2.0
1652224080000.0,241400,1652224080000.0,0.7087589573682797,-0.008472088,1393.732405080682,1394.375324933998,-35.6,1.1899,35.7,1.169991040523363,long_nclose,41.76868014668406,0.029968938079089947,3.0
1652224140000.0,241401,1652224140000.0,0.3543794786841398,-0.004236044,1394.0825485153662,1394.583908889998,-17.8,1.1899,17.9,1.169991040523363,long_nclose,20.942839625368194,0.01502266823989107,1.0
1652224320000.0,241404,1652224320000.0,0.5461103746318025,-0.004297789999999999,1394.624361099998,1394.624361099998,-17.9,1.2005,0.0,1.169991040523363,long_nclose,0.0,0.0,3.0
1652225880000.0,241430,1652225880000.0,0.0,-0.011168200000000001,1394.613192899998,1394.632192899998,47.5,1.1756,47.5,1.1756,long_ientry_normal,55.841,0.040040493151999125,26.0
1652226720000.0,241444,1652226720000.0,0.150100000000001,-0.003744916000000001,1394.7595479839981,1395.0575279839982,-15.8,1.1851,31.7,1.1756,long_nclose,37.26652,0.026718956721870423,14.0
1652226780000.0,241445,1652226780000.0,0.09975000000000067,-0.0024887100000000003,1394.8568092739981,1395.0984892739982,-10.5,1.1851,21.2,1.1756,long_nclose,24.922719999999998,0.01786758313419418,1.0
1652226960000.0,241448,1652226960000.0,0.21306000000000005,-0.002534884,1395.0673343899982,1395.1987743899983,-10.6,1.1957,10.6,1.1756,long_nclose,12.461359999999999,0.008932443397399743,3.0
1652227260000.0,241453,1652227260000.0,0.10653000000000003,-0.001267442,1395.1725969479983,1395.3178169479984,-5.3,1.1957,5.3,1.1756,long_nclose,6.2306799999999996,0.004465884732562758,5.0
1652227380000.0,241455,1652227380000.0,0.05226000000000002,-0.000621764,1395.2242351839982,1395.2820151839983,-2.6,1.1957,2.7,1.1756,long_nclose,3.1741200000000003,0.0022749891522500726,2.0
1652227560000.0,241458,1652227560000.0,0.0826199999999999,-0.000651348,1395.306203835998,1395.306203835998,-2.7,1.2062,0.0,1.1756,long_nclose,0.0,0.0,3.0
1652233680000.0,241560,1652233680000.0,0.0,-0.01115205,1395.295051785998,1395.252301785998,47.5,1.1739,47.5,1.1739,long_ientry_normal,55.76025,0.03996305292463129,102.0
1652235300000.0,241587,1652235300000.0,0.14852000000000118,-0.0037392280000000003,1395.439832557998,1395.760002557998,-15.8,1.1833,31.7,1.1739,long_nclose,37.21263,0.026667312435667733,27.0
1652235480000.0,241590,1652235480000.0,0.09870000000000079,-0.00248493,1395.536047627998,1395.834967627998,-10.5,1.1833,21.2,1.1739,long_nclose,24.88668,0.017833061383330122,3.0
1652235660000.0,241593,1652235660000.0,0.06580000000000052,-0.0016566200000000004,1395.600191007998,1395.857211007998,-7.0,1.1833,14.2,1.1739,long_nclose,16.669379999999997,0.011944237402232102,3.0
1652235720000.0,241594,1652235720000.0,0.14200000000000013,-0.001695338,1395.7404956699982,1395.9045056699981,-7.1,1.1939,7.1,1.1739,long_nclose,8.334689999999998,0.005971518363088757,1.0
1652235840000.0,241596,1652235840000.0,0.2172599999999997,-0.00171039,1395.956045279998,1395.956045279998,-7.1,1.2045,0.0,1.1739,long_nclose,0.0,0.0,2.0
1652242740000.0,241711,1652242740000.0,0.0,-0.01115652,1395.944888759998,1395.897088759998,47.8,1.167,47.8,1.167,long_ientry_normal,55.782599999999995,0.03996046007915903,115.0
1652245500000.0,241757,1652245500000.0,0.0,-0.011166322000000001,1395.933722437998,1394.494812437998,49.1,1.1371,96.9,1.1518494324045407,long_rentry,111.61421,0.07995666857668987,46.0
1652245860000.0,241763,1652245860000.0,0.29879333333333474,-0.007500706,1396.2250150653315,1397.526741731998,-32.3,1.1611,64.6,1.1518494324045407,long_nclose,74.40947333333332,0.05329332487990956,6.0
1652245860000.0,241763,1652245860000.0,0.6347133333333336,-0.00756789,1396.8521605086648,1397.5030238419981,-32.3,1.1715,32.3,1.1518494324045407,long_nclose,37.20473666666666,0.026634698874015792,0.0
1652245920000.0,241764,1652245920000.0,0.9706333333333323,-0.0076350739999999995,1397.8151587679981,1397.8151587679981,-32.3,1.1819,0.0,1.1518494324045407,long_nclose,0.0,0.0,1.0
1652247480000.0,241790,1652247480000.0,0.0,-0.011182416,1397.803976351998,1397.630096351998,48.3,1.1576,48.3,1.1576,long_ientry_normal,55.912079999999996,0.03999994344408711,26.0
1652249340000.0,241821,1652249340000.0,0.0,-0.011188768,1397.792787583998,1396.759667583998,49.6,1.1279,97.9,1.1425528089887638,long_rentry,111.85591999999998,0.08002324879164409,31.0
1652251140000.0,241851,1652251140000.0,0.0,-0.011216640000000002,1397.781570943998,1393.263750943998,50.8,1.104,148.7,1.1293821116341627,long_rentry,167.93911999999997,0.12014689812127194,30.0
1652251680000.0,241860,1652251680000.0,0.0,-0.016684440000000002,1397.764886503998,1388.009566503998,77.1,1.082,225.8,1.1132033658104514,long_rentry,251.36131999999995,0.17983090176824312,9.0
1652252160000.0,241868,1652252160000.0,0.0,-0.024663602,1397.740222901998,1383.448792901998,117.1,1.0531,342.9,1.0926781277340332,long_rentry,374.67932999999994,0.26806077686030105,8.0
1652254680000.0,241910,1652254680000.0,0.0,-0.036061396,1397.7041615059982,1371.2283515059983,177.8,1.0141,520.7,1.065846571922412,long_rentry,554.98631,0.39706994175506594,42.0
1652255940000.0,241931,1652255940000.0,1.4840197714615313,-0.037281680000000005,1399.1508995974598,1406.4953698259983,-173.5,1.0744,347.2,1.065846571922412,long_nclose,370.0619297714614,0.26449036331815917,21.0
1652255940000.0,241931,1652255940000.0,3.1496197714615404,-0.037614800000000004,1402.2629045689214,1405.9372550259984,-173.5,1.084,173.7,1.065846571922412,long_nclose,185.13754954292295,0.1320277024655639,0.0
1652256120000.0,241934,1652256120000.0,0.4952434856923496,-0.012441552,1402.7457065026138,1402.9950734739984,-57.9,1.0744,115.8,1.065846571922412,long_nclose,123.4250330286153,0.08798817380546038,3.0
1652256600000.0,241942,1652256600000.0,0.3301623237948998,-0.008294368,1403.0675744584087,1404.3918191059984,-38.6,1.0744,77.2,1.065846571922412,long_nclose,82.28335535241021,0.05864532603440145,8.0
1652256600000.0,241942,1652256600000.0,0.7007223237949018,-0.008368480000000001,1403.7599283022037,1404.4220506259985,-38.6,1.084,38.6,1.065846571922412,long_nclose,41.141677676205106,0.02930820067357562,0.0
1652256660000.0,241943,1652256660000.0,0.0,-0.0028591199999999997,1403.7570691822036,1404.2637915059986,13.2,1.083,51.8,1.0702177157568553,long_ientry_partial,55.4372776762051,0.03949207373074999,1.0
1652256660000.0,241943,1652256660000.0,0.26599808589269386,-0.0041842400000000005,1404.0188830280963,1404.3368072659985,-19.3,1.084,32.5,1.0702177157568553,long_nclose,34.7820757620978,0.02477322504885553,0.0
1652256720000.0,241944,1652256720000.0,0.29617300473894426,-0.0035267400000000004,1404.311529292835,1404.7480805259984,-16.2,1.0885,16.3,1.0702177157568553,long_nclose,17.444548766836743,0.012422135974074955,1.0
1652256780000.0,241945,1652256780000.0,0.0,-0.00765706,1404.3038722328351,1404.8940234659983,34.9,1.097,51.2,1.08847360872728,long_ientry_partial,55.72984876683674,0.03968503531805164,1.0
1652256780000.0,241945,1652256780000.0,0.15691017774533822,-0.003579806000000001,1404.4572026045805,1404.8594736599985,-16.3,1.0981,34.9,1.08847360872728,long_nclose,37.98772894458207,0.02704797901576027,0.0
1652256840000.0,241946,1652256840000.0,0.0,-0.0035640000000000003,1404.4536386045804,1404.8559096599984,16.2,1.1,51.1,1.092127767995735,long_ientry_partial,55.80772894458207,0.03973625573004376,1.0
1652256900000.0,241947,1652256900000.0,0.14912794407250352,-0.00374306,1404.5990234886528,1405.0038665999982,-17.0,1.1009,34.1,1.092127767995735,long_nclose,37.241556888654564,0.02651401308549708,1.0
1652256960000.0,241948,1652256960000.0,0.0,-0.003709440000000001,1404.5953140486529,1404.7456571599982,16.8,1.104,50.9,1.0960463042957675,long_ientry_partial,55.78875688865457,0.03971874057293212,1.0
1652257860000.0,241963,1652257860000.0,0.0,-0.011235360000000002,1404.5840786886529,1402.7425217999983,52.6,1.068,103.5,1.0817928201802374,long_rentry,111.96555688865456,0.07971438562310046,15.0
1652258700000.0,241977,1652258700000.0,0.30039770378181163,-0.00752445,1404.8769519424347,1405.7882473499983,-34.5,1.0905,69.0,1.0817928201802374,long_nclose,74.64370459243638,0.05313184509805733,14.0
1652258880000.0,241980,1652258880000.0,0.2002651358545411,-0.0050163000000000004,1405.0722007782892,1405.4957310499983,-23.0,1.0905,46.0,1.0817928201802374,long_nclose,49.76246972829092,0.03541630793117022,3.0
1652259420000.0,241989,1652259420000.0,0.42336513585454205,-0.00506092,1405.4905049941437,1405.9322701299982,-23.0,1.1002,23.0,1.0817928201802374,long_nclose,24.88123486414546,0.017702883637943274,9.0
1652259480000.0,241990,1652259480000.0,0.0,-0.0061876200000000004,1405.4843173741438,1406.2326825099983,28.1,1.101,51.1,1.0923548897093045,long_ientry_partial,55.81933486414546,0.039715373678756036,1.0
1652259540000.0,241991,1652259540000.0,0.47545031241273494,-0.0056661,1405.9541015865564,1406.4826164099982,-25.5,1.111,25.6,1.0923548897093045,long_nclose,27.964285176558196,0.01988989906925251,1.0
1652259600000.0,241992,1652259600000.0,0.0,-0.005599684,1405.9485019025565,1405.9837967259982,25.4,1.1023,51.0,1.0973079446383958,long_ientry_partial,55.96270517655818,0.03980423543311037,1.0
1652261220000.0,242019,1652261220000.0,0.1494649411472735,-0.0037607400000000007,1406.0942061037038,1406.4577359859984,-17.0,1.1061,34.0,1.0973079446383958,long_nclose,37.308470117705454,0.02653340718975542,27.0
1652261460000.0,242023,1652261460000.0,0.09935022558612885,-0.0024997860000000004,1406.1910565432897,1406.4791661999982,-11.3,1.1061,22.7,1.0973079446383958,long_nclose,24.90889034329158,0.017713731165751274,4.0
1652261520000.0,242024,1652261520000.0,0.21122022558612907,-0.0025221600000000003,1406.399754608876,1406.6584440399984,-11.3,1.116,11.4,1.0973079446383958,long_nclose,12.509310568877712,0.008894562536635673,1.0
1652261580000.0,242025,1652261580000.0,0.3259494311222872,-0.0025670520000000002,1406.7231369879985,1406.7231369879985,-11.4,1.1259,0.0,1.0973079446383958,long_nclose,0.0,0.0,1.0
1652265660000.0,242093,1652265660000.0,0.0,-0.011250432000000001,1406.7118865559985,1406.9483265559984,51.4,1.0944,51.4,1.0944,long_ientry_normal,56.25216,0.03998840170300979,68.0
1652265720000.0,242094,1652265720000.0,0.15047999999999861,-0.0037729440000000007,1406.8585936119985,1407.2221736119984,-17.1,1.1032,34.3,1.0944,long_nclose,37.53792,0.026682084589343378,1.0
1652265960000.0,242098,1652265960000.0,0.0,-0.0037421640000000005,1406.8548514479985,1406.9405114479985,17.1,1.0942,51.4,1.0943334630350194,long_ientry_partial,56.24874,0.03998190711863861,4.0
1652266020000.0,242099,1652266020000.0,0.1499077821011671,-0.0037726020000000008,1407.0009866280996,1407.3325488459984,-17.1,1.1031,34.3,1.0943334630350194,long_nclose,37.53563778210116,0.026677762232460066,1.0
1652266260000.0,242103,1652266260000.0,0.0,-0.003762672,1406.9972239560996,1406.8862261739985,17.2,1.0938,51.5,1.0941552967398285,long_ientry_partial,56.348997782101165,0.04004911795324149,4.0
1652269200000.0,242152,1652269200000.0,0.0,-0.011258016,1406.9859659400995,1405.7392881579983,52.8,1.0661,104.3,1.079952807115064,long_rentry,112.63907778210117,0.08005700163955766,49.0
1652269680000.0,242160,1652269680000.0,0.0,-0.011290670000000003,1406.9746752700994,1403.727047487998,54.1,1.0435,158.4,1.067502700644578,long_rentry,169.09242778210117,0.12018157167586559,8.0
1652270100000.0,242167,1652270100000.0,0.0,-0.016792734,1406.9578825360993,1399.9332847539981,82.1,1.0227,240.5,1.0522083067862833,long_rentry,253.05609778210112,0.17986046414264875,7.0
1652270820000.0,242179,1652270820000.0,0.6801846264187058,-0.016992414,1407.621074748518,1409.5124623399981,-80.1,1.0607,160.4,1.0522083067862833,long_nclose,168.77421240851984,0.11990031652422696,12.0
1652270880000.0,242180,1652270880000.0,1.4429337957400827,-0.017166008000000003,1409.046842536258,1410.6341363319982,-80.2,1.0702,80.2,1.0522083067862833,long_nclose,84.38710620425992,0.059889496684414484,1.0
1652270940000.0,242181,1652270940000.0,2.196813795740071,-0.017316783999999998,1411.2263395479981,1411.2263395479981,-80.2,1.0796,0.0,1.0522083067862833,long_nclose,0.0,0.0,1.0
1652271000000.0,242182,1652271000000.0,0.0,-0.011299440000000001,1411.2150401079982,1411.0034401079981,52.9,1.068,52.9,1.068,long_ientry_normal,56.4972,0.04003443727164101,1.0
1652271180000.0,242185,1652271180000.0,0.15135999999999897,-0.0037896320000000007,1411.3626104759983,1411.6450104759983,-17.6,1.0766,35.3,1.068,long_nclose,37.7004,0.026712058063721206,3.0
1652271240000.0,242186,1652271240000.0,0.0,-0.0037014400000000003,1411.3589090359983,1410.8013090359982,17.2,1.076,52.5,1.0706209523809525,long_ientry_partial,56.207600000000006,0.039825163989216275,1.0
1652271540000.0,242191,1652271540000.0,0.0,-0.011287423999999999,1411.3476216119982,1409.7801016119981,54.1,1.0432,106.6,1.0567046904315198,long_rentry,112.64472,0.0798135897032516,5.0
1652272200000.0,242202,1652272200000.0,0.0,-0.011293365999999999,1411.3363282459982,1405.743778245998,55.3,1.0211,161.9,1.0445432365657812,long_rentry,169.11155,0.11982370652229365,11.0
1652272260000.0,242203,1652272260000.0,0.0,-0.01681344,1411.319514805998,1402.8112648059982,84.0,1.0008,245.9,1.0296004473363154,long_rentry,253.17874999999995,0.17939151789791716,1.0
1652272380000.0,242205,1652272380000.0,0.0,-0.024839550000000002,1411.294675255998,1409.185175255998,127.5,0.9741,373.4,1.0106494376004285,long_rentry,377.37649999999996,0.26739738101225863,2.0
1652272800000.0,242212,1652272800000.0,0.0,-0.036341994,1411.2583332619981,1381.8432632619981,193.7,0.9381,567.1,0.9858692823135249,long_rentry,559.08647,0.3961616784275926,7.0
1652272860000.0,242213,1652272860000.0,0.0,-0.052314508,1411.206018753998,1351.847808753998,294.1,0.8894,861.2,0.952925,long_rentry,820.6590100000001,0.5815302649605959,1.0
1652272920000.0,242214,1652272920000.0,0.0,-0.07358181600000001,1411.1324369379981,1263.573146937998,446.6,0.8238,1307.8,0.9088301651628691,long_rentry,1188.5680900000002,0.84227961804851,1.0
1652273460000.0,242223,1652273460000.0,0.0,-0.044512818,1411.0879241199982,1126.605744119998,301.7,0.7377,1609.5,0.8767518981050016,long_rentry,1411.13218,1.0000313629499944,9.0
1652274120000.0,242234,1652274120000.0,3.781306666666632,-0.09483174000000001,1414.7743990466647,1471.909612379998,-536.5,0.8838,1073.0,0.8767518981050016,long_nclose,940.7547866666667,0.6649503887691122,11.0
1652274120000.0,242234,1652274120000.0,8.019656666666641,-0.09567941,1422.6983763033313,1451.265982969998,-536.5,0.8917,536.5,0.8767518981050016,long_nclose,470.3773933333334,0.3306234133446744,0.0
1652274120000.0,242234,1652274120000.0,12.258006666666592,-0.09652708,1434.859855889998,1434.859855889998,-536.5,0.8996,0.0,0.8767518981050016,long_nclose,0.0,0.0,0.0
1652274180000.0,242235,1652274180000.0,0.0,-0.011476200000000002,1434.848379689998,1432.010179689998,61.7,0.93,61.7,0.93,long_ientry_normal,57.38100000000001,0.039990984979470304,1.0
1652274180000.0,242235,1652274180000.0,0.0,-0.011471226000000001,1434.836908463998,1430.599778463998,63.3,0.9061,125.0,0.91789704,long_rentry,114.73713000000001,0.0799652764179497,0.0
1652274180000.0,242235,1652274180000.0,0.0,-0.011494224,1434.825414239998,1430.400364239998,64.8,0.8869,189.8,0.9073142781875658,long_rentry,172.20825,0.1200203511109508,0.0
1652274180000.0,242235,1652274180000.0,0.0,-0.017107824,1434.808306415998,1431.829736415998,98.4,0.8693,288.2,0.8943350798056904,long_rentry,257.74736999999993,0.17963888893550253,0.0
1652274660000.0,242243,1652274660000.0,0.6878323386537204,-0.0173088,1435.4788299546517,1432.915827615998,-96.0,0.9015,192.2,0.8943350798056904,long_nclose,171.89120233865367,0.11974485359988478,8.0
1652274660000.0,242243,1652274660000.0,1.46543233865372,-0.01746432,1436.9267979733054,1435.643963295998,-96.0,0.9096,96.2,0.8943350798056904,long_nclose,86.03503467730742,0.05987433375078982,0.0
1652274660000.0,242243,1652274660000.0,2.247705322692582,-0.017656548,1439.1568467479979,1439.1568467479979,-96.2,0.9177,0.0,0.8943350798056904,long_nclose,0.0,0.0,0.0
1652274720000.0,242244,1652274720000.0,0.0,-0.01150586,1439.145340887998,1439.733040887998,65.3,0.881,65.3,0.881,long_ientry_normal,57.5293,0.03997462825019647,1.0
1652274840000.0,242246,1652274840000.0,0.48900000000000043,-0.0058419200000000004,1439.628498967998,1439.072598967998,-32.6,0.896,32.7,0.881,long_nclose,28.8087,0.02001120429378246,2.0
1652274900000.0,242247,1652274900000.0,0.0,-0.00585792,1439.622641047998,1437.801341047998,33.9,0.864,66.6,0.8723468468468469,long_ientry_partial,58.0983,0.04035661731306639,1.0
1652274900000.0,242247,1652274900000.0,0.0,-0.011524644,1439.611116403998,1437.457596403998,67.8,0.8499,134.4,0.8610232142857143,long_rentry,115.72152,0.08038387497941844,0.0
1652274960000.0,242248,1652274960000.0,0.0,-0.011596686,1439.599519717998,1453.258369717998,69.7,0.8319,204.1,0.8510776580107791,long_rentry,173.70495,0.12066199496511844,1.0
1652274960000.0,242248,1652274960000.0,0.7581209211170978,-0.007777279999999999,1440.349863359115,1451.010592437998,-44.8,0.868,159.3,0.8510776580107791,long_nclose,135.5766709211171,0.09412759661387525,0.0
1652274960000.0,242248,1652274960000.0,1.1030809211170995,-0.007846272000000001,1441.445098008232,1449.1077061659978,-44.8,0.8757,114.5,0.8510776580107791,long_nclose,97.4483918422342,0.06760465034491218,0.0
1652274960000.0,242248,1652274960000.0,1.452520921117096,-0.00791616,1442.8897027693492,1447.554190005998,-44.8,0.8835,69.7,0.8510776580107791,long_nclose,59.320112763351304,0.04111202169472674,0.0
1652275080000.0,242250,1652275080000.0,4.385687236648702,-0.012741160000000001,1447.262648845998,1447.262648845998,-69.7,0.914,0.0,0.8510776580107791,long_nclose,0.0,0.0,2.0
1652275140000.0,242251,1652275140000.0,0.0,-0.0115697,1447.251079145998,1447.4415791459978,63.5,0.911,63.5,0.911,long_ientry_normal,57.8485,0.03997129512187724,1.0
1652275200000.0,242252,1652275200000.0,0.0,-0.011574304,1447.2395048419978,1452.6261848419979,65.2,0.8876,128.7,0.8991454545454546,long_rentry,115.72001999999999,0.07995913572897785,1.0
1652275200000.0,242252,1652275200000.0,0.40416090909090846,-0.0038752260000000003,1447.6397905250888,1452.1433396159978,-21.1,0.9183,107.6,0.8991454545454546,long_nclose,96.7480509090909,0.06683157753904954,0.0
1652275200000.0,242252,1652275200000.0,0.5771809090909081,-0.00390983,1448.2130616041795,1451.8334797859977,-21.1,0.9265,86.5,0.8991454545454546,long_nclose,77.77608181818182,0.05370486144630513,0.0
1652275200000.0,242252,1652275200000.0,0.7594418181818167,-0.003982248,1448.9685211743613,1451.6974375379975,-21.3,0.9348,65.2,0.8991454545454546,long_nclose,58.62428363636364,0.040459321772463204,0.0
1652275260000.0,242253,1652275260000.0,2.728916363636358,-0.012270640000000001,1451.6851668979975,1451.6851668979975,-65.2,0.941,0.0,0.8991454545454546,long_nclose,0.0,0.0,1.0
1652275320000.0,242254,1652275320000.0,0.0,-0.011618560000000002,1451.6735483379975,1449.1695483379976,62.6,0.928,62.6,0.928,long_ientry_normal,58.092800000000004,0.04001781259051645,1.0
1652275320000.0,242254,1652275320000.0,0.0,-0.011609928000000002,1451.6619384099974,1448.1178984099975,64.2,0.9042,126.8,0.9159498422712935,long_rentry,116.14244000000001,0.08000653384024838,0.0
1652275320000.0,242254,1652275320000.0,0.0,-0.0116466,1451.6502918099975,1448.3036518099975,65.8,0.885,192.6,0.9053761163032192,long_rentry,174.37544000000003,0.12012220917379428,0.0
1652275380000.0,242255,1652275380000.0,0.47019333333332225,-0.011719068000000001,1452.1087660753308,1454.2432727419975,-64.2,0.9127,128.4,0.9053761163032192,long_nclose,116.25029333333336,0.08005618866107903,1.0
1652275380000.0,242255,1652275380000.0,0.990213333333322,-0.011823072,1453.087156336664,1454.1544096699974,-64.2,0.9208,64.2,0.9053761163032192,long_nclose,58.12514666666668,0.040001142679702915,0.0
1652275440000.0,242256,1652275440000.0,0.0,-0.011626078000000001,1453.075530258664,1453.5196935919973,65.9,0.8821,130.1,0.8935859851396364,long_rentry,116.25553666666669,0.08000653389708647,1.0
1652275440000.0,242256,1652275440000.0,2.2735797540353473,-0.01192836,1455.3371816526994,1455.5621652319974,-64.2,0.929,65.9,0.8935859851396364,long_nclose,58.88731642070204,0.04046300552414173,0.0
1652275500000.0,242257,1652275500000.0,0.15798692544196413,-0.003945504,1455.4912230741413,1455.7294397279973,-21.9,0.9008,44.0,0.8935859851396364,long_nclose,39.317783346144,0.027013411501789035,1.0
1652275500000.0,242257,1652275500000.0,0.33318692544196427,-0.003980544,1455.8204294555833,1455.9400791839973,-21.9,0.9088,22.1,0.8935859851396364,long_nclose,19.748250271585967,0.013565031697605038,0.0
1652275560000.0,242258,1652275560000.0,0.0,-0.007677460000000001,1455.8127519955833,1456.5156017239974,42.7,0.899,64.8,0.8971535535738575,long_ientry_partial,58.13555027158596,0.039933398159822095,1.0
1652275560000.0,242258,1652275560000.0,0.026619058910840508,-0.0013151680000000002,1455.8380558864942,1456.4617265559973,-7.3,0.9008,57.5,0.8971535535738575,long_nclose,51.58632933049681,0.035434112415123446,0.0
1652275560000.0,242258,1652275560000.0,0.08501905891084056,-0.001326848,1455.921748097405,1456.4662397079974,-7.3,0.9088,50.2,0.8971535535738575,long_nclose,45.03710838940765,0.030933742454401846,0.0
1652275620000.0,242259,1652275620000.0,0.0,-0.00252424,1455.919223857405,1457.3611154679975,13.9,0.908,64.1,0.8995055910984033,long_ientry_partial,57.65830838940765,0.03960268361361701,1.0
1652275620000.0,242259,1652275620000.0,0.3261596634300758,-0.004580750000000001,1456.240802770835,1457.1180847179974,-25.1,0.9125,39.0,0.8995055910984033,long_nclose,35.08071805283773,0.024089915614291642,0.0
1652275620000.0,242259,1652275620000.0,0.5269596634300759,-0.00462091,1456.763141524265,1457.075813807997,-25.1,0.9205,13.9,0.8995055910984033,long_nclose,12.503127716267807,0.008582814432815292,0.0
1652275680000.0,242260,1652275680000.0,0.0,-0.00909092,1456.7540506042649,1458.267522887997,49.3,0.922,63.2,0.9170526537384147,long_ientry_partial,57.95772771626781,0.03978552707111184,1.0
1652275680000.0,242260,1652275680000.0,0.08266811303603608,-0.00256594,1456.834152777301,1458.014756947997,-13.9,0.923,49.3,0.9170526537384147,long_nclose,45.210695829303845,0.03103352275419574,0.0
1652275740000.0,242261,1652275740000.0,0.0,-0.0023713199999999997,1456.8317814573008,1456.588685627997,12.6,0.941,61.9,0.9219272347221945,long_ientry_partial,57.06729582930384,0.03917219308067138,1.0
1652275800000.0,242262,1652275800000.0,0.15393896472279317,-0.0038291280000000002,1456.9818912940236,1457.067496499997,-20.6,0.9294,41.3,0.9219272347221945,long_nclose,38.07559479402663,0.02613319700233862,1.0
1652275800000.0,242262,1652275800000.0,0.32491896472279264,-0.0038633240000000004,1457.3029469347466,1457.3458531759973,-20.6,0.9377,20.7,0.9219272347221945,long_nclose,19.083893758749426,0.013095351106569841,0.0
1652275860000.0,242263,1652275860000.0,0.051562080416857906,-0.001282572,1457.3532264431635,1457.7820306039973,-6.9,0.9294,13.8,0.9219272347221945,long_nclose,12.722595839166285,0.008729932873046317,1.0
1652275860000.0,242263,1652275860000.0,0.10883208041685773,-0.001294026,1457.4607644975804,1457.6751665779973,-6.9,0.9377,6.9,0.9219272347221945,long_nclose,6.3612979195831425,0.004364644369535413,0.0
1652275860000.0,242263,1652275860000.0,0.16610208041685756,-0.0013054800000000001,1457.6255610979972,1457.6255610979972,-6.9,0.946,0.0,0.9219272347221945,long_nclose,0.0,0.0,0.0
1652275920000.0,242264,1652275920000.0,0.0,-0.01166472,1457.6138963779972,1456.2062963779972,61.2,0.953,61.2,0.953,long_ientry_normal,58.3236,0.04001306528767833,1.0
1652275920000.0,242264,1652275920000.0,0.0,-0.011661959999999999,1457.6022344179971,1456.2888344179971,62.8,0.9285,124.0,0.940591935483871,long_rentry,116.63340000000001,0.08001730324361797,0.0
1652275980000.0,242265,1652275980000.0,0.0,-0.011687168,1457.5905472499971,1453.309407249997,64.3,0.9088,188.3,0.9297357408390865,long_rentry,175.06924,0.1201086548827441,1.0
1652276040000.0,242266,1652276040000.0,0.0,-0.017406232,1457.5731410179972,1456.0187410179972,97.7,0.8908,286.0,0.916434965034965,long_rentry,262.1004,0.17981972404962404,1.0
1652276100000.0,242267,1652276100000.0,0.7018878321678291,-0.017607628,1458.257421222165,1457.6023733899972,-95.3,0.9238,190.7,0.916434965034965,long_nclose,174.76414783216782,0.11984451118767361,1.0
1652276220000.0,242269,1652276220000.0,0.46767972027971827,-0.01173226,1458.7133686824448,1460.0572411299972,-63.5,0.9238,127.2,0.916434965034965,long_nclose,116.57052755244756,0.07991325098894356,2.0
1652276340000.0,242271,1652276340000.0,0.31227748251748116,-0.007833824,1459.017812340962,1459.574527305997,-42.4,0.9238,84.8,0.916434965034965,long_nclose,77.71368503496502,0.05326438401068944,2.0
1652276460000.0,242273,1652276460000.0,0.20769398601398512,-0.005210232,1459.220296094976,1460.497477073997,-28.2,0.9238,56.6,0.916434965034965,long_nclose,51.87021902097902,0.03554653067791688,2.0
1652276460000.0,242273,1652276460000.0,0.4417539860139875,-0.005257044,1459.65679303699,1460.297640029997,-28.2,0.9321,28.4,0.916434965034965,long_nclose,26.026753006993005,0.017830734684446774,0.0
1652276460000.0,242273,1652276460000.0,0.6777669930069941,-0.005340904,1460.329219125997,1460.329219125997,-28.4,0.9403,0.0,0.916434965034965,long_nclose,0.0,0.0,0.0
1652276520000.0,242274,1652276520000.0,0.0,-0.011681160000000001,1460.317537965997,1459.571137965997,62.2,0.939,62.2,0.939,long_ientry_normal,58.4058,0.03999527396031312,1.0
1652276580000.0,242275,1652276580000.0,0.15732000000000104,-0.003918924,1460.470939041997,1460.885939041997,-20.7,0.9466,41.5,0.939,long_nclose,38.9685,0.026682146805030966,1.0
1652276640000.0,242276,1652276640000.0,0.0,-0.00381498,1460.467124061997,1463.838924061997,20.1,0.949,61.6,0.942262987012987,long_ientry_partial,58.043400000000005,0.039743037719715255,1.0
1652276640000.0,242276,1652276640000.0,0.26365616883116716,-0.0039537,1460.7268265308282,1462.9655703619972,-20.7,0.955,40.9,0.942262987012987,long_nclose,38.53855616883117,0.026383137126576094,0.0
1652276640000.0,242276,1652276640000.0,0.4417298701298698,-0.00400816,1461.164548240958,1462.264762201997,-20.8,0.9635,20.1,0.942262987012987,long_nclose,18.93948603896104,0.012961911826947612,0.0
1652276700000.0,242277,1652276700000.0,0.0,-0.007676900000000001,1461.156871340958,1462.3742853019971,38.5,0.997,58.6,0.9782250177297106,long_ientry_partial,57.323986038961046,0.03923191764232179,1.0
1652276700000.0,242277,1652276700000.0,0.37737714363281694,-0.00400794,1461.530240544591,1462.3300773619972,-20.1,0.997,38.5,0.9782250177297106,long_nclose,37.661663182593855,0.025768651333933728,0.0
1652276760000.0,242278,1652276760000.0,0.0,-0.003996,1461.526244544591,1462.6185813619973,20.0,0.999,58.5,0.9853275757708352,long_ientry_partial,57.64166318259386,0.03943936237734472,1.0
1652276760000.0,242278,1652276760000.0,0.7073383328228469,-0.007728490000000001,1462.2258543874138,1462.5993028719972,-38.5,1.0037,20.0,0.9853275757708352,long_nclose,19.706551515416702,0.013477091419418639,0.0
1652276820000.0,242279,1652276820000.0,0.0,-0.0076906399999999995,1462.2181637474139,1462.416712231997,38.3,1.004,58.3,0.9975943656160671,long_ientry_partial,58.15975151541671,0.039775016449230295,1.0
1652276820000.0,242279,1652276820000.0,0.0,-0.01170288,1462.2064608674139,1464.1508093519972,60.2,0.972,118.5,0.9845919959106895,long_rentry,116.6741515154167,0.07979321295448452,0.0
1652276880000.0,242280,1652276880000.0,0.9950338420871877,-0.011856576000000002,1463.1896381335011,1463.4510327759972,-59.2,1.0014,59.3,0.9845919959106895,long_nclose,58.38630535750388,0.0399034437067116,1.0
1652276940000.0,242281,1652276940000.0,0.15578768055941847,-0.00391045,1463.3415153640606,1467.3176723259974,-19.7,0.9925,39.6,0.9845919959106895,long_nclose,38.989843038063306,0.02664439068303419,1.0
1652276940000.0,242281,1652276940000.0,0.33111768055941887,-0.0039455160000000005,1463.66868752862,1465.6668068099973,-19.7,1.0014,19.9,0.9845919959106895,long_nclose,19.59338071862272,0.013386486221622881,0.0
1652276940000.0,242281,1652276940000.0,0.5115892813772791,-0.004020994,1464.1762558159974,1464.1762558159974,-19.9,1.0103,0.0,0.9845919959106895,long_nclose,0.0,0.0,0.0
1652277060000.0,242283,1652277060000.0,0.0,-0.011717992000000002,1464.1645378239973,1462.8317778239973,57.2,1.0243,57.2,1.0243,long_ientry_normal,58.589960000000005,0.040015967117380716,2.0
1652277120000.0,242284,1652277120000.0,0.1576999999999995,-0.00392388,1464.3183139439973,1464.5742539439973,-19.0,1.0326,38.2,1.0243,long_nclose,39.128260000000004,0.026721143638920888,1.0
1652277180000.0,242285,1652277180000.0,0.0,-0.0038912,1464.3144227439973,1463.1589627439973,19.0,1.024,57.2,1.0242003496503496,long_ientry_partial,58.58426,0.040007978539348274,1.0
1652277240000.0,242286,1652277240000.0,0.0,-0.011715346000000001,1464.3027073979972,1463.0417173979972,58.7,0.9979,115.9,1.0108799827437447,long_rentry,117.16099000000001,0.08001145487751644,1.0
1652277300000.0,242287,1652277300000.0,0.0,-0.011739934000000002,1464.2909674639973,1459.5023074639973,60.1,0.9767,176.0,0.9992082954545456,long_rentry,175.86066000000002,0.12009953206538777,1.0
1652277360000.0,242288,1652277360000.0,0.0,-0.017480298,1464.2734871659973,1461.8961371659973,91.3,0.9573,267.3,0.9848939393939395,long_rentry,263.2621500000001,0.17979028665575736,1.0
1652277660000.0,242293,1652277660000.0,0.704429999999988,-0.017691696,1464.9602254699973,1463.0189254699974,-89.1,0.9928,178.2,0.9848939393939395,long_nclose,175.5081,0.1198040035139469,5.0
1652277720000.0,242294,1652277720000.0,0.46961999999999204,-0.011794464,1465.4180510059973,1464.3614510059972,-59.4,0.9928,118.8,0.9848939393939395,long_nclose,117.00540000000001,0.07984438291836024,1.0
1652277720000.0,242294,1652277720000.0,0.9982799999999932,-0.011900196,1466.4044308099974,1465.8761308099974,-59.4,1.0017,59.4,0.9848939393939395,long_nclose,58.502700000000004,0.03989533771913447,0.0
1652277720000.0,242294,1652277720000.0,1.5269399999999878,-0.012005927999999999,1467.9193648819974,1467.9193648819974,-59.4,1.0106,0.0,0.9848939393939395,long_nclose,0.0,0.0,0.0
1652277780000.0,242295,1652277780000.0,0.0,-0.01175104,1467.9076138419973,1468.1484138419974,60.2,0.976,60.2,0.976,long_ientry_normal,58.7552,0.04002649720319817,1.0
1652277840000.0,242296,1652277840000.0,0.15800000000000036,-0.0039356,1468.0616782419972,1467.9008782419971,-20.0,0.9839,40.2,0.976,long_nclose,39.2352,0.026725852586101235,1.0
1652277900000.0,242297,1652277900000.0,0.0,-0.00392688,1468.0577513619971,1467.6553513619972,20.2,0.972,60.4,0.9746622516556291,long_ientry_partial,58.8696,0.0401003298033633,1.0
1652278020000.0,242299,1652278020000.0,0.15753874172185506,-0.003949650000000001,1468.211340453719,1468.7085517119972,-20.1,0.9825,40.3,0.9746622516556291,long_nclose,39.27888874172185,0.026752884724064015,2.0
1652278080000.0,242300,1652278080000.0,0.0,-0.00379008,1468.207550373719,1468.466761631997,19.2,0.987,59.5,0.9786435082642326,long_ientry_partial,58.22928874172184,0.03966012075533878,1.0
1652278260000.0,242303,1652278260000.0,0.0,-0.011748352,1468.195802021719,1466.269753279997,61.6,0.9536,121.1,0.9659046138870508,long_rentry,116.97104874172186,0.07966992452958363,3.0
1652278260000.0,242303,1652278260000.0,0.0,-0.011740914,1468.184061107719,1467.308442365997,62.9,0.9333,184.0,0.9547587975093579,long_rentry,175.67561874172185,0.1196550373998596,0.0
1652278500000.0,242307,1652278500000.0,0.4745357126763632,-0.01180025,1468.6467965703953,1469.289892115997,-61.3,0.9625,122.7,0.9547587975093579,long_nclose,117.14890445439822,0.07976656111460291,4.0
1652278560000.0,242308,1652278560000.0,0.31661518186726356,-0.00787325,1468.9555385022625,1468.566268865997,-40.9,0.9625,81.8,0.9547587975093579,long_nclose,78.09926963626548,0.053166530632979526,1.0
1652278620000.0,242309,1652278620000.0,0.21056070774546623,-0.005236,1469.160863210008,1470.1022328659972,-27.2,0.9625,54.6,0.9547587975093579,long_nclose,52.12983034401094,0.03548272462833723,1.0
1652278620000.0,242309,1652278620000.0,0.4444807077454646,-0.005282784,1469.6000611337536,1470.0724700819972,-27.2,0.9711,27.4,0.9547587975093579,long_nclose,26.160391051756406,0.017801027465645602,0.0
1652278680000.0,242310,1652278680000.0,0.0,-0.00643464,1469.5936264937536,1469.5820354419973,33.1,0.972,60.5,0.9641915876323373,long_ientry_partial,58.33359105175641,0.03969368810542018,1.0
1652278800000.0,242312,1652278800000.0,0.15694908859002069,-0.003907440000000001,1469.7466681423437,1469.8197280019972,-20.1,0.972,40.4,0.9641915876323373,long_nclose,38.95334014034643,0.02650343830313336,2.0
1652278860000.0,242313,1652278860000.0,0.0,-0.003960600000000001,1469.7427075423436,1470.9728674019973,20.5,0.966,60.9,0.964800330711764,long_ientry_partial,58.756340140346424,0.03997729659676072,1.0
1652278860000.0,242313,1652278860000.0,0.09647556846236253,-0.0026049600000000003,1469.836578150806,1470.7960624419973,-13.4,0.972,47.5,0.964800330711764,long_nclose,45.82801570880879,0.031178987099684776,0.0
1652278860000.0,242313,1652278860000.0,0.21171556846236325,-0.0026280080000000003,1470.0456657112682,1470.734474433997,-13.4,0.9806,34.1,0.964800330711764,long_nclose,32.89969127727115,0.022380047126871354,0.0
1652278860000.0,242313,1652278860000.0,0.3331955023200095,-0.002690896,1470.376170317588,1470.790263537997,-13.6,0.9893,20.5,0.964800330711764,long_nclose,19.778406779591162,0.013451256337566463,0.0
1652278920000.0,242314,1652278920000.0,0.0,-0.007722400000000001,1470.3684479175881,1470.842241137997,39.2,0.985,59.7,0.9780637651522808,long_ientry_partial,58.39040677959117,0.03971141169567851,1.0
1652279040000.0,242316,1652279040000.0,0.15594107346961258,-0.003923882,1470.5204651090578,1471.632327255997,-19.9,0.9859,39.8,0.9780637651522808,long_nclose,38.92693785306077,0.02647153764716484,2.0
1652279040000.0,242316,1652279040000.0,0.33305107346961293,-0.003959303999999999,1470.8495568785272,1471.4054879519967,-19.9,0.9948,19.9,0.9780637651522808,long_nclose,19.463468926530386,0.013232807417664274,0.0
1652279040000.0,242316,1652279040000.0,0.5081710734696135,-0.003994328,1471.3537336239967,1471.3537336239967,-19.9,1.0036,0.0,0.9780637651522808,long_nclose,0.0,0.0,0.0
1652279100000.0,242317,1652279100000.0,0.0,-0.0117702,1471.3419634239967,1470.2889634239966,58.5,1.006,58.5,1.006,long_ientry_normal,58.851,0.03999817952792318,1.0
1652279280000.0,242320,1652279280000.0,0.0,-0.0117624,1471.3302010239968,1469.4417010239968,60.0,0.9802,118.5,0.9929367088607595,long_rentry,117.663,0.07997049195218753,3.0
1652279340000.0,242321,1652279340000.0,0.0,-0.011800620000000001,1471.3184004039967,1467.2723004039967,61.5,0.9594,180.0,0.9814783333333332,long_rentry,176.66609999999997,0.12007333011773029,1.0
1652279400000.0,242322,1652279400000.0,0.47530000000000294,-0.0118728,1471.7818276039968,1471.6044276039968,-60.0,0.9894,120.0,0.9814783333333332,long_nclose,117.77739999999999,0.08002368135753991,1.0
1652279400000.0,242322,1652279400000.0,1.0033000000000047,-0.0119784,1472.7731492039968,1472.6844492039968,-60.0,0.9982,60.0,0.9814783333333332,long_nclose,58.88869999999999,0.03998490876332727,0.0
1652279640000.0,242326,1652279640000.0,0.15843333333333431,-0.0039576,1472.9276249373302,1473.6284916039967,-20.0,0.9894,40.0,0.9814783333333332,long_nclose,39.25913333333333,0.026653810186365215,4.0
1652279640000.0,242326,1652279640000.0,0.3344333333333349,-0.0039928,1473.2580654706635,1473.6084988039968,-20.0,0.9982,20.0,0.9814783333333332,long_nclose,19.629566666666665,0.013323915970143076,0.0
1652279700000.0,242327,1652279700000.0,0.0,-0.0077922,1473.2502732706635,1472.4207066039967,39.0,0.999,59.0,0.9930604519774011,long_ientry_partial,58.59056666666667,0.03976959497627902,1.0
1652279880000.0,242330,1652279880000.0,0.15757514124294014,-0.003924312000000001,1473.4039240999064,1474.1107422919968,-19.6,1.0011,39.4,0.9930604519774011,long_nclose,39.1265818079096,0.02655523116772734,3.0
1652279880000.0,242330,1652279880000.0,0.33201514124293835,-0.0039592,1473.7319800411492,1474.0871830919966,-19.6,1.01,19.8,0.9930604519774011,long_nclose,19.662596949152544,0.01334204401848125,0.0
1652279940000.0,242331,1652279940000.0,0.0,-0.007784699999999999,1473.7241953411492,1473.6129983919966,38.5,1.011,58.3,1.0049073233130796,long_ientry_partial,58.58609694915254,0.03975377287986411,1.0
1652280240000.0,242336,1652280240000.0,0.1569979277262531,-0.0039304399999999995,1473.8772628288755,1474.6199679519966,-19.4,1.013,38.9,1.0049073233130796,long_nclose,39.0908948768788,0.026522489940478476,5.0
1652280240000.0,242336,1652280240000.0,0.3335379277262552,-0.003965748,1474.2068350086017,1474.5791422039968,-19.4,1.0221,19.5,1.0049073233130796,long_nclose,19.595692804605054,0.013292363282585592,0.0
1652280300000.0,242337,1652280300000.0,0.0,-0.007848464,1474.1989865446017,1473.7775737399966,38.8,1.0114,58.3,1.0092283499932255,long_ientry_partial,58.83801280460504,0.03991185270213514,1.0
1652280360000.0,242338,1652280360000.0,0.15853001013142637,-0.003947512,1474.3535690427332,1473.8389862279967,-19.4,1.0174,38.9,1.0092283499932255,long_nclose,39.25898281473647,0.026627929445869964,1.0
1652280420000.0,242339,1652280420000.0,0.0,-0.00404376,1474.349525282733,1473.3021424679966,20.3,0.996,59.2,1.004692277275954,long_ientry_partial,59.47778281473647,0.0403417112392874,1.0
1652280600000.0,242342,1652280600000.0,0.0,-0.011804328,1474.3377209547332,1472.7092981399967,60.3,0.9788,119.5,0.9916269691609747,long_rentry,118.49942281473648,0.08037468019064187,3.0
1652281560000.0,242358,1652281560000.0,0.0,-0.011880439999999999,1474.3258405147333,1470.3012176999969,62.0,0.9581,181.5,0.9801742303842229,long_rentry,177.90162281473647,0.1206664211709302,16.0
1652281980000.0,242365,1652281980000.0,0.0,-0.01767198,1474.3081685347333,1466.835045719997,94.1,0.939,275.6,0.9661158302421495,long_rentry,266.26152281473645,0.18060099543460106,7.0
1652284440000.0,242406,1652284440000.0,0.0,-0.026116404000000003,1474.2820521307333,1459.9475093159967,142.9,0.9138,418.5,0.9482521931057024,long_rentry,396.84354281473645,0.2691774903188918,41.0
1652287920000.0,242464,1652287920000.0,0.0,-0.03818766,1474.2438644707333,1446.9730216559967,217.0,0.8799,635.5,0.9249124198500969,long_rentry,587.7818428147366,0.39870055218154526,58.0
1652296980000.0,242615,1652296980000.0,0.0,-0.05497068800000001,1474.1888937827334,1412.5866109679969,329.6,0.8339,965.1,0.8938299479999343,long_rentry,862.6352828147367,0.5851592604264133,151.0
1652302560000.0,242708,1652302560000.0,0.0,-0.122316082,1474.0665777007334,1365.195284885997,792.1,0.7721,1757.2,0.8389572574634285,long_rentry,1474.2156928147367,1.0001011590088664,93.0
1652302920000.0,242714,1652302920000.0,3.9492243036699146,-0.09906529800000001,1477.9167367064035,1488.510309587997,-585.7,0.8457,1171.5,0.8389572574634285,long_nclose,982.8384271184066,0.6650161018601773,6.0
1652306940000.0,242781,1652306940000.0,2.633040960531162,-0.06604917,1480.4837284969346,1492.2321104179969,-390.5,0.8457,781.0,0.8389572574634285,long_nclose,655.2256180789377,0.4425753593010829,67.0
1652306940000.0,242781,1652306940000.0,5.600840960531139,-0.06664273,1486.0179267274657,1491.892117687997,-390.5,0.8533,390.5,0.8389572574634285,long_nclose,327.61280903946886,0.22046356450150198,0.0
1652307060000.0,242783,1652307060000.0,2.7997033431387406,-0.033312832,1488.7843172386044,1491.9174648559967,-195.2,0.8533,195.3,0.8389572574634285,long_nclose,163.8483523826076,0.11005513054202058,2.0
1652307660000.0,242793,1652307660000.0,0.4389525391308032,-0.011011014,1489.2122587637352,1490.129223841997,-65.1,0.8457,130.2,0.8389572574634285,long_nclose,109.23223492173838,0.07334900332637416,10.0
1652307720000.0,242794,1652307720000.0,0.9337125391307992,-0.011109965999999999,1490.134861336866,1491.7651438759967,-65.1,0.8533,65.1,0.8389572574634285,long_nclose,54.61611746086919,0.03665179500053482,1.0
1652307720000.0,242794,1652307720000.0,1.4219625391308033,-0.011207616,1491.5456162599967,1491.5456162599967,-65.1,0.8608,0.0,0.8389572574634285,long_nclose,0.0,0.0,0.0
1652307960000.0,242798,1652307960000.0,0.0,-0.011937000000000001,1491.5336792599967,1491.2914792599968,69.2,0.8625,69.2,0.8625,long_ientry_normal,59.685,0.04001585805934457,4.0
1652308260000.0,242803,1652308260000.0,0.0,-0.011932260000000002,1491.5217469999966,1488.6816469999965,71.0,0.8403,140.2,0.8512574893009988,long_rentry,119.34630000000001,0.08001646656513704,5.0
1652308620000.0,242809,1652308620000.0,0.0,-0.011959150000000002,1491.5097878499967,1487.1586378499967,72.7,0.8225,212.9,0.8414375293565055,long_rentry,179.14205000000004,0.12010786081278912,6.0
1652309700000.0,242827,1652309700000.0,0.47945916862375615,-0.012027476,1491.9772195426206,1493.0510903739969,-70.9,0.8482,142.0,0.8414375293565055,long_nclose,119.48412916862378,0.08008441925490843,18.0
1652310120000.0,242834,1652310120000.0,0.3198648614372872,-0.008023971999999999,1492.2890604320578,1493.0999264019968,-47.3,0.8482,94.7,0.8414375293565055,long_nclose,79.68413403006107,0.053397251338819285,7.0
1652310180000.0,242835,1652310180000.0,0.6793448614372897,-0.008095868,1492.960309425495,1493.6979705339968,-47.3,0.8558,47.4,0.8414375293565055,long_nclose,39.88413889149836,0.02671480188702816,1.0
1652310300000.0,242837,1652310300000.0,0.0,-0.0038335360000000002,1492.956475889495,1493.3044569979968,22.4,0.8557,69.8,0.8460145972994033,long_ientry_partial,59.05181889149835,0.03955361046698673,2.0
1652310360000.0,242838,1652310360000.0,0.15742134265384314,-0.0039569919999999995,1493.109940240149,1493.5752600059968,-23.2,0.8528,46.6,0.8460145972994033,long_nclose,39.42428023415219,0.026404137546503285,1.0
1652310420000.0,242839,1652310420000.0,0.33750988292390377,-0.004009930000000001,1493.443440193073,1493.909100075997,-23.3,0.8605,23.3,0.8460145972994033,long_nclose,19.712140117076096,0.013199120627244982,1.0
1652310420000.0,242839,1652310420000.0,0.5145898829239024,-0.004045346,1493.9539847299968,1493.9539847299968,-23.3,0.8681,0.0,0.8460145972994033,long_nclose,0.0,0.0,0.0
1652310660000.0,242843,1652310660000.0,0.0,-0.011955696000000002,1493.9420290339967,1493.7882490339966,69.9,0.8552,69.9,0.8552,long_ientry_normal,59.77848,0.040013922118955034,4.0
1652311020000.0,242849,1652311020000.0,0.0,-0.011948088000000003,1493.9300809459967,1491.9391609459967,71.7,0.8332,141.6,0.8440601694915255,long_rentry,119.51892000000001,0.08000302124200981,6.0
1652312640000.0,242876,1652312640000.0,0.3228399999999953,-0.008032496,1494.2448884499968,1494.9000084499967,-47.2,0.8509,94.4,0.8440601694915255,long_nclose,79.67928000000002,0.0533241108039878,27.0
1652313000000.0,242882,1652313000000.0,0.21477067796609853,-0.005343652,1494.4543154759629,1495.0805247979968,-31.4,0.8509,63.0,0.8440601694915255,long_nclose,53.175790677966106,0.03558207843980186,6.0
1652313360000.0,242888,1652313360000.0,0.143636440677964,-0.0035737800000000004,1494.594378136641,1494.6758510179968,-21.0,0.8509,42.0,0.8440601694915255,long_nclose,35.450527118644075,0.023719162628486126,6.0
1652313480000.0,242890,1652313480000.0,0.09575762711864266,-0.00238252,1494.6877532437595,1494.9660684979967,-14.0,0.8509,28.0,0.8440601694915255,long_nclose,23.633684745762714,0.01581178724082878,2.0
1652313600000.0,242892,1652313600000.0,0.20215762711864338,-0.0024038,1494.8875070708782,1495.0406646979968,-14.0,0.8585,14.0,0.8440601694915255,long_nclose,11.816842372881357,0.007904837198108363,2.0
1652313660000.0,242893,1652313660000.0,0.10107881355932169,-0.0012019,1494.9873839844374,1495.0989627979968,-7.0,0.8585,7.0,0.8440601694915255,long_nclose,5.908421186440679,0.0039521545464106635,1.0
1652313780000.0,242895,1652313780000.0,0.0,-0.010767856,1494.9766161284374,1494.8577149419966,63.4,0.8492,70.4,0.8486889373073959,long_ientry_partial,59.74770118644068,0.039965642634043445,2.0
1652314380000.0,242905,1652314380000.0,0.15937886700693638,-0.00400374,1495.1319912554445,1496.133611201997,-23.4,0.8555,47.0,0.8486889373073959,long_nclose,39.888380053447605,0.02667883523778647,10.0
1652314380000.0,242905,1652314380000.0,0.3395588670069347,-0.004039776,1495.4675103464515,1495.970451425997,-23.4,0.8632,23.6,0.8486889373073959,long_nclose,20.029058920454546,0.01339317556675936,0.0
1652314380000.0,242905,1652314380000.0,0.5218210795454568,-0.004110176000000001,1495.9852212499968,1495.9852212499968,-23.6,0.8708,0.0,0.8486889373073959,long_nclose,0.0,0.0,0.0
1652320500000.0,243007,1652320500000.0,0.0,-0.011973312,1495.9732479379968,1495.7766879379967,70.2,0.8528,70.2,0.8528,long_ientry_normal,59.86656,0.040018469636752,102.0
1652321940000.0,243031,1652321940000.0,0.0,-0.01196496,1495.961282977997,1493.869322977997,72.0,0.8309,142.2,0.8417113924050634,long_rentry,119.69136,0.08000966426198643,24.0
1652323020000.0,243049,1652323020000.0,0.0,-0.011988042000000003,1495.949294935997,1491.8444249359968,73.7,0.8133,215.9,0.8320128300138954,long_rentry,179.63157,0.12007864879383189,18.0
1652323440000.0,243056,1652323440000.0,0.0,-0.01785504,1495.9314398959968,1489.3446698959967,112.0,0.7971,327.9,0.8200877401646844,long_rentry,268.90677,0.1797587528601548,7.0
1652324880000.0,243080,1652324880000.0,0.0,-0.026392716000000004,1495.905047179997,1483.4746971799968,170.1,0.7758,498.0,0.8049605421686747,long_rentry,400.87035000000003,0.2679784728019336,24.0
1652328660000.0,243143,1652328660000.0,0.0,-0.038595186000000004,1495.8664519939969,1464.7073719939967,258.3,0.7471,756.3,0.7851993653312179,long_rentry,593.8462800000001,0.39699150897354524,63.0
1652329440000.0,243156,1652329440000.0,0.0,-0.055551208,1495.8109007859969,1447.6830807859967,392.2,0.7082,1148.5,0.7589049368741838,long_rentry,871.6023200000001,0.5826955262473373,13.0
1652329800000.0,243162,1652329800000.0,2.3331901645624424,-0.058568400000000014,1498.0855225505593,1508.8781123859967,-382.8,0.765,765.7,0.7589049368741838,long_nclose,581.0935101645625,0.3878907454997791,6.0
1652329800000.0,243162,1652329800000.0,4.974510164562449,-0.059096664000000014,1503.0009360511217,1508.3979357219966,-382.8,0.7719,382.9,0.7589049368741838,long_nclose,290.584700329125,0.1933363402238369,0.0
1652332140000.0,243201,1652332140000.0,0.0,-0.028431576000000004,1502.9725044751217,1484.8394241459969,198.6,0.7158,581.5,0.7441832851747634,long_rentry,432.7425803291249,0.28792448234457235,39.0
1652332740000.0,243211,1652332740000.0,1.1660393331308492,-0.029077752,1504.1094660562526,1506.7523063939968,-193.8,0.7502,387.7,0.7441832851747634,long_nclose,288.5198596622558,0.1918210517075925,10.0
1652333640000.0,243226,1652333640000.0,0.777359555420566,-0.019385168,1504.867440443673,1508.9560612259968,-129.2,0.7502,258.5,0.7441832851747634,long_nclose,192.37137921767635,0.12783277386941164,15.0
1652333640000.0,243226,1652333640000.0,1.642999555420571,-0.019558296,1506.4908817030937,1508.5359829299969,-129.2,0.7569,129.3,0.7441832851747634,long_nclose,96.22289877309692,0.06387220788506637,0.0
1652334060000.0,243233,1652334060000.0,0.0,-0.012049050000000002,1506.4788326530936,1503.4394838799967,83.5,0.7215,212.8,0.735282654008914,long_rentry,156.4681487730969,0.10386348973621976,7.0
1652334300000.0,243237,1652334300000.0,0.41953983076799417,-0.010510216000000001,1506.8878622678615,1506.2801536639965,-70.9,0.7412,141.9,0.735282654008914,long_nclose,104.3366086038649,0.06923979628241124,4.0
1652334540000.0,243241,1652334540000.0,0.0,-0.01206128,1506.8758009878616,1503.7985923839967,84.7,0.712,226.6,0.7265799144036404,long_rentry,164.64300860386493,0.10926116704238666,4.0
1652335140000.0,243251,1652335140000.0,0.43941646252515004,-0.011059240000000001,1507.3041582103867,1508.2742331439968,-75.5,0.7324,151.1,0.7265799144036404,long_nclose,109.78622506639007,0.07283614555720366,10.0
1652335140000.0,243251,1652335140000.0,0.9377164625251455,-0.011158900000000001,1508.230715772912,1508.7160742439967,-75.5,0.739,75.6,0.7265799144036404,long_nclose,54.92944152891521,0.03641978707532549,0.0
1652335560000.0,243258,1652335560000.0,0.146666157028262,-0.003691296,1508.3736906339402,1508.7980629479966,-25.2,0.7324,50.4,0.7265799144036404,long_nclose,36.61962768594348,0.02427755662494548,7.0
1652335620000.0,243259,1652335620000.0,0.31298615702826044,-0.0037245599999999996,1508.6829522309686,1509.046338387997,-25.2,0.739,25.2,0.7265799144036404,long_nclose,18.30981384297174,0.012136290011029857,1.0
1652335680000.0,243260,1652335680000.0,0.476786157028262,-0.00375732,1509.155981067997,1509.155981067997,-25.2,0.7455,0.0,0.7265799144036404,long_nclose,0.0,0.0,1.0
1652335860000.0,243263,1652335860000.0,0.0,-0.012075,1509.1439060679968,1508.4999060679968,80.5,0.75,80.5,0.75,long_ientry_normal,60.375,0.040006125166223684,3.0
1652336820000.0,243279,1652336820000.0,0.16347999999999985,-0.004052696000000001,1509.3033333719968,1509.5718333719967,-26.8,0.7561,53.7,0.75,long_nclose,40.275000000000006,0.026684496820145467,16.0
1652336820000.0,243279,1652336820000.0,0.3430400000000009,-0.0040886080000000005,1509.6422847639967,1509.7767847639966,-26.8,0.7628,26.9,0.75,long_nclose,20.174999999999997,0.01336409307265394,0.0
1652336880000.0,243280,1652336880000.0,0.05428999999999995,-0.0013458580000000001,1509.6952289059968,1509.7852289059967,-8.9,0.7561,18.0,0.75,long_nclose,13.5,0.008942202201819766,1.0
1652336940000.0,243281,1652336940000.0,0.036599999999999966,-0.0009073200000000001,1509.7309215859968,1509.814921585997,-6.0,0.7561,12.0,0.75,long_nclose,9.0,0.00596132719501125,1.0
1652337000000.0,243282,1652337000000.0,0.0,-0.01026492,1509.7206566659968,1509.8844566659968,67.8,0.757,79.8,0.7559473684210527,long_ientry_partial,60.324600000000004,0.0399574581785337,1.0
1652337060000.0,243283,1652337060000.0,0.16099999999999845,-0.00405384,1509.8776028259967,1510.5720028259968,-26.6,0.762,53.2,0.7559473684210527,long_nclose,40.21640000000001,0.02663553649959975,1.0
1652337060000.0,243283,1652337060000.0,0.3445399999999989,-0.004090548,1510.2180522779968,1510.5652522779967,-26.6,0.7689,26.6,0.7559473684210527,long_nclose,20.108200000000004,0.013314766016515966,0.0
1652337120000.0,243284,1652337120000.0,0.0,-0.0079976,1510.2100546779968,1510.6358546779968,52.0,0.769,78.6,0.7645826972010179,long_ientry_partial,60.0962,0.0397932723423786,1.0
1652337600000.0,243292,1652337600000.0,0.0,-0.0120839,1510.1979707779967,1508.4990707779966,81.1,0.745,159.7,0.7546380713838448,long_rentry,120.5157,0.07980125939244567,8.0
1652338320000.0,243304,1652338320000.0,0.0,-0.012075552,1510.1858952259968,1506.3174352259969,82.8,0.7292,242.5,0.745952412371134,long_rentry,180.89345999999998,0.11978224705437973,12.0
1652338740000.0,243311,1652338740000.0,0.0,-0.017981852000000003,1510.1679133739967,1503.0679933739966,125.8,0.7147,368.3,0.7352775454792289,long_rentry,270.80272,0.17931960916516643,7.0
1652339760000.0,243328,1652339760000.0,0.0,-0.026571920000000002,1510.1413414539968,1486.2437214539968,191.0,0.6956,559.3,0.721727731092437,long_rentry,403.66232,0.2673010193942146,17.0
1652340000000.0,243332,1652340000000.0,1.09459092436974,-0.027124928,1511.2088074503665,1514.6664365259967,-186.4,0.7276,372.9,0.721727731092437,long_nclose,269.1322709243698,0.17809072419213587,4.0
1652340060000.0,243333,1652340060000.0,2.306190924369731,-0.027367248000000004,1513.4876311267362,1514.0979092779967,-186.4,0.7341,186.5,0.721727731092437,long_nclose,134.6022218487395,0.08893513173182199,1.0
1652340180000.0,243335,1652340180000.0,0.36466789915966125,-0.009036792,1513.843262233896,1514.747932485997,-62.1,0.7276,124.4,0.721727731092437,long_nclose,89.78292974789917,0.059307942894571135,2.0
1652340180000.0,243335,1652340180000.0,0.7683178991596582,-0.009117522,1514.6024626110557,1515.0555249639967,-62.1,0.7341,62.3,0.721727731092437,long_nclose,44.963637647058825,0.029686758576600386,0.0
1652340240000.0,243336,1652340240000.0,0.38477756302520727,-0.004566102000000001,1514.982674072081,1515.5527688619968,-31.1,0.7341,31.2,0.721727731092437,long_nclose,22.517905210084034,0.014863473751524013,1.0
1652340240000.0,243336,1652340240000.0,0.5888147899159654,-0.004621344,1515.5668675179968,1515.5668675179968,-31.2,0.7406,0.0,0.721727731092437,long_nclose,0.0,0.0,0.0
1652340300000.0,243337,1652340300000.0,0.0,-0.0121212,1515.554746317997,1516.5375463179969,81.9,0.74,81.9,0.74,long_ientry_normal,60.606,0.039989317540155375,1.0
1652340360000.0,243338,1652340360000.0,0.5153400000000022,-0.006156268,1516.0639300499968,1517.0479300499967,-40.9,0.7526,41.0,0.74,long_nclose,30.34,0.020012348687036864,1.0
1652340360000.0,243338,1652340360000.0,0.7912999999999993,-0.00622626,1516.849003789997,1516.849003789997,-41.0,0.7593,0.0,0.74,long_nclose,0.0,0.0,0.0
1652340420000.0,243339,1652340420000.0,0.0,-0.012132320000000002,1516.8368714699968,1515.9634714699969,79.4,0.764,79.4,0.764,long_ientry_normal,60.66160000000001,0.039992171301328955,1.0
1652340480000.0,243340,1652340480000.0,0.16367999999999955,-0.004066656,1516.9964848139969,1517.367484813997,-26.4,0.7702,53.0,0.764,long_nclose,40.492,0.026692217421298,1.0
1652340600000.0,243342,1652340600000.0,0.0,-0.00403392,1516.9924508939969,1516.6748508939968,26.4,0.764,79.4,0.7639999999999999,long_ientry_partial,60.6616,0.039988069791811284,2.0
1652340600000.0,243342,1652340600000.0,0.10912000000000167,-0.002711104,1517.098859789997,1516.851659789997,-17.6,0.7702,61.8,0.7639999999999999,long_nclose,47.21519999999999,0.031122032486752847,0.0
1652340660000.0,243343,1652340660000.0,0.0,-0.002736,1517.0961237899971,1516.928723789997,18.0,0.76,79.8,0.7630977443609022,long_ientry_partial,60.89519999999999,0.04013931552858503,1.0
1652340660000.0,243343,1652340660000.0,0.14630646616541534,-0.003173224,1517.2392570321626,1517.1150705659973,-20.6,0.7702,59.2,0.7630977443609022,long_nclose,45.17538646616541,0.02977472818264139,0.0
1652340720000.0,243344,1652340720000.0,0.12218443609022706,-0.003031042,1517.358410426253,1517.5520495239973,-19.7,0.7693,39.5,0.7630977443609022,long_nclose,30.142360902255636,0.019865023777597877,1.0
1652340780000.0,243345,1652340780000.0,0.0,-0.006109600000000001,1517.352300826253,1517.3204399239974,40.0,0.7637,79.5,0.7634007660661086,long_ientry_partial,60.690360902255634,0.039997541025381875,1.0
1652340780000.0,243345,1652340780000.0,0.07727996453397677,-0.002015566,1517.427565224787,1517.4009543579973,-13.1,0.7693,66.4,0.7634007660661086,long_nclose,50.689810866789614,0.03340509427168643,0.0
1652340900000.0,243347,1652340900000.0,0.13700306993899827,-0.0034016320000000004,1517.561166662726,1518.0307127259973,-22.1,0.7696,44.3,0.7634007660661086,long_nclose,33.81865393672861,0.022284870408946566,2.0
1652341020000.0,243349,1652341020000.0,0.0,-0.005374336,1517.555792326726,1517.3649583899974,35.2,0.7634,79.5,0.7634004268770895,long_ientry_partial,60.69033393672862,0.03999215992163149,2.0
1652341140000.0,243351,1652341140000.0,0.0,-0.012138816,1517.543653510726,1515.5343395739974,81.6,0.7438,161.1,0.7534724639151373,long_rentry,121.38441393672862,0.07998742814146709,2.0
1652341440000.0,243356,1652341440000.0,0.3290486877571279,-0.008158104000000003,1517.8645440944833,1519.3174014699975,-53.7,0.7596,107.4,0.7534724639151373,long_nclose,80.92294262448576,0.05331367870692452,5.0
1652341440000.0,243356,1652341440000.0,0.6888386877571241,-0.008230062000000002,1518.5451527202406,1519.2715814079977,-53.7,0.7663,53.7,0.7534724639151373,long_nclose,40.46147131224288,0.02664489181619813,0.0
1652341500000.0,243357,1652341500000.0,0.0,-0.00396448,1518.5411882402407,1518.6699169279977,26.0,0.7624,79.7,0.7563848345325329,long_ientry_partial,60.28387131224287,0.0396985421133705,1.0
1652341680000.0,243360,1652341680000.0,0.16205188488787664,-0.00404125,1518.6991988751286,1519.6363256779978,-26.5,0.7625,53.2,0.7563848345325329,long_nclose,40.239673197130756,0.026496144349674716,3.0
1652341680000.0,243360,1652341680000.0,0.3422518848878774,-0.00407729,1519.0373734700165,1519.5076983879978,-26.5,0.7693,26.7,0.7563848345325329,long_nclose,20.19547508201863,0.01329491652722477,0.0
1652341740000.0,243361,1652341740000.0,0.5263949179813715,-0.004144374,1519.559624013998,1519.559624013998,-26.7,0.7761,0.0,0.7563848345325329,long_nclose,0.0,0.0,1.0
1652341860000.0,243363,1652341860000.0,0.0,-0.012159924,1519.5474640899981,1519.316044089998,79.8,0.7619,79.8,0.7619,long_ientry_normal,60.79962,0.04001166231185196,2.0
1652341980000.0,243365,1652341980000.0,0.16225999999999985,-0.004085760000000001,1519.7056383299982,1520.3493583299983,-26.6,0.768,53.2,0.7619,long_nclose,40.533080000000005,0.026671665207837047,2.0
1652341980000.0,243365,1652341980000.0,0.34580000000000033,-0.004122468000000001,1520.0473158619982,1520.3691758619982,-26.6,0.7749,26.6,0.7619,long_nclose,20.266540000000003,0.01333283496409263,0.0
1652342100000.0,243367,1652342100000.0,0.0,-0.008104488000000002,1520.0392113739981,1520.696231373998,53.2,0.7617,79.8,0.7617666666666669,long_ientry_partial,60.788980000000016,0.039991718335378644,2.0
1652342220000.0,243369,1652342220000.0,0.16314666666666053,-0.004085228000000001,1520.198272812665,1520.2638861459984,-26.6,0.7679,53.2,0.7617666666666669,long_nclose,40.52598666666668,0.026658355947007925,2.0
1652342280000.0,243370,1652342280000.0,0.1085599999999959,-0.0027183660000000003,1520.304114446665,1520.4543977799983,-17.7,0.7679,35.5,0.7617666666666669,long_nclose,27.042716666666674,0.017787702085190524,1.0
1652342400000.0,243372,1652342400000.0,0.07237333333333061,-0.0018122440000000002,1520.3746755359984,1520.6172055359984,-11.8,0.7679,23.7,0.7617666666666669,long_nclose,18.053870000000007,0.011874618993923475,2.0
1652342460000.0,243373,1652342460000.0,0.1537933333333308,-0.0018285280000000005,1520.5266403413318,1520.5294170079985,-11.8,0.7748,11.9,0.7617666666666669,long_nclose,9.065023333333336,0.005961765544139625,1.0
1652342520000.0,243374,1652342520000.0,0.0,-0.01035232,1520.5162880213318,1520.2538646879984,68.0,0.7612,79.9,0.7612843971631206,long_ientry_partial,60.82662333333334,0.04000392748997634,1.0
1652342640000.0,243376,1652342640000.0,0.16267503546099196,-0.004082568,1520.6748804887927,1521.4059221199984,-26.6,0.7674,53.3,0.7612843971631206,long_nclose,40.57645836879433,0.02668319105511349,2.0
1652342640000.0,243376,1652342640000.0,0.3462150354609924,-0.004119276,1521.0169762482537,1521.3831828439984,-26.6,0.7743,26.7,0.7612843971631206,long_nclose,20.32629340425532,0.013363620341958466,0.0
1652342760000.0,243378,1652342760000.0,0.0,-0.008097040000000002,1521.0088792082538,1520.9213858039984,53.2,0.761,79.9,0.7610950363486273,long_ientry_partial,60.81149340425532,0.0399810245919867,2.0
1652342940000.0,243381,1652342940000.0,0.16239203312651374,-0.0040815040000000006,1521.1671897373803,1521.5352242999986,-26.6,0.7672,53.3,0.7610950363486273,long_nclose,40.56636543738183,0.026667920338450998,3.0
1652343060000.0,243383,1652343060000.0,0.3459320331265142,-0.0041182120000000004,1521.5090035585067,1522.1739660879985,-26.6,0.7741,26.7,0.7610950363486273,long_nclose,20.321237470508347,0.013355975825960292,2.0
1652343060000.0,243383,1652343060000.0,0.5287925294916522,-0.004170006,1522.0336260819984,1522.0336260819984,-26.7,0.7809,0.0,0.7610950363486273,long_nclose,0.0,0.0,0.0
1652344260000.0,243403,1652344260000.0,0.0,-0.0121744,1522.0214516819983,1521.7894516819983,80.0,0.7609,80.0,0.7609,long_ientry_normal,60.872,0.03999418006410478,20.0
1652344860000.0,243413,1652344860000.0,0.0,-0.012173788,1522.0092778939984,1521.0328378939985,82.1,0.7414,162.1,0.7510236890808143,long_rentry,121.74094,0.07998698941471154,10.0
1652345460000.0,243423,1652345460000.0,0.32812078963602787,-0.00817668,1522.3292220036344,1522.9752612139985,-54.0,0.7571,108.1,0.7510236890808143,long_nclose,81.18566078963602,0.053329897118300336,10.0
1652345640000.0,243426,1652345640000.0,0.21874719309068524,-0.00545112,1522.542518076725,1523.3339100939982,-36.0,0.7571,72.1,0.7510236890808143,long_nclose,54.14880798272671,0.03556472633101075,3.0
1652345640000.0,243426,1652345640000.0,0.46354719309068626,-0.00550008,1523.0005651898157,1523.3968100139982,-36.0,0.7639,36.1,0.7510236890808143,long_nclose,27.111955175817396,0.017801671119168864,0.0
1652345700000.0,243427,1652345700000.0,0.23177359654534313,-0.00275004,1523.229588746361,1523.5730599739984,-18.0,0.7639,18.1,0.7510236890808143,long_nclose,13.59352877236274,0.008924149631015506,1.0
1652345700000.0,243427,1652345700000.0,0.35433122763726044,-0.002789572,1523.5811304019983,1523.5811304019983,-18.1,0.7706,0.0,0.7510236890808143,long_nclose,0.0,0.0,0.0
1652349840000.0,243496,1652349840000.0,0.0,-0.012182870000000002,1523.5689475319982,1522.8685975319981,80.5,0.7567,80.5,0.7567,long_ientry_normal,60.914350000000006,0.039981354371047044,69.0
1652350380000.0,243505,1652350380000.0,0.0,-0.012194942,1523.5567525899983,1522.9252925899982,82.7,0.7373,163.2,0.7468692401960786,long_rentry,121.88906000000001,0.08000296660612903,9.0
1652352180000.0,243535,1652352180000.0,0.32807333333332556,-0.008191552000000001,1523.8766343713316,1525.0876610379983,-54.4,0.7529,108.8,0.7468692401960786,long_nclose,81.25937333333334,0.05332411528631156,30.0
1652352180000.0,243535,1652352180000.0,0.6925533333333277,-0.008264448,1524.5609232566649,1525.1664365899983,-54.4,0.7596,54.4,0.7468692401960786,long_nclose,40.62968666666667,0.02665009055845158,0.0
1652352240000.0,243536,1652352240000.0,0.34627666666666385,-0.004132224,1524.9030676993316,1525.2330243659983,-27.2,0.7596,27.2,0.7468692401960786,long_nclose,20.314843333333336,0.013322055521852264,1.0
1652352300000.0,243537,1652352300000.0,0.17313833333333192,-0.002066112,1525.074139920665,1525.4295182539984,-13.6,0.7596,13.6,0.7468692401960786,long_nclose,10.157421666666668,0.006660280573110407,1.0
1652352300000.0,243537,1652352300000.0,0.2656183333333308,-0.002084608,1525.3376736459984,1525.3376736459984,-13.6,0.7664,0.0,0.7468692401960786,long_nclose,0.0,0.0,0.0
1652357520000.0,243624,1652357520000.0,0.0,-0.01220702,1525.3254666259984,1525.3093666259983,80.5,0.7582,80.5,0.7582,long_ientry_normal,61.0351,0.040014476474328396,87.0
1652357640000.0,243626,1652357640000.0,0.16347999999999985,-0.004096648,1525.4848499779982,1525.9037099779982,-26.8,0.7643,53.7,0.7582,long_nclose,40.715340000000005,0.0266900979059787,2.0
1652357700000.0,243627,1652357700000.0,0.0,-0.00406288,1525.4807870979982,1525.7115470979982,26.8,0.758,80.5,0.7581334161490684,long_ientry_partial,61.029740000000004,0.040006888658427525,1.0
1652358120000.0,243634,1652358120000.0,0.0,-0.012203324,1525.4685837739983,1523.4638237739982,82.6,0.7387,163.1,0.7482916002452484,long_rentry,122.04636000000002,0.08000581676881094,7.0
1652358540000.0,243641,1652358540000.0,0.0,-0.01223316,1525.4563506139982,1522.5697906139983,84.6,0.723,247.7,0.7396534517561567,long_rentry,183.21216,0.12010318087846752,7.0
1652358840000.0,243646,1652358840000.0,0.49059023011707475,-0.012302400000000002,1525.9346384441153,1526.4874882139982,-82.5,0.7456,165.2,0.7396534517561567,long_nclose,122.19075023011708,0.08007600532268283,5.0
1652358900000.0,243647,1652358900000.0,0.32706015341138317,-0.008201600000000002,1526.2534969975268,1526.9528866139983,-55.0,0.7456,110.2,0.7396534517561567,long_nclose,81.50981038352847,0.05340515880479621,1.0
1652359020000.0,243649,1652359020000.0,0.21823832054905024,-0.005472704000000001,1526.4662626140757,1527.0062339099982,-36.7,0.7456,73.5,0.7396534517561567,long_nclose,54.36452870407752,0.035614628397340524,2.0
1652359080000.0,243650,1652359080000.0,0.4641283205490476,-0.0055218820000000005,1526.9248690526247,1527.268822027998,-36.7,0.7523,36.8,0.7396534517561567,long_nclose,27.219247024626565,0.01782618619704233,1.0
1652359140000.0,243651,1652359140000.0,0.0,-0.00669606,1526.9181729926247,1527.4251259679982,44.7,0.749,81.5,0.7447797180935776,long_ientry_partial,60.699547024626575,0.039752979628018194,1.0
1652359140000.0,243651,1652359140000.0,0.13837318707817214,-0.002768464,1527.0537777157028,1527.446277503998,-18.4,0.7523,63.1,0.7447797180935776,long_nclose,46.99560021170475,0.030775340657618996,0.0
1652359200000.0,243652,1652359200000.0,0.0,-0.00273364,1527.0510440757027,1529.069543863998,18.2,0.751,81.3,0.7461722043260117,long_ientry_partial,60.66380021170475,0.03972611161038398,1.0
1652359200000.0,243652,1652359200000.0,0.3568255637306292,-0.00477225,1527.4030973894332,1528.6395216139979,-31.5,0.7575,49.8,0.7461722043260117,long_nclose,37.15937577543538,0.024328466950830772,0.0
1652359200000.0,243652,1652359200000.0,0.5696783432980292,-0.004829744,1527.9679459887311,1528.4198118699976,-31.6,0.7642,18.2,0.7461722043260117,long_nclose,13.580334118733413,0.008887839665998837,0.0
1652359260000.0,243653,1652359260000.0,0.45186588126658694,-0.00280644,1528.4170054299975,1528.4170054299975,-18.2,0.771,0.0,0.7461722043260117,long_nclose,0.0,0.0,1.0
1652360700000.0,243677,1652360700000.0,0.0,-0.01222128,1528.4047841499976,1528.8583841499976,81.0,0.7544,81.0,0.7544,long_ientry_normal,61.106399999999994,0.03998050819631759,24.0
1652360820000.0,243679,1652360820000.0,0.16469999999999985,-0.0041067000000000005,1528.5653774499976,1528.8677774499977,-27.0,0.7605,54.0,0.7544,long_nclose,40.7376,0.026650871857348872,2.0
1652360880000.0,243680,1652360880000.0,0.1097999999999999,-0.0027378000000000003,1528.6724396499976,1528.9460396499976,-18.0,0.7605,36.0,0.7544,long_nclose,27.1584,0.01776600355679739,1.0
1652361060000.0,243683,1652361060000.0,0.2322000000000004,-0.0027622799999999998,1528.9018773699975,1529.0746773699975,-18.0,0.7673,18.0,0.7544,long_nclose,13.5792,0.008881668732959378,3.0
1652361180000.0,243685,1652361180000.0,0.036599999999999966,-0.0009126,1528.9375647699974,1529.0167647699973,-6.0,0.7605,12.0,0.7544,long_nclose,9.0528,0.005920974282139401,2.0
1652361420000.0,243689,1652361420000.0,0.0,-0.010418898,1528.9271458719975,1529.1725558719975,69.1,0.7539,81.1,0.7539739827373613,long_ientry_partial,61.14729,0.03999359300087885,4.0
1652361420000.0,243689,1652361420000.0,0.026104069050554735,-0.0006084,1528.952641541048,1529.1859474719975,-4.0,0.7605,77.1,0.7539739827373613,long_nclose,58.13139406905055,0.03802040199914844,0.0
1652361600000.0,243692,1652361600000.0,0.1574386436498153,-0.003906914,1529.1061732706978,1529.4673105579975,-25.7,0.7601,51.4,0.7539739827373613,long_nclose,38.75426271270037,0.025344389676883277,3.0
1652361780000.0,243695,1652361780000.0,0.332198643649816,-0.0039418660000000005,1529.4344300483476,1529.8205986919975,-25.7,0.7669,25.7,0.7539739827373613,long_nclose,19.377131356350183,0.01266947505277336,3.0
1652361840000.0,243696,1652361840000.0,0.5043886436498142,-0.003976304,1529.9348423879976,1529.9348423879976,-25.7,0.7736,0.0,0.7539739827373613,long_nclose,0.0,0.0,1.0
1652362380000.0,243705,1652362380000.0,0.0,-0.012233592000000001,1529.9226087959976,1529.8170487959976,81.2,0.7533,81.2,0.7533,long_ientry_normal,61.16796,0.0399810811660188,9.0
1652362740000.0,243711,1652362740000.0,0.0,-0.012243120000000001,1529.9103656759976,1528.1786056759975,83.4,0.734,164.6,0.7435210206561362,long_rentry,122.38356000000002,0.0799939413090546,6.0
1652363040000.0,243716,1652363040000.0,0.3276480680437374,-0.008214520000000001,1530.2297992240415,1530.8313911559976,-54.8,0.7495,109.8,0.7435210206561362,long_nclose,81.63860806804375,0.0533505543477467,5.0
1652363100000.0,243717,1652363100000.0,0.21883064398541588,-0.005486340000000001,1530.443143528027,1530.7710048159977,-36.6,0.7495,73.2,0.7435210206561362,long_nclose,54.42573871202917,0.03556207817466855,1.0
1652363160000.0,243718,1652363160000.0,0.14588709599027724,-0.0036575600000000002,1530.5853730640172,1530.9503472559977,-24.4,0.7495,48.8,0.7435210206561362,long_nclose,36.283825808019444,0.023705849047403554,1.0
1652363220000.0,243719,1652363220000.0,0.30936709599027545,-0.0036902559999999994,1530.8910499040073,1531.3419369999976,-24.4,0.7562,24.4,0.7435210206561362,long_nclose,18.141912904009722,0.011850557820654375,1.0
1652363280000.0,243720,1652363280000.0,0.4728470959902764,-0.0037229520000000003,1531.3601740479976,1531.3601740479976,-24.4,0.7629,0.0,0.7435210206561362,long_nclose,0.0,0.0,1.0
1652363460000.0,243723,1652363460000.0,0.0,-0.012249449999999999,1531.3479245979977,1531.2256745979978,81.5,0.7515,81.5,0.7515,long_ientry_normal,61.247249999999994,0.03999564632973812,3.0
1652363580000.0,243725,1652363580000.0,0.16531000000000287,-0.004106192000000001,1531.5091284059977,1531.8627284059976,-27.1,0.7576,54.4,0.7515,long_nclose,40.8816,0.026693670472960073,2.0
1652363700000.0,243727,1652363700000.0,0.0,-0.004072046,1531.5050563599978,1531.1437263599978,27.1,0.7513,81.5,0.7514334969325154,long_ientry_partial,61.24183,0.039988003791222484,2.0
1652364120000.0,243734,1652364120000.0,0.0,-0.012255354,1531.4928010059978,1529.9006010059977,83.7,0.7321,165.2,0.7416380145278451,long_rentry,122.51859999999999,0.07999946191031437,7.0
1652364420000.0,243739,1652364420000.0,0.32790920096852416,-0.008223600000000001,1531.8124866069663,1532.5135774059977,-55.0,0.7476,110.2,0.7416380145278451,long_nclose,81.72850920096853,0.053354121288044114,5.0
1652364540000.0,243741,1652364540000.0,0.6976753995157358,-0.008312386,1532.501849620482,1533.2931950199977,-55.1,0.7543,55.1,0.7416380145278451,long_nclose,40.864254600484266,0.026665060541756692,2.0
1652364660000.0,243743,1652364660000.0,1.0668453995157379,-0.00838622,1533.560308799998,1533.560308799998,-55.1,0.761,0.0,0.7416380145278451,long_nclose,0.0,0.0,2.0
1652390040000.0,244166,1652390040000.0,0.0,-0.012269444000000003,1533.548039355998,1533.324319355998,79.9,0.7678,79.9,0.7678,long_ientry_normal,61.34722000000001,0.040003455011270665,423.0
1652391180000.0,244185,1652391180000.0,0.0,-0.012268840000000001,1533.5357705159981,1531.783650515998,82.0,0.7481,161.9,0.7578222359481162,long_rentry,122.69142000000001,0.08000558080149463,19.0
1652393640000.0,244226,1652393640000.0,0.3275914823965407,-0.008234842000000001,1533.8551271563945,1534.4143256739978,-53.9,0.7639,108.0,0.7578222359481162,long_nclose,81.84480148239655,0.053358886398957486,41.0
1652393700000.0,244227,1652393700000.0,0.21879950586781938,-0.00550008,1534.0684265822622,1534.5852255939978,-36.0,0.7639,72.0,0.7578222359481162,long_nclose,54.56320098826436,0.03556764486042206,1.0
1652396520000.0,244274,1652396520000.0,0.14586633724521292,-0.0036667200000000005,1534.2106261995075,1534.651158873998,-24.0,0.7639,48.0,0.7578222359481162,long_nclose,36.375467325509575,0.023709565495330716,47.0
1652396580000.0,244275,1652396580000.0,0.31146633724521333,-0.0036998400000000007,1534.5183926967527,1534.8106590339978,-24.0,0.7708,24.0,0.7578222359481162,long_nclose,18.187733662754788,0.011852405125488123,1.0
1652396700000.0,244277,1652396700000.0,0.15573316862260667,-0.0018499200000000003,1534.6722759453753,1534.854409113998,-12.0,0.7708,12.0,0.7578222359481162,long_nclose,9.093866831377394,0.005925608336004812,2.0
1652397240000.0,244286,1652397240000.0,0.23733316862260567,-0.00186624,1534.907742873998,1534.907742873998,-12.0,0.7776,0.0,0.7578222359481162,long_nclose,0.0,0.0,9.0
1652401140000.0,244351,1652401140000.0,0.0,-0.012278540000000001,1534.895464333998,1534.814364333998,81.1,0.757,81.1,0.757,long_ientry_normal,61.3927,0.03999796821775008,65.0
1652401740000.0,244361,1652401740000.0,0.16469999999999985,-0.00412074,1535.056043593998,1535.4888435939981,-27.0,0.7631,54.1,0.757,long_nclose,40.953700000000005,0.02667896079163069,10.0
1652401860000.0,244363,1652401860000.0,0.3483000000000006,-0.004157460000000001,1535.4001861339982,1535.7795861339982,-27.0,0.7699,27.1,0.757,long_nclose,20.5147,0.013361142056165957,2.0
1652401980000.0,244365,1652401980000.0,0.5338699999999984,-0.004209714,1535.9298464199983,1535.9298464199983,-27.1,0.7767,0.0,0.757,long_nclose,0.0,0.0,2.0
1652456700000.0,245277,1652456700000.0,0.0,-0.012282108,1535.9175643119984,1535.5370243119983,71.8,0.8553,71.8,0.8553,long_ientry_normal,61.41054,0.03998296616101812,912.0
1652456760000.0,245278,1652456760000.0,0.1649100000000004,-0.004121316,1536.0783529959983,1536.5429829959983,-23.9,0.8622,47.9,0.8553,long_nclose,40.968869999999995,0.026671080886006553,1.0
1652456880000.0,245280,1652456880000.0,0.34894000000000136,-0.004158121999999999,1536.4231348739984,1536.7759348739983,-23.9,0.8699,24.0,0.8553,long_nclose,20.5272,0.013360382002893642,2.0
1652457360000.0,245288,1652457360000.0,0.1752000000000007,-0.00208776,1536.5962471139983,1536.7366471139983,-12.0,0.8699,12.0,0.8553,long_nclose,10.2636,0.006679438414142213,8.0
1652457480000.0,245290,1652457480000.0,0.08760000000000034,-0.00104388,1536.6828032339984,1536.8250032339984,-6.0,0.8699,6.0,0.8553,long_nclose,5.1318,0.0033395310920379677,2.0
1652457480000.0,245290,1652457480000.0,0.13380000000000059,-0.00105312,1536.8155501139984,1536.8155501139984,-6.0,0.8776,0.0,0.8553,long_nclose,0.0,0.0,0.0
1652459640000.0,245326,1652459640000.0,0.0,-0.012299214000000001,1536.8032508999984,1536.3502808999983,71.9,0.8553,71.9,0.8553,long_ientry_normal,61.49607,0.040015577767671985,36.0
1652459760000.0,245328,1652459760000.0,0.1649100000000004,-0.004121316,1536.9640395839983,1537.3816395839983,-23.9,0.8622,48.0,0.8553,long_nclose,41.0544,0.026711360150698107,2.0
1652460000000.0,245332,1652460000000.0,0.3504000000000014,-0.00417552,1537.3102640639984,1537.5190640639985,-24.0,0.8699,24.0,0.8553,long_nclose,20.5272,0.013352672183255164,4.0
1652460360000.0,245338,1652460360000.0,0.05520000000000014,-0.00137952,1537.3640845439984,1537.5992845439985,-8.0,0.8622,16.0,0.8553,long_nclose,13.6848,0.008901469819401358,6.0
1652460360000.0,245338,1652460360000.0,0.11680000000000046,-0.00139184,1537.4794927039984,1537.5970927039984,-8.0,0.8699,8.0,0.8553,long_nclose,6.8424,0.004450400823211061,0.0
1652460600000.0,245342,1652460600000.0,0.0,-0.010925622000000001,1537.4685670819983,1537.4725570819983,63.9,0.8549,71.9,0.8549445062586927,long_ientry_partial,61.470510000000004,0.03998163690374919,4.0
1652460900000.0,245347,1652460900000.0,0.1638463004172454,-0.004119404,1537.6282939784155,1537.9669576779982,-23.9,0.8618,48.0,0.8549445062586927,long_nclose,41.03733630041725,0.026688723445793535,5.0
1652461260000.0,245353,1652461260000.0,0.3493318497913771,-0.0041736,1537.9734522282067,1538.4787840779982,-24.0,0.8695,24.0,0.8549445062586927,long_nclose,20.518668150208626,0.013341366927030699,6.0
1652461680000.0,245360,1652461680000.0,0.05484394993045871,-0.00137888,1538.0269172981373,1538.171805197998,-8.0,0.8618,16.0,0.8549445062586927,long_nclose,13.679112100139083,0.008893935435258361,7.0
1652462040000.0,245366,1652462040000.0,0.11644394993045903,-0.0013912000000000002,1538.1419700480678,1538.3024139979982,-8.0,0.8695,8.0,0.8549445062586927,long_nclose,6.839556050069541,0.004446635085222856,6.0
1652462340000.0,245371,1652462340000.0,0.01782428372739908,-0.0004481360000000001,1538.1593461957953,1538.1920458619984,-2.6,0.8618,5.4,0.8549445062586927,long_nclose,4.616700333796941,0.0030014447756762336,5.0
1652462460000.0,245373,1652462460000.0,0.01233988873435321,-0.000310248,1538.1713758365297,1538.1967756139984,-1.8,0.8618,3.6,0.8549445062586927,long_nclose,3.0778002225312937,0.0020009475347683163,2.0
1652463600000.0,245392,1652463600000.0,0.0,-0.011695690000000002,1538.1596801465298,1537.7442299239985,68.5,0.8537,72.1,0.8537621390087559,long_ientry_partial,61.55625022253129,0.04001941477016694,19.0
1652464920000.0,245414,1652464920000.0,0.0,-0.01231064,1538.14736950653,1536.4470192839985,74.0,0.8318,146.1,0.8426382629878939,long_rentry,123.1094502225313,0.0800374870855368,22.0
1652465700000.0,245427,1652465700000.0,0.329296592489569,-0.008273156000000002,1538.4683929430194,1539.0880261279985,-48.7,0.8494,97.4,0.8426382629878939,long_nclose,82.07296681502088,0.053347190745998405,13.0
1652466720000.0,245444,1652466720000.0,0.2190802791922389,-0.005504112,1538.6819691102116,1539.1604820159985,-32.4,0.8494,65.0,0.8426382629878939,long_nclose,54.77148709421311,0.035596366366654926,17.0
1652466840000.0,245446,1652466840000.0,0.14605351946149261,-0.0036694080000000007,1538.8243532216732,1539.3174526079986,-21.6,0.8494,43.4,0.8426382629878939,long_nclose,36.5705006136746,0.0237652208565005,2.0
1652466900000.0,245447,1652466900000.0,0.0,-0.0049340600000000005,1538.819419161673,1539.1186185479985,29.0,0.8507,72.4,0.8458674117910855,long_ientry_partial,61.240800613674594,0.039797262661942306,1.0
1652467020000.0,245449,1652467020000.0,0.16466537583484006,-0.004110014,1538.979974523508,1539.5659785339985,-24.1,0.8527,48.3,0.8458674117910855,long_nclose,40.855395989509425,0.0265470614730766,2.0
1652467080000.0,245450,1652467080000.0,0.34782537583483863,-0.004146646,1539.3236532533429,1539.6414618879985,-24.1,0.8603,24.2,0.8458674117910855,long_nclose,20.469991365344267,0.013298042502030795,1.0
1652467560000.0,245458,1652467560000.0,0.0546607056713162,-0.00136432,1539.3769496390141,1539.5248975679986,-8.0,0.8527,16.2,0.8458674117910855,long_nclose,13.703052071015584,0.00890168718859209,8.0
1652467860000.0,245463,1652467860000.0,0.11690396449220716,-0.001393686,1539.4924599175063,1539.6474338819985,-8.1,0.8603,8.1,0.8458674117910855,long_nclose,6.851526035507792,0.004450509641258608,5.0
1652467920000.0,245464,1652467920000.0,0.17846396449220758,-0.001405998,1539.6695178839984,1539.6695178839984,-8.1,0.8679,0.0,0.8458674117910855,long_nclose,0.0,0.0,1.0
1652469360000.0,245488,1652469360000.0,0.0,-0.0123192,1539.6571986839983,1539.6136986839983,72.5,0.8496,72.5,0.8496,long_ientry_normal,61.596000000000004,0.040006307931822985,24.0
1652469540000.0,245491,1652469540000.0,0.16629000000000044,-0.00412833,1539.8193603539983,1540.1775203539983,-24.1,0.8565,48.4,0.8496,long_nclose,41.12064,0.026704846723414707,3.0
1652470020000.0,245499,1652470020000.0,0.11109000000000029,-0.0027579300000000005,1539.9276924239985,1540.1021124239985,-16.1,0.8565,32.3,0.8496,long_nclose,27.442079999999997,0.01782036918681776,8.0
1652470380000.0,245505,1652470380000.0,0.0,-0.006826764,1539.9208656599985,1539.8249656599985,40.2,0.8491,72.5,0.8493227586206897,long_ientry_partial,61.575900000000004,0.03998640538818145,6.0
1652477700000.0,245627,1652477700000.0,0.1657415172413765,-0.004126884,1540.08248029324,1540.5024587759985,-24.1,0.8562,48.4,0.8493227586206897,long_nclose,41.107221517241385,0.026691571421171123,122.0
1652477880000.0,245630,1652477880000.0,0.11072358620689468,-0.002756964,1540.190446915447,1540.5030218119987,-16.1,0.8562,32.3,0.8493227586206897,long_nclose,27.433125103448276,0.017811514906087646,3.0
1652478120000.0,245634,1652478120000.0,0.2330835862068955,-0.0027814360000000004,1540.4207490656538,1540.7233203759986,-16.1,0.8638,16.2,0.8493227586206897,long_nclose,13.759028689655173,0.008931993871155492,4.0
1652478600000.0,245642,1652478600000.0,0.11726565517241326,-0.001399356,1540.536615364826,1540.6636010199984,-8.1,0.8638,8.1,0.8493227586206897,long_nclose,6.879514344827586,0.004465661040583834,8.0
1652478780000.0,245645,1652478780000.0,0.1796356551724136,-0.00141183,1540.7148391899984,1540.7148391899984,-8.1,0.8715,0.0,0.8493227586206897,long_nclose,0.0,0.0,3.0
1652483220000.0,245719,1652483220000.0,0.0,-0.012322488000000001,1540.7025167019983,1540.3584767019984,73.2,0.8417,73.2,0.8417,long_ientry_normal,61.61244,0.03998983537190978,74.0
1652483760000.0,245728,1652483760000.0,0.16592000000000068,-0.00414068,1540.8642960219981,1541.2693360219982,-24.4,0.8485,48.8,0.8417,long_nclose,41.07496,0.026657091157243344,9.0
1652484720000.0,245744,1652484720000.0,0.0,-0.0041313240000000005,1540.8601646979982,1540.6377846979983,24.6,0.8397,73.4,0.8410297002724796,long_ientry_partial,61.73158000000001,0.040063064393710976,16.0
1652485020000.0,245749,1652485020000.0,0.0,-0.012323776000000002,1540.8478409219983,1538.7549809219984,75.2,0.8194,148.6,0.8300838492597578,long_rentry,123.35046,0.0800536280897085,5.0
1652486460000.0,245773,1652486460000.0,0.3324494616419905,-0.00828432,1541.1720060636403,1541.2627966019984,-49.5,0.8368,99.1,0.8300838492597578,long_nclose,82.26130946164199,0.05337581343158989,24.0
1652486700000.0,245777,1652486700000.0,0.22163297442799368,-0.00552288,1541.3881161580684,1541.9113737219984,-33.0,0.8368,66.1,0.8300838492597578,long_nclose,54.86854243606998,0.035596837591320346,4.0
1652486880000.0,245780,1652486880000.0,0.14775531628532912,-0.0036819200000000004,1541.5321895543539,1541.8812918019985,-22.0,0.8368,44.1,0.8300838492597578,long_nclose,36.606697752355316,0.02374695643750265,3.0
1652487000000.0,245782,1652487000000.0,0.09872741588156081,-0.002460192,1541.6284567782354,1541.9199916099985,-14.7,0.8368,29.4,0.8300838492597578,long_nclose,24.404465168236875,0.015830315703459722,2.0
1652487060000.0,245783,1652487060000.0,0.2089774158815617,-0.0024822420000000004,1541.8349519521169,1542.1277193679985,-14.7,0.8443,14.7,0.8300838492597578,long_nclose,12.202232584118438,0.007914097788916507,1.0
1652487120000.0,245784,1652487120000.0,0.31775741588156114,-0.002503998,1542.1502053699983,1542.1502053699983,-14.7,0.8517,0.0,0.8300838492597578,long_nclose,0.0,0.0,1.0
1652490120000.0,245834,1652490120000.0,0.0,-0.012333204,1542.1378721659983,1542.2712521659982,74.1,0.8322,74.1,0.8322,long_ientry_normal,61.666019999999996,0.03998735853194984,50.0
1652490660000.0,245843,1652490660000.0,0.16548999999999822,-0.004144166,1542.2992179999983,1542.6845379999984,-24.7,0.8389,49.4,0.8322,long_nclose,41.11068,0.026655450200714585,9.0
1652490900000.0,245847,1652490900000.0,0.3507399999999998,-0.004181216,1542.6457767839984,1542.9619367839985,-24.7,0.8464,24.7,0.8322,long_nclose,20.55534,0.0133247309974506,4.0
1652490960000.0,245848,1652490960000.0,0.1746599999999999,-0.002082144,1542.8183546399982,1543.0886746399983,-12.3,0.8464,12.4,0.8322,long_nclose,10.319280000000001,0.0066885903768029165,1.0
1652490960000.0,245848,1652490960000.0,0.26907999999999926,-0.002117672,1543.0853169679983,1543.0853169679983,-12.4,0.8539,0.0,0.8322,long_nclose,0.0,0.0,0.0
1652502600000.0,246042,1652502600000.0,0.0,-0.01233728,1543.0729796879982,1542.9545796879981,74.0,0.8336,74.0,0.8336,long_ientry_normal,61.6864,0.03997633346704878,194.0
1652504040000.0,246066,1652504040000.0,0.0,-0.012345440000000001,1543.0606342479982,1541.4470342479983,76.0,0.8122,150.0,0.8227573333333333,long_rentry,123.4136,0.0799797475619906,24.0
1652505360000.0,246088,1652505360000.0,0.3321333333333343,-0.008294000000000001,1543.3844735813316,1544.2087402479983,-50.0,0.8294,100.0,0.8227573333333333,long_nclose,82.27573333333333,0.05330864391969514,22.0
1652505660000.0,246093,1652505660000.0,0.2212008000000006,-0.005523804,1543.6001505773315,1544.0165364439981,-33.3,0.8294,66.7,0.8227573333333333,long_nclose,54.877914133333334,0.03555189736980014,5.0
1652505720000.0,246094,1652505720000.0,0.1474672000000004,-0.0036825360000000006,1543.7439352413314,1544.155233907998,-22.2,0.8294,44.5,0.8227573333333333,long_nclose,36.612701333333334,0.023716822782276853,1.0
1652505840000.0,246096,1652505840000.0,0.0,-0.004994475999999999,1543.7389407653313,1543.856059431998,30.2,0.8269,74.7,0.8244321463632307,long_ientry_partial,61.585081333333335,0.03989345588626638,2.0
1652509260000.0,246153,1652509260000.0,0.16602955555555432,-0.0041388779999999995,1543.9008314428868,1544.2777105539978,-24.9,0.8311,49.8,0.8244321463632307,long_nclose,41.05672088888889,0.0265928484865951,57.0
1652509920000.0,246164,1652509920000.0,0.11068637037036956,-0.0027592520000000002,1544.008758561257,1544.3264113019977,-16.6,0.8311,33.2,0.8244321463632307,long_nclose,27.37114725925926,0.017727326420586064,11.0
1652510100000.0,246167,1652510100000.0,0.23352637037037077,-0.0027838200000000007,1544.2395011116273,1544.4647274819977,-16.6,0.8385,16.6,0.8244321463632307,long_nclose,13.68557362962963,0.008862338788625737,3.0
1652510160000.0,246168,1652510160000.0,0.11676318518518539,-0.0013919100000000003,1544.3548723868125,1544.4923855719978,-8.3,0.8385,8.3,0.8244321463632307,long_nclose,6.842786814814815,0.004430838363101892,1.0
1652510220000.0,246169,1652510220000.0,0.17818318518518508,-0.001404194,1544.5316513779976,1544.5316513779976,-8.3,0.8459,0.0,0.8244321463632307,long_nclose,0.0,0.0,1.0
1652516760000.0,246278,1652516760000.0,0.0,-0.01235784,1544.5192935379976,1544.3380935379976,75.5,0.8184,75.5,0.8184,long_ientry_normal,61.7892,0.04000545688131923,109.0
1652517000000.0,246282,1652517000000.0,0.16565999999999848,-0.0041415,1544.6808120379974,1545.1646520379975,-25.1,0.825,50.4,0.8184,long_nclose,41.24736,0.02670283703827439,4.0
1652517900000.0,246297,1652517900000.0,0.11087999999999898,-0.002772,1544.7889200379973,1545.1786800379973,-16.8,0.825,33.6,0.8184,long_nclose,27.498240000000003,0.01780064554018398,15.0
1652518020000.0,246299,1652518020000.0,0.23520000000000021,-0.002796864,1545.0213231739974,1545.2666031739975,-16.8,0.8324,16.8,0.8184,long_nclose,13.749120000000001,0.008898983977615694,2.0
1652518140000.0,246301,1652518140000.0,0.35783999999999977,-0.0028213920000000003,1545.3763417819973,1545.3763417819973,-16.8,0.8397,0.0,0.8184,long_nclose,0.0,0.0,2.0
1652522700000.0,246377,1652522700000.0,0.0,-0.012359948,1545.3639818339973,1545.3412418339972,75.8,0.8153,75.8,0.8153,long_ientry_normal,61.79974,0.03999041049646938,76.0
1652525640000.0,246426,1652525640000.0,0.0,-0.012360864,1545.3516209699974,1544.0131609699974,77.8,0.7944,153.6,0.8047139322916667,long_rentry,123.60405999999999,0.07998442446542704,49.0
1652526300000.0,246437,1652526300000.0,0.33208666666666886,-0.008306688000000001,1545.675400948664,1546.5238942819974,-51.2,0.8112,102.4,0.8047139322916667,long_nclose,82.40270666666667,0.05331177983171092,11.0
1652527140000.0,246451,1652527140000.0,0.0,-0.012369658,1545.663031290664,1543.7080346239975,79.1,0.7819,181.5,0.7947713314967861,long_rentry,144.25099666666668,0.09332629023689193,14.0
1652527920000.0,246464,1652527920000.0,0.0,-0.014412356000000001,1545.648618934664,1539.8942422679972,94.1,0.7658,275.6,0.784879450895017,long_rentry,216.3127766666667,0.13994951634981562,13.0
1652534700000.0,246577,1652534700000.0,0.5802264078374422,-0.014526432,1546.2143189105016,1547.5230758359974,-91.8,0.7912,183.8,0.784879450895017,long_nclose,144.26084307450412,0.09329938373365579,113.0
1652541180000.0,246685,1652541180000.0,0.3868176052249615,-0.009684288000000001,1546.5914522277264,1546.8514315479974,-61.2,0.7912,122.6,0.784879450895017,long_nclose,96.22622067972908,0.06221825456304173,108.0
1652544600000.0,246742,1652544600000.0,0.0,-0.012377112000000001,1546.5790751157265,1542.4117944359975,81.3,0.7612,203.9,0.7754378650305496,long_rentry,158.11178067972907,0.10223323412538604,57.0
1652545260000.0,246753,1652545260000.0,0.42519896442568106,-0.010615486,1546.993658594152,1548.4301089499972,-67.9,0.7817,136.0,0.7754378650305496,long_nclose,105.45954964415475,0.06817064120352782,11.0
1652545380000.0,246755,1652545380000.0,0.28367471411610234,-0.007082202,1547.2702511062682,1547.8654367479974,-45.3,0.7817,90.7,0.7754378650305496,long_nclose,70.33221435827085,0.045455675443888795,2.0
1652545620000.0,246759,1652545620000.0,0.6007747141161026,-0.007145621999999999,1547.8638801983843,1548.5250011259973,-45.3,0.7887,45.4,0.7754378650305496,long_nclose,35.20487907238695,0.0227441698994067,4.0
1652545800000.0,246762,1652545800000.0,0.919900927613048,-0.007224955999999999,1548.7765561699973,1548.7765561699973,-45.4,0.7957,0.0,0.7754378650305496,long_nclose,0.0,0.0,3.0
1652681100000.0,249017,1652681100000.0,0.0,-0.012384810000000001,1548.7641713599974,1548.4433213599973,71.3,0.8685,71.3,0.8685,long_ientry_normal,61.92405,0.03998287870103774,2255.0
1652681820000.0,249029,1652681820000.0,0.0,-0.012388368,1548.7517829919973,1547.4218929919973,73.2,0.8462,144.5,0.8572033910034602,long_rentry,123.86589000000001,0.0799778837127189,12.0
1652682420000.0,249039,1652682420000.0,0.0,-0.012406436000000003,1548.7393765559973,1544.7239065559972,74.9,0.8282,219.4,0.8473020510483136,long_rentry,185.89807,0.12003186127635629,10.0
1652687100000.0,249117,1652687100000.0,0.4969300683682754,-0.012486942,1549.2238196823657,1550.2037296139974,-73.1,0.8541,146.3,0.8473020510483136,long_nclose,123.96029006836828,0.08001444884431458,78.0
1652687220000.0,249119,1652687220000.0,0.3310601139471274,-0.008318934,1549.5465608623128,1550.3954806799975,-48.7,0.8541,97.6,0.8473020510483136,long_nclose,82.6966801823154,0.05336830933063104,2.0
1652688180000.0,249135,1652688180000.0,0.22093334092980782,-0.00555165,1549.7619425532428,1550.3932790299975,-32.5,0.8541,65.1,0.8473020510483136,long_nclose,55.15936352324521,0.0355921525807827,16.0
1652688960000.0,249148,1652688960000.0,0.4711833409298091,-0.0056017,1550.2275241941727,1550.8044773299978,-32.5,0.8618,32.6,0.8473020510483136,long_nclose,27.622046864175022,0.01781805988674682,13.0
1652689080000.0,249150,1652689080000.0,0.7203931358249759,-0.005668488,1550.9422488419975,1550.9422488419975,-32.6,0.8694,0.0,0.8473020510483136,long_nclose,0.0,0.0,2.0
1652692620000.0,249209,1652692620000.0,0.0,-0.012413148,1550.9298356939976,1551.0096956939976,72.6,0.8549,72.6,0.8549,long_ientry_normal,62.06574,0.040018406101670824,59.0
1652695800000.0,249262,1652695800000.0,0.0,-0.01241021,1550.9174254839975,1551.5414354839975,74.5,0.8329,147.1,0.843757919782461,long_rentry,124.11679,0.08002798083287165,53.0
1652695860000.0,249263,1652695860000.0,0.33526193065941445,-0.00833588,1551.244351534657,1552.0528996039975,-49.0,0.8506,98.1,0.843757919782461,long_nclose,82.77265193065942,0.05335887402185984,1.0
1652695920000.0,249264,1652695920000.0,0.7076619306594115,-0.00841036,1551.9436031053165,1552.7410892439977,-49.0,0.8582,49.1,0.843757919782461,long_nclose,41.428513861318834,0.026694600099142554,1.0
1652696100000.0,249267,1652696100000.0,1.082266138681168,-0.008502156000000002,1553.0173670879976,1553.0173670879976,-49.1,0.8658,0.0,0.843757919782461,long_nclose,0.0,0.0,3.0
1652702340000.0,249371,1652702340000.0,0.0,-0.012427282,1553.0049398059975,1552.8803298059975,73.3,0.8477,73.3,0.8477,long_ientry_normal,62.13641,0.0400104393793893,104.0
1652703960000.0,249398,1652703960000.0,0.16592000000000068,-0.0041699599999999995,1553.1666898459976,1553.3280598459976,-24.4,0.8545,48.9,0.8477,long_nclose,41.452529999999996,0.026689041344371205,27.0
1652704020000.0,249399,1652704020000.0,0.11084000000000047,-0.0027856700000000005,1553.2747441759975,1553.5779241759976,-16.3,0.8545,32.6,0.8477,long_nclose,27.63502,0.01779145647195867,1.0
1652704080000.0,249400,1652704080000.0,0.2363499999999993,-0.002810772,1553.5082834039974,1553.8554734039974,-16.3,0.8622,16.3,0.8477,long_nclose,13.81751,0.00889439093927682,1.0
1652704080000.0,249400,1652704080000.0,0.36023000000000016,-0.0028355480000000007,1553.8656778559975,1553.8656778559975,-16.3,0.8698,0.0,0.8477,long_nclose,0.0,0.0,0.0
1652705400000.0,249422,1652705400000.0,0.0,-0.012425151999999998,1553.8532527039974,1554.0666927039974,73.6,0.8441,73.6,0.8441,long_ientry_normal,62.12575999999999,0.03998174209301262,22.0
1652705520000.0,249424,1652705520000.0,0.1666000000000007,-0.00416941,1554.0156832939974,1554.4035732939974,-24.5,0.8509,49.1,0.8441,long_nclose,41.44531,0.02666981449772096,2.0
1652706120000.0,249434,1652706120000.0,0.35280000000000195,-0.004206650000000001,1554.3642766439973,1554.8292166439974,-24.5,0.8585,24.6,0.8441,long_nclose,20.76486,0.013359069242657243,10.0
1652706180000.0,249435,1652706180000.0,0.5412000000000005,-0.004261212,1554.9012154319971,1554.9012154319971,-24.6,0.8661,0.0,0.8441,long_nclose,0.0,0.0,1.0
1652707980000.0,249465,1652707980000.0,0.0,-0.012446238000000002,1554.8887691939972,1554.8813791939972,73.9,0.8421,73.9,0.8421,long_ientry_normal,62.231190000000005,0.040022920759958024,30.0
1652708280000.0,249470,1652708280000.0,0.1672800000000007,-0.004176588,1555.051872605997,1555.539942605997,-24.6,0.8489,49.3,0.8421,long_nclose,41.51553,0.026697199451248644,5.0
1652708400000.0,249472,1652708400000.0,0.354240000000002,-0.00421398,1555.4018986259969,1555.769928625997,-24.6,0.8565,24.7,0.8421,long_nclose,20.79987,0.013372665944650116,2.0
1652708520000.0,249474,1652708520000.0,0.177120000000001,-0.00210699,1555.576911635997,1555.836071635997,-12.3,0.8565,12.4,0.8421,long_nclose,10.44204,0.006712647842669591,2.0
1652709060000.0,249483,1652709060000.0,0.027880000000000113,-0.0006960979999999999,1555.6040955379972,1555.6530655379972,-4.1,0.8489,8.3,0.8421,long_nclose,6.9894300000000005,0.004493064797173052,9.0
1652709120000.0,249484,1652709120000.0,0.018360000000000078,-0.000458406,1555.6219971319972,1555.6550371319972,-2.7,0.8489,5.6,0.8421,long_nclose,4.7157599999999995,0.003031430520199734,1.0
1652709180000.0,249485,1652709180000.0,0.012240000000000051,-0.000305604,1555.6339315279972,1555.6601515279972,-1.8,0.8489,3.8,0.8421,long_nclose,3.1999799999999996,0.0020570263576449948,1.0
1652709480000.0,249490,1652709480000.0,0.0,-0.011806236000000001,1555.6221252919972,1555.6249652919973,70.2,0.8409,74.0,0.8409616216216217,long_ientry_partial,62.23116,0.04000403374843935,5.0
1652709900000.0,249497,1652709900000.0,0.16576410810810663,-0.004170684,1555.7837187161053,1556.2796146079972,-24.6,0.8477,49.4,0.8409616216216217,long_nclose,41.54350410810811,0.026702621712991998,7.0
1652710320000.0,249504,1652710320000.0,0.11050940540540441,-0.002780456,1555.8914476655107,1556.3217141519972,-16.4,0.8477,33.0,0.8409616216216217,long_nclose,27.751733513513514,0.017836548658425204,7.0
1652710500000.0,249507,1652710500000.0,0.0741221621621615,-0.00186494,1555.963704887673,1556.1405492119973,-11.0,0.8477,22.0,0.8409616216216217,long_nclose,18.501155675675676,0.011890480232642251,3.0
1652710680000.0,249510,1652710680000.0,0.15772216216216084,-0.0018816599999999998,1556.1195453898351,1556.2409675519973,-11.0,0.8553,11.0,0.8409616216216217,long_nclose,9.250577837837838,0.005944644719130757,3.0
1652710800000.0,249512,1652710800000.0,0.07886108108108042,-0.0009408299999999999,1556.1974656409163,1556.2746767219974,-5.5,0.8553,5.5,0.8409616216216217,long_nclose,4.625288918918919,0.0029721735326268535,2.0
1652710860000.0,249513,1652710860000.0,0.0387136216216213,-0.000461862,1556.2357174005379,1556.2778248599973,-2.7,0.8553,2.8,0.8409616216216217,long_nclose,2.354692540540541,0.0015130693340426008,1.0
1652711340000.0,249521,1652711340000.0,0.02007372972972956,-0.00023948399999999999,1556.2555516462676,1556.2808053759973,-1.4,0.8553,1.4,0.8409616216216217,long_nclose,1.1773462702702704,0.0007565250250993982,8.0
1652712180000.0,249535,1652712180000.0,0.0026953513513513273,-6.781600000000002e-05,1556.258179181619,1556.2662175599974,-0.4,0.8477,1.0,0.8409616216216217,long_nclose,0.8409616216216217,0.0005403741055766554,14.0
1652712300000.0,249537,1652712300000.0,0.002021513513513495,-5.0861999999999995e-05,1556.2601498331323,1556.2608766979972,-0.3,0.8477,0.7,0.8409616216216217,long_nclose,0.5886731351351352,0.0003782613949205438,2.0
1652712960000.0,249548,1652712960000.0,0.0,-0.012326528,1556.2478233051324,1556.3642101699972,73.6,0.8374,74.3,0.8374335549816303,long_ientry_partial,62.22131313513513,0.03998162259465242,11.0
1652713320000.0,249554,1652713320000.0,0.16713119195373033,-0.004170348,1556.4107841490863,1556.5876798219974,-24.7,0.8442,49.6,0.8374335549816303,long_nclose,41.53670432708886,0.026687494554850196,6.0
1652713440000.0,249556,1652713440000.0,0.11164634280309921,-0.0027858600000000002,1556.5196446318896,1556.7700939619976,-16.5,0.8442,33.1,0.8374335549816303,long_nclose,27.719050669891963,0.01780835260607803,2.0
1652713800000.0,249562,1652713800000.0,0.23539634280310023,-0.0028106100000000003,1556.7522303646927,1556.9442333519976,-16.5,0.8517,16.6,0.8374335549816303,long_nclose,13.901397012695064,0.008929742794997282,6.0
1652714220000.0,249569,1652714220000.0,0.11841149365246861,-0.0014138220000000003,1556.8692280363452,1556.9901295299978,-8.3,0.8517,8.3,0.8374335549816303,long_nclose,6.950698506347532,0.0044645358654267575,7.0
1652714580000.0,249575,1652714580000.0,0.05849242457531581,-0.000698394,1556.9270220669205,1556.9840011359977,-4.1,0.8517,4.2,0.8374335549816303,long_nclose,3.5172209309228473,0.0022590788656577563,6.0
1652715180000.0,249585,1652715180000.0,0.0,-0.011748536,1556.9152735309206,1556.2668725999977,70.3,0.8356,74.5,0.8357033682003067,long_ientry_partial,62.259900930922846,0.03998926723207225,10.0
1652715360000.0,249588,1652715360000.0,0.0,-0.012457260000000001,1556.9028162709205,1555.4216153399977,76.5,0.8142,151.0,0.8248092776882308,long_rentry,124.54620093092285,0.07999613054155479,3.0
1652715900000.0,249597,1652715900000.0,0.33654333228199373,-0.00836489,1557.2309947132026,1558.4586004499977,-50.3,0.8315,100.7,0.8248092776882308,long_nclose,83.05829426320484,0.05333716998003999,9.0
1652715900000.0,249597,1652715900000.0,0.7087633322819918,-0.008439334,1557.9313187114844,1558.5457311159976,-50.3,0.8389,50.4,0.8248092776882308,long_nclose,41.57038759548683,0.026683068179069905,0.0
1652715960000.0,249598,1652715960000.0,0.3550862022565844,-0.004228056,1558.282176857741,1558.6649830599977,-25.2,0.8389,25.2,0.8248092776882308,long_nclose,20.785193797743414,0.013338530149691202,1.0
1652716020000.0,249599,1652716020000.0,0.5415662022565862,-0.004265352,1558.8194777079975,1558.8194777079975,-25.2,0.8463,0.0,0.8248092776882308,long_nclose,0.0,0.0,1.0
1652717280000.0,249620,1652717280000.0,0.0,-0.012472348000000001,1558.8070053599974,1558.6122653599975,74.9,0.8326,74.9,0.8326,long_ientry_normal,62.361740000000005,0.040006068606034985,21.0
1652717400000.0,249622,1652717400000.0,0.16683000000000098,-0.004179714,1558.9696556459974,1559.4396556459974,-24.9,0.8393,50.0,0.8326,long_nclose,41.63,0.02670353451026575,2.0
1652717520000.0,249624,1652717520000.0,0.11122000000000067,-0.0027864760000000004,1559.0780891699974,1559.3586491699973,-16.6,0.8393,33.4,0.8326,long_nclose,27.80884,0.01783672042675202,2.0
1652717880000.0,249630,1652717880000.0,0.07437000000000044,-0.0018632460000000003,1559.1505959239973,1559.3156159239973,-11.1,0.8393,22.3,0.8326,long_nclose,18.56698,0.011908394255525187,6.0
1652718000000.0,249632,1652718000000.0,0.1576199999999999,-0.0018798960000000003,1559.3063360279973,1559.5124160279972,-11.1,0.8468,11.2,0.8326,long_nclose,9.32512,0.005980300204354821,2.0
1652718600000.0,249642,1652718600000.0,0.07951999999999994,-0.000948416,1559.3849076119973,1559.4543476119973,-5.6,0.8468,5.6,0.8326,long_nclose,4.66256,0.0029899994396765882,10.0
1652718720000.0,249644,1652718720000.0,0.03975999999999997,-0.000474208,1559.4241934039972,1559.4701134039972,-2.8,0.8468,2.8,0.8326,long_nclose,2.33128,0.0014949620570597622,2.0
1652718900000.0,249647,1652718900000.0,0.060759999999999835,-0.000478408,1559.4844749959973,1559.4844749959973,-2.8,0.8543,0.0,0.8326,long_nclose,0.0,0.0,3.0
1652798640000.0,250976,1652798640000.0,0.0,-0.012474240000000001,1559.4720007559972,1559.4720007559972,71.2,0.876,71.2,0.876,long_ientry_normal,62.3712,0.039995075236851856,1329.0
1652798880000.0,250980,1652798880000.0,0.1682699999999999,-0.004185894,1559.636084861997,1559.921084861997,-23.7,0.8831,47.5,0.876,long_nclose,41.61,0.026679300641907003,4.0
1652799720000.0,250994,1652799720000.0,0.11217999999999993,-0.0027905960000000002,1559.745474265997,1559.999074265997,-15.8,0.8831,31.7,0.876,long_nclose,27.769199999999998,0.01780367403410351,14.0
1652799900000.0,250997,1652799900000.0,0.07454999999999995,-0.0018545100000000002,1559.8181697559971,1560.051369755997,-10.5,0.8831,21.2,0.876,long_nclose,18.5712,0.011906003122726222,3.0
1652800620000.0,251009,1652800620000.0,0.0,-0.008768502,1559.809401253997,1559.783191253997,50.1,0.8751,71.3,0.8753676016830294,long_ientry_partial,62.413709999999995,0.04001367727994392,12.0
1652801700000.0,251027,1652801700000.0,0.16666784011220218,-0.0041825759999999995,1559.9718865181094,1560.5731886779972,-23.7,0.8824,47.6,0.8753676016830294,long_nclose,41.6674978401122,0.026710415873657148,18.0
1652802240000.0,251036,1652802240000.0,0.1111118934081348,-0.002788384,1560.0802100275175,1560.3865202939971,-15.8,0.8824,31.8,0.8753676016830294,long_nclose,27.836689733520334,0.01784311444667921,9.0
1652804460000.0,251073,1652804460000.0,0.0,-0.006933208000000001,1560.0732768195176,1559.8470470859972,39.7,0.8732,71.5,0.8741640522170676,long_ientry_partial,62.50272973352033,0.04006397049563152,37.0
1652804880000.0,251080,1652804880000.0,0.16745555723379046,-0.004194512,1560.2365378647514,1560.5626125739973,-23.8,0.8812,47.7,0.8741640522170676,long_nclose,41.697625290754125,0.026725194724524948,7.0
1652805120000.0,251084,1652805120000.0,0.11187156974862472,-0.002802216,1560.3456072185002,1560.5947903579975,-15.9,0.8812,31.8,0.8741640522170676,long_nclose,27.79841686050275,0.017815551075288188,4.0
1652807040000.0,251116,1652807040000.0,0.07458104649908315,-0.001868144,1560.4183201209994,1560.6056422139975,-10.6,0.8812,21.2,0.8741640522170676,long_nclose,18.532277907001834,0.011876480600128296,32.0
1652807520000.0,251124,1652807520000.0,0.15832104649908332,-0.001884892,1560.5747562754987,1560.7108173219976,-10.6,0.8891,10.6,0.8741640522170676,long_nclose,9.266138953500917,0.005937645035099558,8.0
1652807580000.0,251125,1652807580000.0,0.07916052324954166,-0.000942446,1560.6529743527483,1560.7369048759979,-5.3,0.8891,5.3,0.8741640522170676,long_nclose,4.6330694767504585,0.0029686737236841124,1.0
1652807760000.0,251128,1652807760000.0,0.03883346423562422,-0.0004623320000000001,1560.691345484984,1560.7449025439978,-2.6,0.8891,2.7,0.8741640522170676,long_nclose,2.360242940986083,0.001512306035279922,3.0
1652808000000.0,251132,1652808000000.0,0.061657059013917506,-0.0004843800000000001,1560.7525181639978,1560.7525181639978,-2.7,0.897,0.0,0.8741640522170676,long_nclose,0.0,0.0,4.0
1652811420000.0,251189,1652811420000.0,0.0,-0.012491335999999999,1560.7400268279978,1560.8617468279979,71.6,0.8723,71.6,0.8723,long_ientry_normal,62.45667999999999,0.04001735005600844,57.0
1652812800000.0,251212,1652812800000.0,0.16660000000000016,-0.004185468,1560.9024413599977,1561.0793013599978,-23.8,0.8793,47.8,0.8723,long_nclose,41.69593999999999,0.026712713680984934,23.0
1652813400000.0,251222,1652813400000.0,0.11130000000000011,-0.0027961740000000002,1561.0109451859978,1561.1927751859978,-15.9,0.8793,31.9,0.8723,long_nclose,27.826369999999997,0.017825864761431526,10.0
1652813460000.0,251223,1652813460000.0,0.07420000000000006,-0.001864116,1561.0832810699978,1561.3324910699978,-10.6,0.8793,21.3,0.8723,long_nclose,18.57999,0.011901985131289665,1.0
1652813520000.0,251224,1652813520000.0,0.15794000000000025,-0.001880864,1561.239340205998,1561.4180302059979,-10.6,0.8872,10.7,0.8723,long_nclose,9.333609999999998,0.005978333852879004,1.0
1652813760000.0,251228,1652813760000.0,0.07897000000000012,-0.000940432,1561.3173697739978,1561.4021497739977,-5.3,0.8872,5.4,0.8723,long_nclose,4.71042,0.0030169522809330163,4.0
1652814240000.0,251236,1652814240000.0,0.1225800000000003,-0.0009666000000000001,1561.4389831739977,1561.4389831739977,-5.4,0.895,0.0,0.8723,long_nclose,0.0,0.0,8.0
1652845080000.0,251750,1652845080000.0,0.0,-0.012493998000000001,1561.4264891759976,1561.7029991759975,70.9,0.8811,70.9,0.8811,long_ientry_normal,62.46999,0.04000828116664456,514.0
1652845140000.0,251751,1652845140000.0,0.1675599999999999,-0.004192304,1561.5898568719977,1562.0108268719976,-23.6,0.8882,47.3,0.8811,long_nclose,41.67603,0.026688204855198513,1.0
1652845320000.0,251754,1652845320000.0,0.11146999999999992,-0.002788948,1561.6985379239977,1561.9481779239977,-15.7,0.8882,31.6,0.8811,long_nclose,27.842760000000002,0.017828511280424217,3.0
1652845440000.0,251756,1652845440000.0,0.07454999999999995,-0.0018652200000000001,1561.7712227039979,1561.9379127039979,-10.5,0.8882,21.1,0.8811,long_nclose,18.59121,0.011903926599320871,2.0
1652845800000.0,251762,1652845800000.0,0.049699999999999966,-0.00124348,1561.8196792239978,1561.9451692239977,-7.0,0.8882,14.1,0.8811,long_nclose,12.42351,0.007954509835714656,6.0
1652846340000.0,251771,1652846340000.0,0.033369999999999976,-0.0008349080000000001,1561.852214315998,1561.9264743159981,-4.7,0.8882,9.4,0.8811,long_nclose,8.28234,0.005302896089709224,9.0
1652846700000.0,251777,1652846700000.0,0.022009999999999984,-0.0005506840000000001,1561.873673631998,1561.9486436319978,-3.1,0.8882,6.3,0.8811,long_nclose,5.55093,0.003554019824850372,6.0
1652847120000.0,251784,1652847120000.0,0.04650000000000004,-0.0005555820000000001,1561.9196180499978,1561.973698049998,-3.1,0.8961,3.2,0.8811,long_nclose,2.8195200000000002,0.001805163317892167,7.0
1652847720000.0,251794,1652847720000.0,0.02400000000000002,-0.00028675200000000004,1561.9433312979977,1561.9735712979978,-1.6,0.8961,1.6,0.8811,long_nclose,1.4097600000000001,0.0009025679560528416,10.0
1652847900000.0,251797,1652847900000.0,0.036800000000000034,-0.000289312,1561.9798419859978,1561.9798419859978,-1.6,0.9041,0.0,0.8811,long_nclose,0.0,0.0,3.0
1652865420000.0,252089,1652865420000.0,0.0,-0.012499284000000001,1561.967342701998,1561.8745227019979,71.4,0.8753,71.4,0.8753,long_ientry_normal,62.49642,0.040011348695606797,292.0
1652867160000.0,252118,1652867160000.0,0.16897999999999988,-0.004200224000000001,1562.1321224779979,1562.593842477998,-23.8,0.8824,47.6,0.8753,long_nclose,41.66428,0.026671418761883135,29.0
1652868120000.0,252134,1652868120000.0,0.3546200000000006,-0.004237352,1562.482505125998,1562.856165125998,-23.8,0.8902,23.8,0.8753,long_nclose,20.83214,0.013332718882711652,16.0
1652868600000.0,252142,1652868600000.0,0.1773100000000003,-0.002118676,1562.657696449998,1562.844526449998,-11.9,0.8902,11.9,0.8753,long_nclose,10.41607,0.006665612068249455,8.0
1652869740000.0,252161,1652869740000.0,0.08791000000000015,-0.001050436,1562.744556013998,1562.8507560139979,-5.9,0.8902,6.0,0.8753,long_nclose,5.251799999999999,0.0033606260087672046,19.0
1652870880000.0,252180,1652870880000.0,0.01419999999999999,-0.00035296,1562.7584030539979,1562.7932030539978,-2.0,0.8824,4.0,0.8753,long_nclose,3.5012,0.002240397487646095,19.0
1652871120000.0,252184,1652871120000.0,0.009229999999999993,-0.000229424,1562.7674036299977,1562.7935936299978,-1.3,0.8824,2.7,0.8753,long_nclose,2.3633100000000002,0.0015122595944287688,4.0
1652873580000.0,252225,1652873580000.0,0.0,-0.012027708,1562.7553759219977,1562.6775259219978,69.3,0.8678,72.0,0.86808125,long_ientry_partial,62.501850000000005,0.039994647251253276,41.0
1652874420000.0,252239,1652874420000.0,0.1684499999999991,-0.00420048,1562.9196254419976,1563.2997254419977,-24.0,0.8751,48.0,0.86808125,long_nclose,41.6679,0.026660296103336867,14.0
1652875020000.0,252249,1652875020000.0,0.1122999999999994,-0.0028003200000000002,1563.0291251219976,1563.3145251219976,-16.0,0.8751,32.0,0.86808125,long_nclose,27.7786,0.017772285591819554,10.0
1652875260000.0,252253,1652875260000.0,0.0,-0.006962640000000001,1563.0221624819976,1562.9555624819975,40.2,0.866,72.2,0.8669224376731302,long_ientry_partial,62.5918,0.04004536947870751,4.0
1652880240000.0,252336,1652880240000.0,0.0,-0.012501560000000002,1563.0096609219977,1561.0104609219977,74.0,0.8447,146.2,0.8556744186046512,long_rentry,125.0996,0.08003763708421704,83.0
1652886480000.0,252440,1652886480000.0,0.0,-0.012534288,1562.9971266339976,1558.3760866339976,75.8,0.8268,222.0,0.8458154954954955,long_rentry,187.77104,0.1201352432453766,104.0
1652887200000.0,252452,1652887200000.0,0.0,-0.018655408000000002,1562.9784712259975,1553.6329912259976,115.1,0.8104,337.1,0.8337231681993472,long_rentry,281.04807999999997,0.1798157077490302,12.0
1652900700000.0,252677,1652900700000.0,0.7498082112133112,-0.018875384000000002,1563.7094040532108,1565.5700358419977,-112.3,0.8404,224.8,0.8337231681993472,long_nclose,187.42096821121328,0.11985664838070872,225.0
1652900760000.0,252678,1652900760000.0,1.60471589439337,-0.019063040000000003,1565.2950569076042,1567.2369728019976,-112.4,0.848,112.4,0.8337231681993472,long_nclose,93.71048410560664,0.05986761645484335,1.0
1652900760000.0,252678,1652900760000.0,2.447715894393377,-0.01923164,1567.7235411619977,1567.7235411619977,-112.4,0.8555,0.0,0.8337231681993472,long_nclose,0.0,0.0,0.0
1652916360000.0,252938,1652916360000.0,0.0,-0.012549632,1567.7109915299977,1567.2632315299977,77.2,0.8128,77.2,0.8128,long_ientry_normal,62.74816,0.04002533651866619,260.0
1652920380000.0,253005,1652920380000.0,0.1696200000000013,-0.004211716,1567.8763998139975,1568.4531998139976,-25.7,0.8194,51.5,0.8128,long_nclose,41.8592,0.02669802288303204,67.0
1652920500000.0,253007,1652920500000.0,0.3572300000000006,-0.004249238,1568.2293805759975,1568.5183405759976,-25.7,0.8267,25.8,0.8128,long_nclose,20.97024,0.013371921390924206,2.0
1652920560000.0,253008,1652920560000.0,0.1793100000000003,-0.002132886,1568.4065576899975,1568.5639376899976,-12.9,0.8267,12.9,0.8128,long_nclose,10.48512,0.006685205407099828,1.0
1652920620000.0,253009,1652920620000.0,0.08896000000000015,-0.001058176,1568.4944595139975,1568.5997595139975,-6.4,0.8267,6.5,0.8128,long_nclose,5.2832,0.0033683255735802945,1.0
1652920980000.0,253015,1652920980000.0,0.013860000000000107,-0.00034414800000000007,1568.5079753659975,1568.5396553659975,-2.1,0.8194,4.4,0.8128,long_nclose,3.57632,0.0022800776637208345,6.0
1652922300000.0,253037,1652922300000.0,0.00924000000000007,-0.000229432,1568.5169859339976,1568.5385859339976,-1.4,0.8194,3.0,0.8128,long_nclose,2.4383999999999997,0.0015545894764716346,22.0
1652922780000.0,253045,1652922780000.0,0.020850000000000035,-0.00024801,1568.5375879239978,1568.5588879239979,-1.5,0.8267,1.5,0.8128,long_nclose,1.2191999999999998,0.0007772845288416991,8.0
1652923080000.0,253050,1652923080000.0,0.009730000000000016,-0.000115738,1568.5472021859978,1568.5585621859977,-0.7,0.8267,0.8,0.8128,long_nclose,0.65024,0.0004145492077597642,5.0
1652924880000.0,253080,1652924880000.0,0.0,-0.012416848000000001,1568.5347853379978,1568.5123053379978,77.2,0.8042,78.0,0.8042882051282052,long_ientry_partial,62.734480000000005,0.039995593713582564,30.0
1652928300000.0,253137,1652928300000.0,0.16930666666666383,-0.00421616,1568.6998758446646,1569.3088891779978,-26.0,0.8108,52.0,0.8042882051282052,long_nclose,41.82298666666667,0.02666092304249539,57.0
1652928360000.0,253138,1652928360000.0,0.3565066666666634,-0.0042536,1569.0521289113312,1569.5386355779979,-26.0,0.818,26.0,0.8042882051282052,long_nclose,20.911493333333336,0.01332746882529807,1.0
1652928600000.0,253142,1652928600000.0,0.1782533333333317,-0.0021268,1569.2282554446645,1569.4325087779978,-13.0,0.818,13.0,0.8042882051282052,long_nclose,10.455746666666668,0.00666298649058156,4.0
1652928960000.0,253148,1652928960000.0,0.08912666666666585,-0.0010634,1569.3163187113312,1569.4184453779978,-6.5,0.818,6.5,0.8042882051282052,long_nclose,5.227873333333334,0.0033313062962515324,6.0
1652929080000.0,253150,1652929080000.0,0.1365766666666664,-0.0010728900000000002,1569.451822487998,1569.451822487998,-6.5,0.8253,0.0,0.8042882051282052,long_nclose,0.0,0.0,2.0
1652952600000.0,253542,1652952600000.0,0.0,-0.012555563999999998,1569.439266923998,1569.305646923998,78.6,0.7987,78.6,0.7987,long_ientry_normal,62.77781999999999,0.04000015886122217,392.0
1652955480000.0,253590,1652955480000.0,0.16768000000000188,-0.004218724,1569.602728199998,1570.0376481999979,-26.2,0.8051,52.4,0.7987,long_nclose,41.851879999999994,0.026663995448068085,48.0
1652956140000.0,253601,1652956140000.0,0.0,-0.004238892,1569.5984893079979,1569.2784493079978,26.7,0.7938,79.1,0.797046017699115,long_ientry_partial,63.046339999999994,0.04016717678404225,11.0
1652956860000.0,253613,1652956860000.0,0.16973973451327573,-0.00422641,1569.7640026325112,1570.1839728979978,-26.3,0.8035,52.8,0.797046017699115,long_nclose,42.084029734513265,0.026809144345225074,12.0
1652957640000.0,253626,1652957640000.0,0.3604651327433638,-0.004280496,1570.1201872692545,1570.514972401998,-26.4,0.8107,26.4,0.797046017699115,long_nclose,21.042014867256633,0.013401531320893851,13.0
1652957940000.0,253631,1652957940000.0,0.1802325663716819,-0.002140248,1570.2982795876262,1570.4824721539978,-13.2,0.8107,13.2,0.797046017699115,long_nclose,10.521007433628316,0.006700005706171457,5.0
1652958180000.0,253635,1652958180000.0,0.09011628318584095,-0.001070124,1570.387325746812,1570.4926220299978,-6.6,0.8107,6.6,0.797046017699115,long_nclose,5.260503716814158,0.0033498128968358033,4.0
1652959140000.0,253651,1652959140000.0,0.01419876106194702,-0.00035354,1570.4011709678737,1570.4405684899975,-2.2,0.8035,4.4,0.797046017699115,long_nclose,3.507002477876106,0.0022331889091210125,16.0
1652959320000.0,253654,1652959320000.0,0.030038761061946986,-0.00035670800000000007,1570.4308530209355,1570.4725517819975,-2.2,0.8107,2.2,0.797046017699115,long_nclose,1.753501238938053,0.0011165733502783374,3.0
1652959440000.0,253656,1652959440000.0,0.045658761061946974,-0.00035983200000000003,1570.4761519499975,1570.4761519499975,-2.2,0.8178,0.0,0.797046017699115,long_nclose,0.0,0.0,2.0
1653056520000.0,255274,1653056520000.0,0.0,-0.012567680000000001,1570.4635842699975,1570.6241842699974,73.0,0.8608,73.0,0.8608,long_ientry_normal,62.8384,0.04001264380110369,1618.0
1653056640000.0,255276,1653056640000.0,0.16767000000000043,-0.004217022,1570.6270372479976,1571.0750772479976,-24.3,0.8677,48.7,0.8608,long_nclose,41.92096,0.026690588539372506,2.0
1653056760000.0,255278,1653056760000.0,0.0,-0.004183002000000001,1570.6228542459976,1570.8588842459976,24.3,0.8607,73.0,0.8607667123287672,long_ientry_partial,62.83597000000001,0.04000703913745443,2.0
1653061440000.0,255356,1653061440000.0,0.0,-0.012563726000000002,1570.6102905199975,1568.8958905199975,74.9,0.8387,147.9,0.8495916159567276,long_rentry,125.65460000000002,0.08000367803422344,78.0
1653063060000.0,255383,1653063060000.0,0.0,-0.012592606,1570.5976979139975,1565.9274679139976,76.7,0.8209,224.6,0.8397935440783617,long_rentry,188.61763000000005,0.1200928985509874,27.0
1653075720000.0,255594,1653075720000.0,0.5091229029385456,-0.012665136,1571.0941556809362,1572.3234827779977,-74.8,0.8466,149.8,0.8397935440783617,long_nclose,125.8010729029386,0.08007226839209677,211.0
1653076080000.0,255600,1653076080000.0,0.33964215048975166,-0.008449068,1571.425348763426,1572.1452737099976,-49.9,0.8466,99.9,0.8397935440783617,long_nclose,83.89537505342834,0.053388075430657045,6.0
1653076200000.0,255602,1653076200000.0,0.22665498219055571,-0.005638356,1571.6463653896167,1572.1263153539978,-33.3,0.8466,66.6,0.8397935440783617,long_nclose,55.93025003561888,0.03558704506770744,2.0
1653076380000.0,255605,1653076380000.0,0.15110332146037048,-0.003758904,1571.793709807077,1572.1136764499977,-22.2,0.8466,44.4,0.8397935440783617,long_nclose,37.28683335707926,0.023722472691187872,3.0
1653077160000.0,255618,1653077160000.0,0.100735547640247,-0.0025059360000000003,1571.8919394187171,1572.1644505139977,-14.8,0.8466,29.6,0.8397935440783617,long_nclose,24.85788890471951,0.015813993494942096,13.0
1653082440000.0,255706,1653082440000.0,0.06670326803205545,-0.0016593360000000002,1571.9569833507492,1572.0996711779976,-9.8,0.8466,19.8,0.8397935440783617,long_nclose,16.62791217275156,0.010577841727772899,88.0
1653084540000.0,255741,1653084540000.0,0.04492260908281284,-0.001117512,1572.0007884478318,1572.1223136659974,-6.6,0.8466,13.2,0.8397935440783617,long_nclose,11.085274781834373,0.00705169797833231,35.0
1653085380000.0,255755,1653085380000.0,0.09442260908281253,-0.001127412,1572.0940836449147,1572.2340462539976,-6.6,0.8541,6.6,0.8397935440783617,long_nclose,5.542637390917187,0.003525639749286843,14.0
1653085800000.0,255762,1653085800000.0,0.14458260908281287,-0.001137444,1572.2375288099975,1572.2375288099975,-6.6,0.8617,0.0,0.8397935440783617,long_nclose,0.0,0.0,7.0
1653235980000.0,258265,1653235980000.0,0.0,-0.012586784,1572.2249420259975,1572.2382220259974,66.4,0.9478,66.4,0.9478,long_ientry_normal,62.93392,0.04002857245026415,2503.0
1653236040000.0,258266,1653236040000.0,0.16796000000000114,-0.004222868,1572.3886791579976,1572.5747391579976,-22.1,0.9554,44.3,0.9478,long_nclose,41.987539999999996,0.026703028682758014,1.0
1653236100000.0,258267,1653236100000.0,0.11172000000000075,-0.002808876,1572.4975902819976,1572.7699102819977,-14.7,0.9554,29.6,0.9478,long_nclose,28.05488,0.017840968516186335,1.0
1653236460000.0,258273,1653236460000.0,0.0744800000000005,-0.0018725840000000003,1572.5701976979976,1572.6929576979976,-9.8,0.9554,19.8,0.9478,long_nclose,18.76644,0.01193361035804392,6.0
1653236700000.0,258277,1653236700000.0,0.050160000000000336,-0.001261128,1572.6190965699977,1572.7801365699977,-6.6,0.9554,13.2,0.9478,long_nclose,12.510959999999999,0.007955492863648519,4.0
1653237060000.0,258283,1653237060000.0,0.10691999999999995,-0.0012724799999999999,1572.7247440899978,1572.838264089998,-6.6,0.964,6.6,0.9478,long_nclose,6.2554799999999995,0.003977479227377143,6.0
1653237600000.0,258292,1653237600000.0,0.0,-0.011327316,1572.7134167739978,1572.9013567739978,59.8,0.9471,66.4,0.947169578313253,long_ientry_partial,62.89206,0.03998952341171368,9.0
1653237720000.0,258294,1653237720000.0,0.1686323192771085,-0.004220216,1572.8778288772749,1573.2247165579977,-22.1,0.9548,44.3,0.947169578313253,long_nclose,41.959612319277106,0.02667696851523936,2.0
1653237840000.0,258296,1653237840000.0,0.11216719879518076,-0.0028071119999999996,1572.98718896407,1573.2189694459976,-14.7,0.9548,29.6,0.947169578313253,long_nclose,28.03621951807229,0.01782355235616143,2.0
1653238380000.0,258305,1653238380000.0,0.23873024096385642,-0.0028513680000000004,1573.2230678370338,1573.4869580779975,-14.8,0.9633,14.8,0.947169578313253,long_nclose,14.018109759036145,0.008910440004105156,9.0
1653238620000.0,258309,1653238620000.0,0.36601024096385554,-0.0028768240000000005,1573.5862012539976,1573.5862012539976,-14.8,0.9719,0.0,0.947169578313253,long_nclose,0.0,0.0,4.0
1653273420000.0,258889,1653273420000.0,0.0,-0.012579644,1573.5736216099976,1574.3040016099976,65.8,0.9559,65.8,0.9559,long_ientry_normal,62.898219999999995,0.0399715775202471,580.0
1653273960000.0,258898,1653273960000.0,0.16863000000000086,-0.004220568,1573.7380310419976,1574.2253210419976,-21.9,0.9636,43.9,0.9559,long_nclose,41.964009999999995,0.026665181353096576,9.0
1653274380000.0,258905,1653274380000.0,0.35696999999999957,-0.0042582359999999994,1574.0907428059977,1574.4669428059976,-21.9,0.9722,22.0,0.9559,long_nclose,21.029799999999998,0.013359966759293662,7.0
1653275460000.0,258923,1653275460000.0,0.5478000000000007,-0.004315520000000001,1574.6342272859977,1574.6342272859977,-22.0,0.9808,0.0,0.9559,long_nclose,0.0,0.0,18.0
1653345240000.0,260086,1653345240000.0,0.0,-0.012592776000000002,1574.6216345099976,1574.4477545099976,64.4,0.9777,64.4,0.9777,long_ientry_normal,62.96388,0.03998667274731912,1163.0
1653345600000.0,260092,1653345600000.0,0.0,-0.012593372,1574.6090411379976,1573.9583011379975,66.1,0.9526,130.5,0.9649865134099618,long_rentry,125.93074000000001,0.07997587763689434,6.0
1653345600000.0,260092,1653345600000.0,0.0,-0.012624696000000001,1574.5964164419975,1575.8141964419974,67.7,0.9324,198.2,0.9538558022199799,long_rentry,189.05422000000002,0.12006519132514748,0.0
1653345660000.0,260093,1653345660000.0,0.5045170534813281,-0.012691800000000001,1575.0882416954787,1576.6937046419973,-66.0,0.9615,132.2,0.9538558022199799,long_nclose,126.09973705348133,0.08005883969887508,1.0
1653347880000.0,260130,1653347880000.0,0.0,-0.012644352,1575.0755973434786,1570.8917002899973,68.6,0.9216,200.8,0.9428361407045882,long_rentry,189.32149705348132,0.1201983557949795,37.0
1653351300000.0,260187,1653351300000.0,0.5060221868630502,-0.012716352000000002,1575.5689031783415,1576.6620439379972,-66.9,0.9504,133.9,0.9428361407045882,long_nclose,126.24575924034437,0.08012709503575063,57.0
1653351900000.0,260197,1653351900000.0,0.33734812457536684,-0.008477568000000001,1575.8977737349169,1576.716106369997,-44.6,0.9504,89.3,0.9428361407045882,long_nclose,84.19526736491973,0.05342685849817203,10.0
1653352200000.0,260202,1653352200000.0,0.7164481245753647,-0.008553388,1576.6056684714922,1577.328192981997,-44.6,0.9589,44.7,0.9428361407045882,long_nclose,42.144775489495096,0.026731335762831647,5.0
1653352320000.0,260204,1653352320000.0,1.0980045105049088,-0.008648556000000002,1577.6950244259972,1577.6950244259972,-44.7,0.9674,0.0,0.9428361407045882,long_nclose,0.0,0.0,2.0
1653352980000.0,260215,1653352980000.0,0.0,-0.012619124,1577.6824053019973,1577.5573853019973,65.8,0.9589,65.8,0.9589,long_ientry_normal,63.09562,0.039992599136530485,11.0
1653354480000.0,260240,1653354480000.0,0.16863000000000086,-0.004233708,1577.8468015939973,1578.4218915939973,-21.9,0.9666,43.9,0.9589,long_nclose,42.09571,0.026679212428908437,25.0
1653355500000.0,260257,1653355500000.0,0.11242000000000059,-0.0028224720000000003,1577.9563991219973,1578.2523291219973,-14.6,0.9666,29.3,0.9589,long_nclose,28.09577,0.017805162433913245,17.0
1653355740000.0,260261,1653355740000.0,0.07469000000000038,-0.0018752039999999999,1578.0292139179971,1578.1879739179972,-9.7,0.9666,19.6,0.9589,long_nclose,18.79444,0.011910071014044395,4.0
1653356040000.0,260266,1653356040000.0,0.05005000000000026,-0.00125658,1578.0780073379972,1578.1841173379971,-6.5,0.9666,13.1,0.9589,long_nclose,12.561589999999999,0.007960056436747187,5.0
1653357300000.0,260287,1653357300000.0,0.033110000000000174,-0.0008312759999999999,1578.1102860619972,1578.181566061997,-4.3,0.9666,8.8,0.9589,long_nclose,8.438320000000001,0.005347104112132056,21.0
1653357540000.0,260291,1653357540000.0,0.022330000000000117,-0.000560628,1578.1320554339973,1578.1739454339972,-2.9,0.9666,5.9,0.9589,long_nclose,5.65751,0.0035849408042371625,4.0
1653357720000.0,260294,1653357720000.0,0.014630000000000075,-0.000367308,1578.1463181259971,1578.182718125997,-1.9,0.9666,4.0,0.9589,long_nclose,3.8356,0.0024304463761982875,3.0
1653358800000.0,260312,1653358800000.0,0.0,-0.011858182,1578.1344599439972,1577.9929499439972,62.3,0.9517,66.3,0.9521343891402715,long_ientry_partial,63.126509999999996,0.04000071705058652,18.0
1653359280000.0,260320,1653359280000.0,0.16940999999999987,-0.004242316,1578.299627627997,1578.691487627997,-22.1,0.9598,44.2,0.9521343891402715,long_nclose,42.084340000000005,0.026664354006880133,8.0
1653362400000.0,260372,1653362400000.0,0.11268447963800894,-0.002821812,1578.4094902956351,1578.641525815997,-14.7,0.9598,29.5,0.9521343891402715,long_nclose,28.08796447963801,0.017795106182729014,52.0
1653362640000.0,260376,1653362640000.0,0.07512298642533931,-0.0018812080000000003,1578.4827320740606,1578.6573846079973,-9.8,0.9598,19.7,0.9521343891402715,long_nclose,18.757047466063348,0.011882960190142447,4.0
1653363840000.0,260396,1653363840000.0,0.04982647058823525,-0.00124774,1578.5313108046487,1578.661536867997,-6.5,0.9598,13.2,0.9521343891402715,long_nclose,12.568173936651583,0.00796194148993156,20.0
1653364500000.0,260407,1653364500000.0,0.033728687782805404,-0.0008446240000000002,1578.5641948684315,1578.6422122439972,-4.4,0.9598,8.8,0.9521343891402715,long_nclose,8.37878262443439,0.005307850419813136,11.0
1653364740000.0,260411,1653364740000.0,0.02223027149321265,-0.000556684,1578.5858684559248,1578.6676755599972,-2.9,0.9598,5.9,0.9521343891402715,long_nclose,5.6175928959276025,0.0035586235808777286,4.0
1653365040000.0,260416,1653365040000.0,0.014564660633484149,-0.00036472399999999997,1578.6000683925583,1578.6435308359974,-1.9,0.9598,4.0,0.9521343891402715,long_nclose,3.808537556561086,0.0024126044542993126,5.0
1653366540000.0,260441,1653366540000.0,0.032531221719457104,-0.00038736000000000006,1578.6322122542776,1578.671943475997,-2.0,0.9684,2.0,0.9521343891402715,long_nclose,1.904268778280543,0.001206277664612746,25.0
1653367020000.0,260449,1653367020000.0,0.016265610859728552,-0.00019368000000000003,1578.6482841851375,1578.6661497959972,-1.0,0.9684,1.0,0.9521343891402715,long_nclose,0.9521343891402715,0.0006031326918596954,8.0
1653368040000.0,260466,1653368040000.0,0.008132805429864276,-9.684000000000001e-05,1578.6563201505674,1578.6652529559972,-0.5,0.9684,0.5,0.9521343891402715,long_nclose,0.47606719457013574,0.00030156481084162126,17.0
1653368160000.0,260468,1653368160000.0,0.0032531221719457105,-3.8736e-05,1578.6595345367393,1578.6648942199972,-0.2,0.9684,0.3,0.9521343891402715,long_nclose,0.28564031674208146,0.00018093851808642398,2.0
1653368940000.0,260481,1653368940000.0,0.007459683257918548,-5.862e-05,1578.6669355999973,1578.6669355999973,-0.3,0.977,0.0,0.9521343891402715,long_nclose,0.0,0.0,13.0
1653381360000.0,260688,1653381360000.0,0.0,-0.012626028,1578.6543095719971,1578.5277695719972,66.6,0.9479,66.6,0.9479,long_ientry_normal,63.13013999999999,0.0399898442725664,207.0
1653382200000.0,260702,1653382200000.0,0.16872000000000112,-0.00424242,1578.818787151997,1578.9120271519969,-22.2,0.9555,44.4,0.9479,long_nclose,42.08676,0.026657118817239027,14.0
1653382260000.0,260703,1653382260000.0,0.11248000000000076,-0.0028282800000000003,1578.928438871997,1579.3161988719971,-14.8,0.9555,29.6,0.9479,long_nclose,28.05784,0.01777017837492674,1.0
1653382320000.0,260704,1653382320000.0,0.2397599999999999,-0.002853736,1579.165345135997,1579.462825135997,-14.8,0.9641,14.8,0.9479,long_nclose,14.02892,0.008883756247064702,1.0
1653382320000.0,260704,1653382320000.0,0.36556000000000083,-0.0028788960000000006,1579.528026239997,1579.528026239997,-14.8,0.9726,0.0,0.9479,long_nclose,0.0,0.0,0.0
1653400080000.0,261000,1653400080000.0,0.0,-0.012634314000000002,1579.515391925997,1579.375321925997,66.7,0.9471,66.7,0.9471,long_ientry_normal,63.17157000000001,0.03999427313143886,296.0
1653401160000.0,261018,1653401160000.0,0.0,-0.01264236,1579.502749565997,1577.638579565997,68.5,0.9228,135.2,0.9347882396449705,long_rentry,126.38337,0.08001465653334672,18.0
1653407040000.0,261116,1653407040000.0,0.3380292159763293,-0.0084807,1579.8322980819732,1580.663198865997,-45.0,0.9423,90.2,0.9347882396449705,long_nclose,84.31789921597634,0.05337142386463687,98.0
1653407100000.0,261117,1653407100000.0,0.7176203920118306,-0.008575314,1580.5413431599852,1581.317593551997,-45.1,0.9507,45.1,0.9347882396449705,long_nclose,42.15894960798817,0.026673740481662784,1.0
1653407100000.0,261117,1653407100000.0,1.1009703920118334,-0.008651984000000001,1581.633661567997,1581.633661567997,-45.1,0.9592,0.0,0.9347882396449705,long_nclose,0.0,0.0,0.0
1653440460000.0,261673,1653440460000.0,0.0,-0.012653550000000001,1581.621008017997,1581.938258017997,67.5,0.9373,67.5,0.9373,long_ientry_normal,63.26775,0.040001839681734985,556.0
1653440700000.0,261677,1653440700000.0,0.17099999999999865,-0.00425205,1581.7877559679969,1582.089255967997,-22.5,0.9449,45.0,0.9373,long_nclose,42.1785,0.026665081861243948,4.0
1653440760000.0,261678,1653440760000.0,0.1139999999999991,-0.0028347,1581.898921267997,1582.069921267997,-15.0,0.9449,30.0,0.9373,long_nclose,28.119,0.01777547201148652,1.0
1653440880000.0,261680,1653440880000.0,0.0759999999999994,-0.0018898,1581.9730314679969,1582.1670314679968,-10.0,0.9449,20.0,0.9373,long_nclose,18.746000000000002,0.01184975952630785,2.0
1653442020000.0,261699,1653442020000.0,0.0,-0.008908816,1581.9641226519968,1581.8800426519967,47.6,0.9358,67.6,0.9362437869822486,long_ientry_partial,63.29008,0.04000727898550621,19.0
1653443520000.0,261724,1653443520000.0,0.17001479289940502,-0.0042471,1582.1298903448962,1582.4796955519969,-22.5,0.9438,45.1,0.9362437869822486,long_nclose,42.22459479289942,0.026688450202843123,25.0
1653443760000.0,261728,1653443760000.0,0.11334319526627001,-0.0028314,1582.2404021401624,1582.5641641519967,-15.0,0.9438,30.1,0.9362437869822486,long_nclose,28.180937988165685,0.017810781440069232,4.0
1653443880000.0,261730,1653443880000.0,0.23934319526627112,-0.0028566000000000004,1582.4768887354285,1582.6997075519964,-15.0,0.9522,15.1,0.9362437869822486,long_nclose,14.137281183431954,0.008933641485740232,2.0
1653443940000.0,261731,1653443940000.0,0.11967159763313556,-0.0014283000000000002,1582.5951320330616,1582.7224792519964,-7.5,0.9522,7.6,0.9362437869822486,long_nclose,7.115452781065089,0.004496066389338826,1.0
1653444600000.0,261742,1653444600000.0,0.018890532544378336,-0.0004719,1582.613550665606,1582.6531073519966,-2.5,0.9438,5.1,0.9362437869822486,long_nclose,4.774843313609468,0.003017062069006861,11.0
1653445380000.0,261755,1653445380000.0,0.03989053254437852,-0.0004761,1582.6529650981504,1582.7017312519965,-2.5,0.9522,2.6,0.9362437869822486,long_nclose,2.4342338461538464,0.0015380717692604735,13.0
1653445980000.0,261765,1653445980000.0,0.06358615384615354,-0.000499564,1582.7160516879967,1582.7160516879967,-2.6,0.9607,0.0,0.9362437869822486,long_nclose,0.0,0.0,10.0
1653457140000.0,261951,1653457140000.0,0.0,-0.012663350000000002,1582.7033883379968,1582.8731383379968,67.9,0.9325,67.9,0.9325,long_ientry_normal,63.316750000000006,0.040005442881176356,186.0
1653457440000.0,261956,1653457440000.0,0.1694999999999989,-0.0042488000000000005,1582.8686395379968,1583.253689537997,-22.6,0.94,45.3,0.9325,long_nclose,42.24225,0.026687148222438437,5.0
1653457680000.0,261960,1653457680000.0,0.0,-0.004213092000000001,1582.8644264459967,1582.6358164459969,22.6,0.9321,67.9,0.9323668630338732,long_ientry_partial,63.30770999999999,0.03999566162602106,4.0
1653459120000.0,261984,1653459120000.0,0.17024889543446536,-0.004248348,1583.0304269934313,1583.3309080979968,-22.6,0.9399,45.3,0.9323668630338732,long_nclose,42.236218895434455,0.0266806109189269,24.0
1653459420000.0,261989,1653459420000.0,0.11375036818851446,-0.002838498,1583.1413388636197,1583.3114595999966,-15.1,0.9399,30.2,0.9323668630338732,long_nclose,28.157479263622967,0.017785827817391485,5.0
1653459540000.0,261991,1653459540000.0,0.07533136966126786,-0.0018797999999999998,1583.2147904332808,1583.4093797999965,-10.0,0.9399,20.2,0.9323668630338732,long_nclose,18.833810633284237,0.01189592893338873,2.0
1653459840000.0,261996,1653459840000.0,0.050472017673049464,-0.0012594659999999999,1583.2640029849538,1583.3535503339965,-6.7,0.9399,13.5,0.9323668630338732,long_nclose,12.586952650957288,0.007950002417301788,5.0
1653459960000.0,261998,1653459960000.0,0.033899116347570535,-0.00084591,1583.2970561913014,1583.3837544239966,-4.5,0.9399,9.0,0.9323668630338732,long_nclose,8.391301767304858,0.005299890967706683,2.0
1653460440000.0,262006,1653460440000.0,0.07169911634757087,-0.0008534700000000002,1583.367901837649,1583.4517509539967,-4.5,0.9483,4.5,0.9323668630338732,long_nclose,4.195650883652429,0.0026498269156416377,8.0
1653460680000.0,262010,1653460680000.0,0.03505290132547909,-0.00041725200000000006,1583.4025374869746,1583.4384937019965,-2.2,0.9483,2.3,0.9323668630338732,long_nclose,2.1444437849779083,0.0013543263536645361,4.0
1653461040000.0,262016,1653461040000.0,0.017526450662739546,-0.00020862600000000003,1583.4198553116373,1583.4398150759966,-1.1,0.9483,1.2,0.9323668630338732,long_nclose,1.1188402356406477,0.0007065973259634575,6.0
1653461340000.0,262021,1653461340000.0,0.009559882179676115,-0.00011379600000000002,1583.429301397817,1583.4392812799967,-0.6,0.9483,0.6,0.9323668630338732,long_nclose,0.5594201178203239,0.0003532965553476116,5.0
1653462300000.0,262037,1653462300000.0,0.004779941089838057,-5.689800000000001e-05,1583.4340244409068,1583.4390143819967,-0.3,0.9483,0.3,0.9323668630338732,long_nclose,0.27971005891016193,0.0001766477507699915,16.0
1653462540000.0,262041,1653462540000.0,0.001593313696612686,-1.8966000000000004e-05,1583.4355987886033,1583.4395254159965,-0.1,0.9483,0.2,0.9323668630338732,long_nclose,0.18647337260677466,0.00011776505009072352,4.0
1653463140000.0,262051,1653463140000.0,0.001593313696612686,-1.8966000000000004e-05,1583.4371731362999,1583.4387364499964,-0.1,0.9483,0.1,0.9323668630338732,long_nclose,0.09323668630338733,5.888246650084276e-05,10.0
1653463200000.0,262052,1653463200000.0,0.001593313696612686,-1.8966000000000004e-05,1583.4387474839964,1583.4387474839964,-0.1,0.9483,0.0,0.9323668630338732,long_nclose,0.0,0.0,1.0
1653496500000.0,262607,1653496500000.0,0.0,-0.012663266,1583.4260842179965,1583.4053542179965,69.1,0.9163,69.1,0.9163,long_ientry_normal,63.316329999999994,0.039986918638687134,555.0
1653497340000.0,262621,1653497340000.0,0.17019999999999913,-0.00424902,1583.5920351979964,1583.8087051979965,-23.0,0.9237,46.1,0.9163,long_nclose,42.24143,0.026674439540685463,14.0
1653498300000.0,262637,1653498300000.0,0.11321999999999943,-0.002826522,1583.7024286759963,1583.9395886759962,-15.3,0.9237,30.8,0.9163,long_nclose,28.22204,0.017820292176728005,16.0
1653499740000.0,262661,1653499740000.0,0.2402399999999992,-0.0028702520000000002,1583.9397984239963,1584.1969784239964,-15.4,0.9319,15.4,0.9163,long_nclose,14.11102,0.008908810810890868,24.0
1653500160000.0,262668,1653500160000.0,0.1201199999999996,-0.0014351260000000001,1584.0584832979964,1584.1870732979964,-7.7,0.9319,7.7,0.9163,long_nclose,7.05551,0.00445407166111095,7.0
1653501720000.0,262694,1653501720000.0,0.0592799999999998,-0.0007082439999999999,1584.1170550539964,1584.1782850539964,-3.8,0.9319,3.9,0.9163,long_nclose,3.57357,0.002255874961132964,26.0
1653501840000.0,262696,1653501840000.0,0.009619999999999952,-0.000240162,1584.1264348919965,1584.1490548919965,-1.3,0.9237,2.6,0.9163,long_nclose,2.38238,0.0015039077358509122,2.0
1653502020000.0,262699,1653502020000.0,0.0,-0.012198546000000001,1584.1142363459965,1584.1231263459965,66.9,0.9117,69.5,0.9118720863309353,long_ientry_partial,63.37511000000001,0.040006653905329745,3.0
1653502080000.0,262700,1653502080000.0,0.16927480575539486,-0.0042467040000000005,1584.2792644477518,1584.7027996419963,-23.1,0.9192,46.4,0.9118720863309353,long_nclose,42.31086480575539,0.02670669607009224,1.0
1653502200000.0,262702,1653502200000.0,0.360247597122301,-0.004303136,1584.635208908874,1584.9629765059963,-23.2,0.9274,23.2,0.9118720863309353,long_nclose,21.155432402877697,0.013350348574827269,2.0
1653502800000.0,262712,1653502800000.0,0.05642493525179828,-0.001415568,1584.6902182761255,1584.847200937996,-7.7,0.9192,15.5,0.9118720863309353,long_nclose,14.134017338129498,0.008919104298823094,10.0
1653503400000.0,262722,1653503400000.0,0.11956493525179816,-0.001428196,1584.8083550153774,1584.934152741996,-7.7,0.9274,7.8,0.9118720863309353,long_nclose,7.112602273381295,0.004487988879458098,10.0
1653503520000.0,262724,1653503520000.0,0.06055886330935232,-0.000723372,1584.8681905066867,1584.931089369996,-3.9,0.9274,3.9,0.9118720863309353,long_nclose,3.5563011366906476,0.002243909719428269,2.0
1653504120000.0,262734,1653504120000.0,0.029503035971222922,-0.000352412,1584.8973411306579,1584.933596957996,-1.9,0.9274,2.0,0.9118720863309353,long_nclose,1.8237441726618706,0.0011507017680784425,10.0
1653505080000.0,262750,1653505080000.0,0.047455827338129364,-0.00037424,1584.944422717996,1584.944422717996,-2.0,0.9356,0.0,0.9118720863309353,long_nclose,0.0,0.0,16.0
1653543300000.0,263387,1653543300000.0,0.0,-0.012672540000000001,1584.931750177996,1584.635050177996,69.0,0.9183,69.0,0.9183,long_ientry_normal,63.362700000000004,0.03997818833074929,637.0
1653544260000.0,263403,1653544260000.0,0.0,-0.012686846000000002,1584.919063331996,1583.7523333319962,70.9,0.8947,139.9,0.9063397426733381,long_rentry,126.79693,0.0800021483326935,16.0
1653549300000.0,263487,1653549300000.0,0.0,-0.012715164000000001,1584.9063481679962,1578.9835981679962,72.6,0.8757,212.5,0.8958717647058823,long_rentry,190.37274999999997,0.1201160877549977,84.0
1653553260000.0,263553,1653553260000.0,0.0,-0.018916932,1584.8874312359962,1575.1931212359962,110.2,0.8583,322.7,0.8830412457390766,long_rentry,284.95741000000004,0.17979662427997936,66.0
1653553500000.0,263557,1653553500000.0,0.0,-0.027965844000000007,1584.8594653919963,1565.3855353919962,167.4,0.8353,490.1,0.8667346051826159,long_rentry,424.78663000000006,0.2680279477618756,4.0
1653570960000.0,263848,1653570960000.0,0.0,-0.040895696,1584.8185696959963,1547.2719596959962,254.2,0.8044,744.3,0.8454455327153032,long_rentry,629.2651100000002,0.39705813777832455,291.0
1653573000000.0,263882,1653573000000.0,1.7005933333332615,-0.042291126,1586.4768719033295,1590.721598569996,-248.1,0.8523,496.2,0.8454455327153032,long_nclose,419.5100733333334,0.2644287356235067,34.0
1653573660000.0,263893,1653573660000.0,1.133728888888841,-0.028194083999999998,1587.5824067082183,1590.412224485996,-165.4,0.8523,330.8,0.8454455327153032,long_nclose,279.6733822222223,0.17616306469540227,11.0
1653573960000.0,263898,1653573960000.0,0.755362294773581,-0.018784692,1588.3189843109917,1591.0884997939959,-110.2,0.8523,220.6,0.8454455327153032,long_nclose,186.50528451699589,0.11742306574387597,5.0
1653574020000.0,263899,1653574020000.0,1.5943277415020563,-0.018969394,1589.8943426584938,1591.7203003999957,-110.3,0.8599,110.3,0.8454455327153032,long_nclose,93.25264225849794,0.05865335812351427,1.0
1653574140000.0,263901,1653574140000.0,2.432607741502062,-0.01913705,1592.307813349996,1592.307813349996,-110.3,0.8675,0.0,0.8454455327153032,long_nclose,0.0,0.0,2.0
1653592320000.0,264204,1653592320000.0,0.0,-0.012746366,1592.2950669839959,1592.0755369839958,75.7,0.8419,75.7,0.8419,long_ientry_normal,63.73183,0.04002513813015573,303.0
1653593340000.0,264221,1653593340000.0,0.1713600000000007,-0.004277448,1592.4621495359959,1592.8206995359958,-25.2,0.8487,50.5,0.8419,long_nclose,42.51595,0.026698248377450034,17.0
1653593580000.0,264225,1653593580000.0,0.11424000000000048,-0.002851632,1592.5735379039959,1592.8465079039959,-16.8,0.8487,33.7,0.8419,long_nclose,28.372030000000002,0.017815208732741318,4.0
1653593940000.0,264231,1653593940000.0,0.0,-0.0070719580000000015,1592.5664659459958,1592.5066459459958,42.1,0.8399,75.8,0.8407891820580475,long_ientry_partial,63.73182,0.040018310923144326,6.0
1653594420000.0,264239,1653594420000.0,0.17163261213720263,-0.004271904,1592.733826654133,1593.098694041996,-25.2,0.8476,50.6,0.8407891820580475,long_nclose,42.543932612137205,0.026711263300980767,8.0
1653594960000.0,264248,1653594960000.0,0.0,-0.004244834,1592.729581820133,1592.5656792079958,25.3,0.8389,75.9,0.8401594547053649,long_ientry_partial,63.7681026121372,0.040036992682250895,9.0
1653596940000.0,264281,1653596940000.0,0.17053579595426754,-0.004285314,1592.8958323020872,1593.3431638939958,-25.3,0.8469,50.6,0.8401594547053649,long_nclose,42.512068408091466,0.02668854268182252,33.0
1653597420000.0,264289,1653597420000.0,0.11324116094986936,-0.0028455840000000004,1593.0062278790372,1593.3050383099958,-16.8,0.8469,33.8,0.8401594547053649,long_nclose,28.39738956904133,0.017826289108015748,8.0
1653598980000.0,264315,1653598980000.0,0.2423552154793337,-0.00288821,1593.2456948845165,1593.5134000999958,-16.9,0.8545,16.9,0.8401594547053649,long_nclose,14.198694784520665,0.008911804896199535,26.0
1653599160000.0,264318,1653599160000.0,0.3707952154793327,-0.002913898,1593.6135762019958,1593.6135762019958,-16.9,0.8621,0.0,0.8401594547053649,long_nclose,0.0,0.0,3.0
1653608760000.0,264478,1653608760000.0,0.0,-0.01274337,1593.6008328319958,1593.4554828319958,76.5,0.8329,76.5,0.8329,long_ientry_normal,63.71685,0.03998294220690665,160.0
1653608940000.0,264481,1653608940000.0,0.170850000000001,-0.0042819600000000005,1593.7674008719957,1594.0785008719956,-25.5,0.8396,51.0,0.8329,long_nclose,42.4779,0.026652509002730966,3.0
1653609060000.0,264483,1653609060000.0,0.11390000000000067,-0.0028546400000000003,1593.878446231996,1594.119846231996,-17.0,0.8396,34.0,0.8329,long_nclose,28.3186,0.017767101416639713,2.0
1653609300000.0,264487,1653609300000.0,0.07571000000000044,-0.0018974960000000005,1593.9522587359959,1594.136128735996,-11.3,0.8396,22.7,0.8329,long_nclose,18.90683,0.011861603693822748,4.0
1653609540000.0,264491,1653609540000.0,0.0,-0.008971116000000001,1593.9432876199958,1593.9120776199957,53.9,0.8322,76.6,0.8324074412532638,long_ientry_partial,63.76241,0.04000293517042702,4.0
1653609660000.0,264493,1653609660000.0,0.17066024804177138,-0.00427941,1594.1096684580375,1594.6509482099957,-25.5,0.8391,51.1,0.8324074412532638,long_nclose,42.53602024804178,0.026683245883067974,2.0
1653610260000.0,264503,1653610260000.0,0.0,-0.0042572800000000004,1594.1054111780375,1594.0206909299957,25.6,0.8315,76.7,0.8321045664672984,long_ientry_partial,63.82242024804179,0.04003651188968569,10.0
1653610560000.0,264508,1653610560000.0,0.17073355508389165,-0.0042778799999999995,1594.2718668531213,1594.8297130499957,-25.5,0.8388,51.2,0.8321045664672984,long_nclose,42.60375380312568,0.026723016750725064,5.0
1653610800000.0,264512,1653610800000.0,0.11382237005592777,-0.00285192,1594.3828373031772,1594.6528611299957,-17.0,0.8388,34.2,0.8321045664672984,long_nclose,28.457976173181606,0.017848897709735086,4.0
1653611160000.0,264518,1653611160000.0,0.242741913409199,-0.0028943460000000008,1594.6226848705865,1594.9115967839957,-17.1,0.8463,17.1,0.8321045664672984,long_nclose,14.228988086590803,0.008923106526448026,6.0
1653611520000.0,264524,1653611520000.0,0.3709919134091982,-0.0029199960000000002,1594.9907567879957,1594.9907567879957,-17.1,0.8538,0.0,0.8321045664672984,long_nclose,0.0,0.0,6.0
1653613500000.0,264557,1653613500000.0,0.0,-0.01275736,1594.9779994279957,1595.0241994279957,77.0,0.8284,77.0,0.8284,long_ientry_normal,63.7868,0.03999227576987003,33.0
1653614160000.0,264568,1653614160000.0,0.17151999999999817,-0.004275712,1595.1452437159958,1595.4844837159958,-25.6,0.8351,51.4,0.8284,long_nclose,42.57976,0.02669334354833272,11.0
1653614400000.0,264572,1653614400000.0,0.0,-0.004252836,1595.1409908799958,1594.9045508799957,25.7,0.8274,77.1,0.8280666666666668,long_ientry_partial,63.84394000000001,0.04002401064546592,4.0
1653616560000.0,264608,1653616560000.0,0.0,-0.012763576,1595.1282273039958,1593.3636073039959,79.1,0.8068,156.2,0.8172971830985916,long_rentry,127.66181999999999,0.08003232455848862,36.0
1653618480000.0,264640,1653618480000.0,0.343346478873237,-0.00856856,1595.463005222869,1596.1614387439959,-52.0,0.8239,104.2,0.8172971830985916,long_nclose,85.16236647887324,0.05337783840809081,32.0
1653618660000.0,264643,1653618660000.0,0.22911774647887162,-0.005717866,1595.6864051033479,1595.9437508779956,-34.7,0.8239,69.5,0.8172971830985916,long_nclose,56.80215422535211,0.035597316642973595,3.0
1653618720000.0,264644,1653618720000.0,0.15252507042253413,-0.003806418,1595.8351237557704,1596.1461344599957,-23.1,0.8239,46.4,0.8172971830985916,long_nclose,37.92258929577465,0.023763475769680072,1.0
1653619020000.0,264649,1653619020000.0,0.32486535211267664,-0.003857232,1596.1561318758831,1596.4508372279959,-23.2,0.8313,23.2,0.8172971830985916,long_nclose,18.961294647887325,0.011879348310119922,5.0
1653619680000.0,264660,1653619680000.0,0.05084169014084471,-0.0012688060000000001,1596.205704760024,1596.2785984219959,-7.7,0.8239,15.5,0.8172971830985916,long_nclose,12.668106338028169,0.007936387083601303,11.0
1653619860000.0,264663,1653619860000.0,0.03367436619718286,-0.000840378,1596.2385387482211,1596.3082480439957,-5.1,0.8239,10.4,0.8172971830985916,long_nclose,8.499890704225352,0.0053249501862616426,3.0
1653620160000.0,264668,1653620160000.0,0.02244957746478857,-0.0005602519999999999,1596.260428073686,1596.3143477919957,-3.4,0.8239,7.0,0.8172971830985916,long_nclose,5.721080281690141,0.0035840519385637788,5.0
1653620460000.0,264673,1653620460000.0,0.015186478873239328,-0.00037899399999999996,1596.2752355585592,1596.3161387979958,-2.3,0.8239,4.7,0.8172971830985916,long_nclose,3.8412967605633805,0.0024064125502888333,5.0
1653620940000.0,264681,1653620940000.0,0.009904225352112606,-0.00024717,1596.2848926139113,1596.328741627996,-1.5,0.8239,3.2,0.8172971830985916,long_nclose,2.615350985915493,0.0016383986329864117,8.0
1653621300000.0,264687,1653621300000.0,0.022404507042253566,-0.00026601600000000005,1596.3070311049535,1596.3321556119956,-1.6,0.8313,1.6,0.8172971830985916,long_nclose,1.3076754929577465,0.0008191879553725839,6.0
1653621420000.0,264689,1653621420000.0,0.03408450704225352,-0.000268352,1596.3408472599958,1596.3408472599958,-1.6,0.8386,0.0,0.8172971830985916,long_nclose,0.0,0.0,2.0
1653626820000.0,264779,1653626820000.0,0.0,-0.012773862,1596.328073397996,1596.1166633979958,78.3,0.8157,78.3,0.8157,long_ientry_normal,63.86931,0.04001014018631252,90.0
1653628020000.0,264799,1653628020000.0,0.17226000000000133,-0.004292406,1596.4960409919959,1596.929300991996,-26.1,0.8223,52.2,0.8157,long_nclose,42.57954,0.026670620475540207,20.0
1653628140000.0,264801,1653628140000.0,0.11484000000000087,-0.002861604,1596.608019387996,1597.0708593879958,-17.4,0.8223,34.8,0.8157,long_nclose,28.386359999999996,0.017779166617790707,2.0
1653628200000.0,264802,1653628200000.0,0.24186000000000038,-0.002887008,1596.846992379996,1597.0610123799959,-17.4,0.8296,17.4,0.8157,long_nclose,14.193179999999998,0.008888252955811372,1.0
1653628320000.0,264804,1653628320000.0,0.12093000000000019,-0.001443504,1596.966478875996,1597.082188875996,-8.7,0.8296,8.7,0.8157,long_nclose,7.096589999999999,0.0044437939642883685,2.0
1653629100000.0,264817,1653629100000.0,0.019140000000000146,-0.000476934,1596.985141941996,1597.039081941996,-2.9,0.8223,5.8,0.8157,long_nclose,4.731059999999999,0.0029624946881139083,13.0
1653629820000.0,264829,1653629820000.0,0.0,-0.011831456,1596.973310485996,1596.5937704859962,72.8,0.8126,78.6,0.8128287531806616,long_ientry_partial,63.88834,0.04000589088151842,12.0
1653631920000.0,264864,1653631920000.0,0.17216666666666622,-0.004293656,1597.1411834966627,1597.621756829996,-26.2,0.8194,52.4,0.8128287531806616,long_nclose,42.59222666666667,0.026667790616618125,35.0
1653632400000.0,264872,1653632400000.0,0.0,-0.004303348,1597.1368801486628,1596.7019134819961,26.6,0.8089,79.0,0.8115059071729958,long_ientry_partial,64.10896666666666,0.040139932565266004,8.0
1653633180000.0,264885,1653633180000.0,0.17342464135021293,-0.004303206,1597.306001584013,1597.7009402759961,-26.3,0.8181,52.7,0.8115059071729958,long_nclose,42.766361308016876,0.02677405660881911,13.0
1653633300000.0,264887,1653633300000.0,0.36541464135021223,-0.004341604000000001,1597.6670746213633,1598.1553186719962,-26.3,0.8254,26.4,0.8115059071729958,long_nclose,21.423755949367088,0.013409399423496525,2.0
1653633780000.0,264895,1653633780000.0,0.5595240506329119,-0.004396656,1598.2222020159963,1598.2222020159963,-26.4,0.8327,0.0,0.8115059071729958,long_nclose,0.0,0.0,8.0
1653671880000.0,265530,1653671880000.0,0.0,-0.012781720000000002,1598.2094202959963,1598.2476202959963,76.4,0.8365,76.4,0.8365,long_ientry_normal,63.90860000000001,0.039987625644306246,635.0
1653672240000.0,265536,1653672240000.0,0.17017999999999817,-0.004283456,1598.3753168399965,1598.8088168399966,-25.4,0.8432,51.0,0.8365,long_nclose,42.661500000000004,0.026690539794084287,6.0
1653672360000.0,265538,1653672360000.0,0.3646499999999995,-0.00433908,1598.7356277599965,1599.0543777599964,-25.5,0.8508,25.5,0.8365,long_nclose,21.330750000000002,0.013342262241247927,2.0
1653672420000.0,265539,1653672420000.0,0.18160999999999972,-0.002161032,1598.9150767279966,1599.0878767279967,-12.7,0.8508,12.8,0.8365,long_nclose,10.7072,0.00669654077057745,1.0
1653672840000.0,265546,1653672840000.0,0.0,-0.010651914,1598.9044248139967,1598.8151548139967,63.7,0.8361,76.5,0.8361669281045752,long_ientry_partial,63.96677,0.04000662516612984,7.0
1653672960000.0,265548,1653672960000.0,0.17169333333333303,-0.00429879,1599.07181935733,1599.4203060239968,-25.5,0.8429,51.0,0.8361669281045752,long_nclose,42.644513333333336,0.02666829145327084,2.0
1653673560000.0,265558,1653673560000.0,0.11446222222222202,-0.00286586,1599.1834157195524,1599.4837401639968,-17.0,0.8429,34.0,0.8361669281045752,long_nclose,28.429675555555555,0.017777620300522955,10.0
1653674220000.0,265569,1653674220000.0,0.07608371241830053,-0.0019049540000000002,1599.2575944779705,1599.4354052099966,-11.3,0.8429,22.7,0.8361669281045752,long_nclose,18.980989267973854,0.011868625375619758,11.0
1653674520000.0,265574,1653674520000.0,0.050498039215686186,-0.00126435,1599.3068281671863,1599.4258908599968,-7.5,0.8429,15.2,0.8361669281045752,long_nclose,12.709737307189542,0.007947028727286162,5.0
1653675480000.0,265590,1653675480000.0,0.033665359477124124,-0.0008429,1599.3396506266633,1599.4093479599967,-5.0,0.8429,10.2,0.8361669281045752,long_nclose,8.528902666666665,0.005332765096722774,16.0
1653676200000.0,265602,1653676200000.0,0.022892444444444403,-0.000573172,1599.3619698991079,1599.3880347879967,-3.4,0.8429,6.8,0.8361669281045752,long_nclose,5.685935111111111,0.003555127118265664,12.0
1653676260000.0,265603,1653676260000.0,0.0,-0.011667708,1599.3503021911079,1598.9868270799968,69.9,0.8346,76.7,0.8347389193104449,long_ientry_partial,64.02447511111113,0.04003155220178949,1.0
1653680940000.0,265681,1653680940000.0,0.17240755758365672,-0.00429165,1599.5184180986917,1599.941385429997,-25.5,0.8415,51.2,0.8347389193104449,long_nclose,42.73863266869478,0.026719687741699867,78.0
1653681000000.0,265682,1653681000000.0,0.365083665652611,-0.00434688,1599.8791548843444,1600.218638549997,-25.6,0.849,25.6,0.8347389193104449,long_nclose,21.36931633434739,0.013356831526373741,1.0
1653681060000.0,265683,1653681060000.0,0.1825418328263055,-0.00217344,1600.0595232771707,1600.293265109997,-12.8,0.849,12.8,0.8347389193104449,long_nclose,10.684658167173694,0.006677662931745097,1.0
1653681180000.0,265685,1653681180000.0,0.09127091641315276,-0.00108672,1600.1497074735837,1600.2601783899968,-6.4,0.849,6.4,0.8347389193104449,long_nclose,5.342329083586847,0.0033386432898342053,2.0
1653681240000.0,265686,1653681240000.0,0.13927091641315315,-0.00109632,1600.2878820699968,1600.2878820699968,-6.4,0.8565,0.0,0.8347389193104449,long_nclose,0.0,0.0,1.0
1653979080000.0,270650,1653979080000.0,0.0,-0.01279238,1600.2750896899968,1599.8355896899968,58.6,1.0915,58.6,1.0915,long_ientry_normal,63.9619,0.03996931553336284,4964.0
1653980220000.0,270669,1653980220000.0,0.17160000000000275,-0.00429117,1600.4423985199967,1600.8138485199968,-19.5,1.1003,39.1,1.0915,long_nclose,42.67765,0.02666615808195659,19.0
1653980400000.0,270672,1653980400000.0,0.36270000000000335,-0.004329390000000001,1600.8007691299965,1601.1633691299965,-19.5,1.1101,19.6,1.0915,long_nclose,21.3934,0.013364186482510806,3.0
1653980460000.0,270673,1653980460000.0,0.1822800000000017,-0.0021757960000000007,1600.9808733339964,1601.1915733339965,-9.8,1.1101,9.8,1.0915,long_nclose,10.6967,0.006681341531410323,1.0
1653980580000.0,270675,1653980580000.0,0.2793000000000019,-0.0021952000000000004,1601.2579781339964,1601.2579781339964,-9.8,1.12,0.0,1.0915,long_nclose,0.0,0.0,2.0
1653989640000.0,270826,1653989640000.0,0.0,-0.012814284,1601.2451638499965,1601.1391438499966,58.9,1.0878,58.9,1.0878,long_ientry_normal,64.07142,0.040013497899314916,151.0
1653990600000.0,270842,1653990600000.0,0.1724799999999984,-0.004298672000000001,1601.4133451779965,1601.7356051779964,-19.6,1.0966,39.3,1.0878,long_nclose,42.75054,0.02669550627183533,16.0
1653990660000.0,270843,1653990660000.0,0.11527999999999894,-0.0028730920000000003,1601.5257520859964,1601.7667920859963,-13.1,1.0966,26.2,1.0878,long_nclose,28.50036,0.01779575505600089,1.0
1653991140000.0,270851,1653991140000.0,0.0765599999999993,-0.001908084,1601.6004040019964,1601.8314040019964,-8.7,1.0966,17.5,1.0878,long_nclose,19.0365,0.011885923575214253,8.0
1653991800000.0,270862,1653991800000.0,0.05103999999999953,-0.001272056,1601.6501719459964,1601.8163119459964,-5.8,1.0966,11.7,1.0878,long_nclose,12.727260000000001,0.007946341980868674,11.0
1653992100000.0,270867,1653992100000.0,0.10787999999999971,-0.001283424,1601.7567685219965,1601.8700485219965,-5.8,1.1064,5.9,1.0878,long_nclose,6.418020000000001,0.004006863043208588,5.0
1653993240000.0,270886,1653993240000.0,0.016719999999999846,-0.00041670799999999995,1601.7730718139965,1601.8058718139964,-1.9,1.0966,4.0,1.0878,long_nclose,4.3512,0.0027164896679604546,19.0
1653993540000.0,270891,1653993540000.0,0.011439999999999895,-0.000285116,1601.7842266979965,1601.8171666979965,-1.3,1.0966,2.7,1.0878,long_nclose,2.9370600000000007,0.001833617756403191,5.0
1653993900000.0,270897,1653993900000.0,0.024179999999999934,-0.00028766400000000003,1601.8081190339963,1601.8391990339962,-1.3,1.1064,1.4,1.0878,long_nclose,1.52292,0.0009507505811110689,6.0
1653994740000.0,270911,1653994740000.0,0.013019999999999964,-0.000154896,1601.8209841379964,1601.8344241379964,-0.7,1.1064,0.7,1.0878,long_nclose,0.76146,0.00047537147255551277,14.0
1653995100000.0,270917,1653995100000.0,0.019879999999999984,-0.00015626800000000002,1601.8407078699965,1601.8407078699965,-0.7,1.1162,0.0,1.0878,long_nclose,0.0,0.0,6.0
1654001700000.0,271027,1654001700000.0,0.0,-0.012825088,1601.8278827819965,1601.9936427819966,59.2,1.0832,59.2,1.0832,long_ientry_normal,64.12544,0.040032665612381065,110.0
1654002060000.0,271033,1654002060000.0,0.17139000000000298,-0.004302086,1601.9949706959965,1602.4610706959966,-19.7,1.0919,39.5,1.0832,long_nclose,42.7864,0.02670819870390179,6.0
1654002300000.0,271037,1654002300000.0,0.3644499999999992,-0.004340698,1602.3550799979964,1602.7075199979963,-19.7,1.1017,19.8,1.0832,long_nclose,21.44736,0.013384898433390193,4.0
1654002900000.0,271047,1654002900000.0,0.057420000000001,-0.001441308,1602.4110586899965,1602.5668186899966,-6.6,1.0919,13.2,1.0832,long_nclose,14.298239999999998,0.008922953896542064,10.0
1654003200000.0,271052,1654003200000.0,0.038280000000000675,-0.0009608720000000002,1602.4483778179965,1602.5258178179965,-4.4,1.0919,8.8,1.0832,long_nclose,9.532160000000001,0.005948497394330819,5.0
1654003560000.0,271058,1654003560000.0,0.02523000000000044,-0.0006333020000000001,1602.4729745159964,1602.5307945159964,-2.9,1.0919,5.9,1.0832,long_nclose,6.39088,0.003988135900969109,6.0
1654003740000.0,271061,1654003740000.0,0.053649999999999885,-0.000638986,1602.5259855299964,1602.5853855299965,-2.9,1.1017,3.0,1.0832,long_nclose,3.2496,0.0020277986312498227,3.0
1654003980000.0,271065,1654003980000.0,0.0,-0.01216643,1602.5138190999965,1602.7132690999965,56.3,1.0805,59.3,1.0806365935919058,long_ientry_partial,64.08175000000001,0.039988266707109955,4.0
1654004400000.0,271072,1654004400000.0,0.0,-0.012824321999999999,1602.5009947779965,1598.3440347779965,60.9,1.0529,120.2,1.0665836938435942,long_rentry,128.20336000000003,0.08000204706129418,7.0
1654004400000.0,271072,1654004400000.0,0.0,-0.012841276,1602.4881535019965,1598.4184135019966,62.3,1.0306,182.5,1.0542999452054795,long_rentry,192.40974000000003,0.12006936811327903,0.0
1654004760000.0,271078,1654004760000.0,0.516803331506842,-0.012923648000000001,1602.9920331855035,1603.9291298539965,-60.8,1.0628,121.7,1.0542999452054795,long_nclose,128.30830333150686,0.08004300749800333,6.0
1654004820000.0,271079,1654004820000.0,0.34425221917807736,-0.00860868,1603.3276767246816,1604.0341211739967,-40.5,1.0628,81.2,1.0542999452054795,long_nclose,85.60915555068495,0.053394672089469256,1.0
1654005300000.0,271087,1654005300000.0,0.22950147945205157,-0.00573912,1603.5514390841336,1604.2397820539966,-27.0,1.0628,54.2,1.0542999452054795,long_nclose,57.143057030136994,0.03563531274230541,8.0
1654005480000.0,271090,1654005480000.0,0.15300098630136771,-0.00382608,1603.700613990435,1603.8345559739967,-18.0,1.0628,36.2,1.0542999452054795,long_nclose,38.165658016438364,0.02379849311242204,3.0
1654005540000.0,271091,1654005540000.0,0.10200065753424514,-0.00255072,1603.8000639279692,1604.0590052539965,-12.0,1.0628,24.2,1.0542999452054795,long_nclose,25.514058673972603,0.015908503340176013,1.0
1654005600000.0,271092,1654005600000.0,0.0,-0.0076679999999999995,1603.7923959279692,1603.8105372539967,36.0,1.065,60.2,1.0606986490693122,long_ientry_partial,63.854058673972595,0.03981441665149313,1.0
1654006440000.0,271106,1654006440000.0,0.17002701861375424,-0.0042768,1603.958146146583,1604.5330604539965,-20.0,1.0692,40.2,1.0606986490693122,long_nclose,42.640085692586354,0.026584288246564728,14.0
1654006500000.0,271107,1654006500000.0,0.0,-0.004206944,1603.953939202583,1604.2053335099965,19.6,1.0732,59.8,1.0647960818158255,long_ientry_partial,63.67480569258636,0.039698649778086986,1.0
1654006560000.0,271108,1654006560000.0,0.17121797186507026,-0.004272132,1604.1208850424478,1604.6078213779963,-19.9,1.0734,39.9,1.0647960818158255,long_nclose,42.485363664451434,0.02648513840858521,1.0
1654007400000.0,271122,1654007400000.0,0.11443211184951935,-0.0028552440000000003,1604.2324619102972,1604.5836861339963,-13.3,1.0734,26.6,1.0647960818158255,long_nclose,28.32357577630096,0.01765553088395534,14.0
1654007520000.0,271124,1654007520000.0,0.24211211184952006,-0.0028807800000000003,1604.4716932421468,1604.7404053539963,-13.3,1.083,13.3,1.0647960818158255,long_nclose,14.16178788815048,0.008826449196828045,2.0
1654007760000.0,271128,1654007760000.0,0.12014586001555129,-0.0014295599999999999,1604.5904095421624,1604.6788757939964,-6.6,1.083,6.7,1.0647960818158255,long_nclose,7.134133748166032,0.00444607776896885,4.0
1654008000000.0,271132,1654008000000.0,0.060072930007775645,-0.0007147799999999999,1604.6497676921701,1604.7252610139963,-3.3,1.083,3.4,1.0647960818158255,long_nclose,3.6203066781738067,0.0022561351087724162,4.0
1654008360000.0,271138,1654008360000.0,0.09453332182619327,-0.0007429680000000001,1604.7435580459965,1604.7435580459965,-3.4,1.0926,0.0,1.0647960818158255,long_nclose,0.0,0.0,6.0
1654023180000.0,271385,1654023180000.0,0.0,-0.012839456000000003,1604.7307185899965,1604.7668385899965,60.2,1.0664,60.2,1.0664,long_ientry_normal,64.19728,0.04000501720089662,247.0
1654023840000.0,271396,1654023840000.0,0.17199999999999882,-0.0043,1604.8984185899965,1605.2843385899964,-20.0,1.075,40.2,1.0664,long_nclose,42.86928,0.026711522363928392,11.0
1654024020000.0,271399,1654024020000.0,0.11523999999999922,-0.002881,1605.0107775899967,1605.2680575899967,-13.4,1.075,26.8,1.0664,long_nclose,28.579520000000002,0.017806434946756912,3.0
1654024260000.0,271403,1654024260000.0,0.07653999999999948,-0.0019135000000000003,1605.0854040899967,1605.2572440899967,-8.9,1.075,17.9,1.0664,long_nclose,19.088559999999998,0.011892550982869511,4.0
1654024440000.0,271406,1654024440000.0,0.05073999999999965,-0.0012685,1605.1348755899967,1605.2620755899966,-5.9,1.075,12.0,1.0664,long_nclose,12.796800000000001,0.007972414153232016,3.0
1654024560000.0,271408,1654024560000.0,0.10919999999999996,-0.00130152,1605.2427740699968,1605.3543740699968,-6.0,1.0846,6.0,1.0664,long_nclose,6.3984000000000005,0.003985939138524973,2.0
1654025340000.0,271421,1654025340000.0,0.017199999999999882,-0.00043,1605.2595440699968,1605.2979440699967,-2.0,1.075,4.0,1.0664,long_nclose,4.2656,0.0026572649985216346,13.0
1654025580000.0,271425,1654025580000.0,0.03639999999999999,-0.00043384,1605.2955102299968,1605.3327102299968,-2.0,1.0846,2.0,1.0664,long_nclose,2.1328,0.001328602731651835,4.0
1654025940000.0,271431,1654025940000.0,0.005159999999999964,-0.000129,1605.3005412299967,1605.3139812299967,-0.6,1.075,1.4,1.0664,long_nclose,1.4929599999999998,0.0009300189974745037,6.0
1654026060000.0,271433,1654026060000.0,0.0034399999999999765,-8.6e-05,1605.3038952299967,1605.3144952299967,-0.4,1.075,1.0,1.0664,long_nclose,1.0664,0.0006642978959739046,2.0
1654026180000.0,271435,1654026180000.0,0.002579999999999982,-6.45e-05,1605.3064107299967,1605.3131307299968,-0.3,1.075,0.7,1.0664,long_nclose,0.7464799999999999,0.0004650077985177582,2.0
1654026300000.0,271437,1654026300000.0,0.0017199999999999882,-4.3e-05,1605.3080877299967,1605.3128877299966,-0.2,1.075,0.5,1.0664,long_nclose,0.5332,0.0003321480805307455,2.0
1654027080000.0,271450,1654027080000.0,0.0008599999999999941,-2.15e-05,1605.3089262299968,1605.313566229997,-0.1,1.075,0.4,1.0664,long_nclose,0.42656000000000005,0.0002657183256320383,13.0
1654027200000.0,271452,1654027200000.0,0.0008599999999999941,-2.15e-05,1605.309764729997,1605.3147447299968,-0.1,1.075,0.3,1.0664,long_nclose,0.31992,0.00019928864012971884,2.0
1654027860000.0,271463,1654027860000.0,0.0018199999999999996,-2.1692000000000002e-05,1605.3115630379968,1605.315483037997,-0.1,1.0846,0.2,1.0664,long_nclose,0.21328000000000003,0.00013285894458791225,11.0
1654028640000.0,271476,1654028640000.0,0.005560000000000009,-4.376800000000001e-05,1605.3170792699968,1605.3170792699968,-0.2,1.0942,0.0,1.0664,long_nclose,0.0,0.0,13.0
1654053420000.0,271889,1654053420000.0,0.0,-0.012847780000000001,1605.304231489997,1605.074331489997,60.5,1.0618,60.5,1.0618,long_ientry_normal,64.2389,0.04001665151058333,413.0
1654053780000.0,271895,1654053780000.0,0.17285999999999882,-0.0043030080000000005,1605.4727884819968,1605.8848684819968,-20.1,1.0704,40.4,1.0618,long_nclose,42.89672,0.026719057655632778,6.0
1654053960000.0,271898,1654053960000.0,0.11523999999999922,-0.002868672,1605.5851598099969,1605.752559809997,-13.4,1.0704,27.0,1.0618,long_nclose,28.6686,0.017855546200609262,3.0
1654054260000.0,271903,1654054260000.0,0.0,-0.00710736,1605.578052449997,1605.502652449997,33.5,1.0608,60.5,1.0612462809917356,long_ientry_partial,64.2054,0.03998896216974763,5.0
1654055340000.0,271921,1654055340000.0,0.17192975206611677,-0.004300596000000001,1605.745681606063,1606.180131853997,-20.1,1.0698,40.4,1.0612462809917356,long_nclose,42.87434975206612,0.026700585430927824,18.0
1654055700000.0,271927,1654055700000.0,0.36670512396693977,-0.004360775999999999,1606.10802595403,1606.507051077997,-20.2,1.0794,20.2,1.0612462809917356,long_nclose,21.43717487603306,0.013347280836417808,6.0
1654056000000.0,271932,1654056000000.0,0.18335256198346989,-0.0021803879999999997,1606.2891981280134,1606.4887106899969,-10.1,1.0794,10.1,1.0612462809917356,long_nclose,10.71858743801653,0.00667288770322809,5.0
1654056600000.0,271942,1654056600000.0,0.0,-0.010706960000000001,1606.2784911680133,1606.3064037299966,50.6,1.058,60.7,1.058540155486269,long_ientry_partial,64.25338743801653,0.04000139937831974,10.0
1654056900000.0,271947,1654056900000.0,0.1729088591773648,-0.004311084,1606.4470889431907,1606.9517126459968,-20.2,1.0671,40.5,1.058540155486269,long_nclose,42.870876297193895,0.02668676521764356,5.0
1654057200000.0,271952,1654057200000.0,0.0,-0.0042918259999999995,1606.4427971171906,1606.3175908199967,20.3,1.0571,60.8,1.058059314098584,long_ientry_partial,64.3300062971939,0.04004500279290119,5.0
1654057800000.0,271962,1654057800000.0,0.17252185520860522,-0.0043090640000000005,1606.6110099083992,1606.9740017559966,-20.2,1.0666,40.6,1.058059314098584,long_nclose,42.95720815240251,0.026737777774130722,10.0
1654058820000.0,271979,1654058820000.0,0.36622592379874813,-0.004368966,1606.972866866198,1607.3573627899968,-20.3,1.0761,20.3,1.058059314098584,long_nclose,21.478604076201254,0.01336587849058539,17.0
1654059240000.0,271986,1654059240000.0,0.18221092760430327,-0.0021737220000000003,1607.1529040718024,1607.3562990679968,-10.1,1.0761,10.2,1.058059314098584,long_nclose,10.792205003805554,0.006715107801169983,7.0
1654059960000.0,271998,1654059960000.0,0.09200749809722243,-0.001097622,1607.2438139478995,1607.3455114459966,-5.1,1.0761,5.1,1.058059314098584,long_nclose,5.396102501902777,0.003357363988633586,12.0
1654060260000.0,272003,1654060260000.0,0.04510171475354041,-0.0005380500000000001,1607.2883776126532,1607.342823395997,-2.5,1.0761,2.6,1.058059314098584,long_nclose,2.7509542166563183,0.001711549871804823,5.0
1654060500000.0,272007,1654060500000.0,0.023452891671841013,-0.0002797860000000001,1607.3115507183252,1607.337473609997,-1.3,1.0761,1.3,1.058059314098584,long_nclose,1.3754771083281592,0.0008557625979315855,4.0
1654060860000.0,272013,1654060860000.0,0.0108244115408497,-0.000129132,1607.322245997866,1607.333404477997,-0.6,1.0761,0.7,1.058059314098584,long_nclose,0.7406415198690087,0.00046079217886342376,6.0
1654061340000.0,272021,1654061340000.0,0.0017081371802832202,-4.2664000000000004e-05,1607.3239114710464,1607.329381813997,-0.2,1.0666,0.5,1.058059314098584,long_nclose,0.529029657049292,0.000329136929572034,8.0
1654061760000.0,272028,1654061760000.0,0.0008540685901416101,-2.1332000000000002e-05,1607.3247442076365,1607.328320481997,-0.1,1.0666,0.4,1.058059314098584,long_nclose,0.42322372563943356,0.00026330940723996027,7.0
1654062060000.0,272033,1654062060000.0,0.0008540685901416101,-2.1332000000000002e-05,1607.3255769442267,1607.328559149997,-0.1,1.0666,0.3,1.058059314098584,long_nclose,0.31741779422957517,0.00019748195311682605,5.0
1654063320000.0,272054,1654063320000.0,0.0008540685901416101,-2.1332000000000002e-05,1607.3264096808168,1607.328397817997,-0.1,1.0666,0.2,1.058059314098584,long_nclose,0.21161186281971678,0.00013165456720252527,21.0
1654063620000.0,272059,1654063620000.0,0.0018040685901416166,-2.1522e-05,1607.328192227407,1607.3300862959973,-0.1,1.0761,0.1,1.058059314098584,long_nclose,0.10580593140985839,6.582721059800139e-05,5.0
1654064100000.0,272067,1654064100000.0,0.0018040685901416166,-2.1522e-05,1607.3299747739973,1607.3299747739973,-0.1,1.0761,0.0,1.058059314098584,long_nclose,0.0,0.0,8.0
1654094100000.0,272567,1654094100000.0,0.0,-0.01284981,1607.3171249639972,1607.1510749639972,61.5,1.0447,61.5,1.0447,long_ientry_normal,64.24905,0.03997285227794679,500.0
1654094160000.0,272568,1654094160000.0,0.0,-0.012866256000000001,1607.3042587079972,1607.4143287079971,63.2,1.0179,124.7,1.0311173215717724,long_rentry,128.58033000000003,0.07999750470602064,1.0
1654094220000.0,272569,1654094220000.0,0.34373115477145033,-0.008627020000000001,1607.6393628427686,1608.7112016879971,-41.5,1.0394,83.2,1.0311173215717724,long_nclose,85.78896115477147,0.05336331215669659,1.0
1654094340000.0,272571,1654094340000.0,0.7314394226142674,-0.008725184,1608.362077081383,1609.0643965039972,-41.6,1.0487,41.6,1.0311173215717724,long_nclose,42.894480577385735,0.026669666730282697,2.0
1654094400000.0,272572,1654094400000.0,0.0,-0.0041764,1608.357900681383,1608.9534201039971,20.0,1.0441,61.6,1.0353324769056125,long_ientry_partial,63.77648057738573,0.039653164603703404,1.0
1654094400000.0,272572,1654094400000.0,0.2780444803632598,-0.004362592,1608.6315825697461,1609.0260175119972,-20.8,1.0487,40.8,1.0353324769056125,long_nclose,42.241565057748986,0.02625931600215707,0.0
1654094460000.0,272573,1654094460000.0,0.0,-0.004343040000000001,1608.627239529746,1608.9192744719971,20.8,1.044,61.6,1.0382591730154056,long_ientry_partial,63.95676505774899,0.039758598814008415,1.0
1654097700000.0,272627,1654097700000.0,0.0,-0.012868824000000001,1608.614370705746,1607.2662856479972,63.6,1.0117,125.2,1.0247674525379313,long_rentry,128.300885057749,0.07975863413520275,54.0
1654099800000.0,272662,1654099800000.0,0.0,-0.0128726,1608.601498105746,1603.665013047997,65.0,0.9902,190.2,1.012954180114348,long_rentry,192.66388505774898,0.11977104664183501,35.0
1654110180000.0,272835,1654110180000.0,0.0,-0.019140232,1608.582357873746,1598.3317128159972,98.6,0.9706,288.8,0.9984939233301557,long_rentry,288.365045057749,0.1792665719888382,173.0
1654115520000.0,272924,1654115520000.0,0.0,-0.028303212000000005,1608.554054661746,1592.711349603997,149.8,0.9447,438.6,0.9801210785630392,long_rentry,429.88110505774904,0.2672469127238291,89.0
1654123440000.0,273056,1654123440000.0,1.1518983140836665,-0.028889119999999997,1609.6770638558296,1612.2732604839969,-146.2,0.988,292.4,0.9801210785630392,long_nclose,286.58740337183264,0.17804030995219597,132.0
1654124880000.0,273080,1654124880000.0,0.7674069479599804,-0.01924624,1610.4252245637895,1612.5466142439968,-97.4,0.988,195.0,0.9801210785630392,long_nclose,191.12361031979265,0.11867897211530679,24.0
1654128780000.0,273145,1654128780000.0,0.0,-0.018992646,1610.4062319177895,1602.653391597997,101.1,0.9393,296.1,0.966183182437665,long_rentry,286.0868403197926,0.17764886564000654,65.0
1654132860000.0,273213,1654132860000.0,0.7715198934024633,-0.01922676,1611.1585250511919,1613.2937648379968,-98.7,0.974,197.4,0.966183182437665,long_nclose,190.72456021319508,0.1183772777462324,68.0
1654132860000.0,273213,1654132860000.0,1.6302098934024674,-0.019398498,1612.7693364465943,1613.8369563399967,-98.7,0.9827,98.7,0.966183182437665,long_nclose,95.36228010659754,0.05912952209068454,0.0
1654139640000.0,273326,1654139640000.0,0.0,-0.012901375999999999,1612.7564350705943,1609.1647749639967,68.8,0.9376,167.5,0.9544427469050599,long_rentry,159.86916010659755,0.09912790092175307,113.0
1654142400000.0,273372,1654142400000.0,0.0,-0.01596353,1612.7404715405944,1607.356061433997,86.9,0.9185,254.4,0.9421651340668142,long_rentry,239.68681010659753,0.1486208192429332,46.0
1654154760000.0,273578,1654154760000.0,0.6474366311341508,-0.016108608,1613.3717995637285,1614.7005928259969,-84.8,0.9498,169.6,0.9421651340668142,long_nclose,159.7912067377317,0.09904177498388209,206.0
1654154940000.0,273581,1654154940000.0,0.4313699252249944,-0.010732740000000001,1613.7924367489534,1614.7916600859967,-56.5,0.9498,113.1,0.9421651340668142,long_nclose,106.55887666295668,0.06603010042457728,3.0
1654155420000.0,273589,1654155420000.0,0.2878344456811025,-0.007161492,1614.0731097026344,1614.5130585939967,-37.7,0.9498,75.4,0.9421651340668142,long_nclose,71.0392511086378,0.044012412251713665,8.0
1654155480000.0,273590,1654155480000.0,0.19163513492296214,-0.004767996,1614.2599768415573,1614.5534705979965,-25.1,0.9498,50.3,0.9421651340668142,long_nclose,47.39090624356076,0.02935766662336835,1.0
1654157520000.0,273624,1654157520000.0,0.12750226108420187,-0.003172332,1614.3843067706414,1614.6811582659964,-16.7,0.9498,33.6,0.9421651340668142,long_nclose,31.65674850464496,0.019609177549532817,34.0
1654157880000.0,273630,1654157880000.0,0.2693857476775217,-0.0032195520000000005,1614.6504729663188,1614.8828987139964,-16.8,0.9582,16.8,0.9421651340668142,long_nclose,15.82837425232248,0.009802972542561324,6.0
1654157940000.0,273631,1654157940000.0,0.13469287383876086,-0.0016097760000000003,1614.7835560641577,1614.9249689379965,-8.4,0.9582,8.4,0.9421651340668142,long_nclose,7.91418712616124,0.004901082313131258,1.0
1654158060000.0,273633,1654158060000.0,0.06734643691938043,-0.0008048880000000001,1614.8500976130772,1614.9166040499965,-4.2,0.9582,4.2,0.9421651340668142,long_nclose,3.95709356308062,0.0024504401795124088,2.0
1654159620000.0,273659,1654159620000.0,0.010688812306460037,-0.00026594399999999995,1614.8605204813837,1614.8796581059967,-1.4,0.9498,2.8,0.9421651340668142,long_nclose,2.6380623753870798,0.001633616242349329,26.0
1654159680000.0,273660,1654159680000.0,0.006871379339867168,-0.000170964,1614.8672208967234,1614.8821071419966,-0.9,0.9498,1.9,0.9421651340668142,long_nclose,1.790113754726947,0.0011085207078095935,1.0
1654160520000.0,273674,1654160520000.0,0.014431379339867234,-0.00017247600000000002,1614.8814798000633,1614.8953146659965,-0.9,0.9582,1.0,0.9421651340668142,long_nclose,0.9421651340668142,0.00058342679995529,14.0
1654160880000.0,273680,1654160880000.0,0.0022904597799557223,-5.6988e-05,1614.8837132718431,1614.8891976779964,-0.3,0.9498,0.7,0.9421651340668142,long_nclose,0.6595155938467699,0.0004083981951310631,6.0
1654162080000.0,273700,1654162080000.0,0.0048104597799557445,-5.7492000000000005e-05,1614.888466239623,1614.8944001859963,-0.3,0.9582,0.4,0.9421651340668142,long_nclose,0.3768660536267257,0.00023336971035794427,20.0
1654162200000.0,273702,1654162200000.0,0.0032069731866371633,-3.832800000000001e-05,1614.8916348848097,1614.8950018579962,-0.2,0.9582,0.2,0.9421651340668142,long_nclose,0.18843302681336285,0.00011668462622682653,2.0
1654166460000.0,273773,1654166460000.0,0.0007634865933185742,-1.8996000000000002e-05,1614.892379375403,1614.8930628619962,-0.1,0.9498,0.1,0.9421651340668142,long_nclose,0.09421651340668143,5.834228621669628e-05,71.0
1654166580000.0,273775,1654166580000.0,0.0007634865933185742,-1.8996000000000002e-05,1614.8931238659961,1614.8931238659961,-0.1,0.9498,0.0,0.9421651340668142,long_nclose,0.0,0.0,2.0
1654250640000.0,275176,1654250640000.0,0.0,-0.012926444000000002,1614.8801974219962,1614.7899774219961,69.4,0.9313,69.4,0.9313,long_ientry_normal,64.63222,0.04002291941109888,1401.0
1654254900000.0,275247,1654254900000.0,0.0,-0.012921376000000002,1614.8672760459963,1613.1523760459963,71.2,0.9074,140.6,0.919197012802276,long_rentry,129.23909999999998,0.08003078761769326,71.0
1654256160000.0,275268,1654256160000.0,0.34645980085348466,-0.008672976,1615.2050628708496,1616.312183069996,-46.8,0.9266,93.8,0.919197012802276,long_nclose,86.22067980085347,0.05338063988457644,21.0
1654259400000.0,275322,1654259400000.0,0.23097320056898976,-0.005781984,1615.4302540874187,1616.0439210859963,-31.2,0.9266,62.6,0.919197012802276,long_nclose,57.54173300142248,0.03562006645339739,54.0
1654259520000.0,275324,1654259520000.0,0.15398213371265987,-0.003854656,1615.5803815651313,1615.9483464299963,-20.8,0.9266,41.8,0.919197012802276,long_nclose,38.42243513513513,0.023782434828722356,2.0
1654260360000.0,275338,1654260360000.0,0.10290152204836404,-0.002575948,1615.6807071391797,1615.9263104819963,-13.9,0.9266,27.9,0.919197012802276,long_nclose,25.645596657183496,0.015872936121514452,14.0
1654261020000.0,275349,1654261020000.0,0.0,-0.00781956,1615.6728875791798,1615.6199909219963,42.8,0.9135,70.7,0.9157481846843493,long_ientry_partial,64.7433966571835,0.040072094515487496,11.0
1654263060000.0,275383,1654263060000.0,0.17276765991779303,-0.00433857,1615.8413166690975,1616.2780023519963,-23.5,0.9231,47.2,0.9157481846843493,long_nclose,43.22331431710129,0.026749727136698067,34.0
1654264380000.0,275405,1654264380000.0,0.3693828414493575,-0.004396208,1616.206303302547,1616.5898461439963,-23.6,0.9314,23.6,0.9157481846843493,long_nclose,21.611657158550646,0.013371843133138082,22.0
1654264560000.0,275408,1654264560000.0,0.18469142072467876,-0.002198104,1616.3887966192717,1616.5805680399965,-11.8,0.9314,11.8,0.9157481846843493,long_nclose,10.805828579275323,0.006685166713525889,3.0
1654265160000.0,275418,1654265160000.0,0.09234571036233938,-0.001099052,1616.4800432776342,1616.5818289879965,-5.9,0.9314,5.9,0.9157481846843493,long_nclose,5.402914289637661,0.003342394675459472,10.0
1654265880000.0,275430,1654265880000.0,0.04539026441538715,-0.000540212,1616.5248933300495,1616.5736487759964,-2.9,0.9314,3.0,0.9157481846843493,long_nclose,2.7472445540530477,0.001699475563530426,12.0
1654266120000.0,275434,1654266120000.0,0.02347772297347611,-0.00027942,1616.548091633023,1616.5724693559964,-1.5,0.9314,1.5,0.9157481846843493,long_nclose,1.3736222770265238,0.0008497255875876247,4.0
1654266780000.0,275445,1654266780000.0,0.010956270720955518,-0.00013039600000000002,1616.558917507744,1616.5719189599963,-0.7,0.9314,0.8,0.9157481846843493,long_nclose,0.7325985477474795,0.00045318394511530076,11.0
1654267320000.0,275454,1654267320000.0,0.0014703630631301536,-3.6924e-05,1616.5603509468071,1616.5647020359966,-0.2,0.9231,0.6,0.9157481846843493,long_nclose,0.5494489108106095,0.00033988765745046357,9.0
1654267440000.0,275456,1654267440000.0,0.0014703630631301536,-3.6924e-05,1616.5617843858704,1616.5650851119967,-0.2,0.9231,0.4,0.9157481846843493,long_nclose,0.36629927387373973,0.0002265915707099907,2.0
1654267560000.0,275458,1654267560000.0,0.0007351815315650768,-1.8462e-05,1616.562501105402,1616.5652766499966,-0.1,0.9231,0.3,0.9157481846843493,long_nclose,0.27472445540530477,0.00016994360268622388,2.0
1654267860000.0,275463,1654267860000.0,0.0015651815315650742,-1.8628000000000002e-05,1616.5640476589335,1616.5674980219967,-0.1,0.9314,0.2,0.9157481846843493,long_nclose,0.18314963693686986,0.00011329562673505108,5.0
1654268040000.0,275466,1654268040000.0,0.0015651815315650742,-1.8628000000000002e-05,1616.5655942124652,1616.5671193939968,-0.1,0.9314,0.1,0.9157481846843493,long_nclose,0.09157481846843493,5.664775917308015e-05,3.0
1654268280000.0,275470,1654268280000.0,0.0015651815315650742,-1.8628000000000002e-05,1616.5671407659968,1616.5671407659968,-0.1,0.9314,0.0,0.9157481846843493,long_nclose,0.0,0.0,4.0
1654311060000.0,276183,1654311060000.0,0.0,-0.012923774,1616.5542169919968,1616.3381469919968,69.7,0.9271,69.7,0.9271,long_ientry_normal,64.61887,0.03997321544849857,713.0
1654315320000.0,276254,1654315320000.0,0.17399999999999885,-0.004336544,1616.7238804479969,1617.1377304479968,-23.2,0.9346,46.5,0.9271,long_nclose,43.110150000000004,0.026665128486909037,71.0
1654315440000.0,276256,1654315440000.0,0.3665599999999983,-0.004375056,1617.0860653919967,1617.4798353919966,-23.2,0.9429,23.3,0.9271,long_nclose,21.60143,0.013358243857455794,2.0
1654315500000.0,276257,1654315500000.0,0.56386,-0.004433058000000001,1617.6454923339968,1617.6454923339968,-23.3,0.9513,0.0,0.9271,long_nclose,0.0,0.0,1.0
1654533540000.0,279891,1654533540000.0,0.0,-0.012948336000000001,1617.632543997997,1617.561263997997,64.8,0.9991,64.8,0.9991,long_ientry_normal,64.74168,0.04002248856838044,3634.0
1654538580000.0,279975,1654538580000.0,0.17280000000000256,-0.004350672000000001,1617.8009933259968,1618.2286733259969,-21.6,1.0071,43.2,0.9991,long_nclose,43.161120000000004,0.026678880887114634,84.0
1654540440000.0,280006,1654540440000.0,0.1152000000000017,-0.0029004480000000008,1617.9132928779968,1618.1696128779968,-14.4,1.0071,28.8,0.9991,long_nclose,28.77408,0.017784686068569058,31.0
1654540920000.0,280014,1654540920000.0,0.07680000000000113,-0.0019336320000000002,1617.988159245997,1618.178239245997,-9.6,1.0071,19.2,0.9991,long_nclose,19.18272,0.011855908765697884,8.0
1654541160000.0,280018,1654541160000.0,0.16320000000000015,-0.001950912,1618.149408333997,1618.321248333997,-9.6,1.0161,9.6,0.9991,long_nclose,9.59136,0.005927363660364964,4.0
1654543800000.0,280062,1654543800000.0,0.02560000000000038,-0.0006445440000000001,1618.174363789997,1618.2313237899968,-3.2,1.0071,6.4,0.9991,long_nclose,6.39424,0.003951514832445974,44.0
1654544460000.0,280073,1654544460000.0,0.01680000000000025,-0.00042298200000000013,1618.1907408079971,1618.2333108079972,-2.1,1.0071,4.3,0.9991,long_nclose,4.29613,0.0026548971586964156,11.0
1654546740000.0,280111,1654546740000.0,0.011200000000000165,-0.000281988,1618.201658819997,1618.230368819997,-1.4,1.0071,2.9,0.9991,long_nclose,2.8973899999999997,0.0017904999566696743,38.0
1654549380000.0,280155,1654549380000.0,0.0072000000000001065,-0.00018127800000000005,1618.208677541997,1618.228477541997,-0.9,1.0071,2.0,0.9991,long_nclose,1.9982,0.0012348222004563692,44.0
1654552020000.0,280199,1654552020000.0,0.017000000000000015,-0.00020322000000000002,1618.2254743219971,1618.2453743219971,-1.0,1.0161,1.0,0.9991,long_nclose,0.9991,0.0006174046916537401,44.0
1654552380000.0,280205,1654552380000.0,0.025999999999999912,-0.00020501999999999999,1618.2512693019971,1618.2512693019971,-1.0,1.0251,0.0,0.9991,long_nclose,0.0,0.0,6.0
1654561500000.0,280357,1654561500000.0,0.0,-0.012954432,1618.238314869997,1618.0159548699971,65.4,0.9904,65.4,0.9904,long_ientry_normal,64.77216,0.040026341858803126,152.0
1654562100000.0,280367,1654562100000.0,0.0,-0.0129503,1618.225364569997,1617.0942045699971,67.1,0.965,132.5,0.9775370566037735,long_rentry,129.52366,0.08004055728938453,10.0
1654565580000.0,280425,1654565580000.0,0.0,-0.012977430000000002,1618.212387139997,1614.740377139997,68.7,0.9445,201.2,0.9662565109343938,long_rentry,194.41081000000003,0.12013924225583184,58.0
1654589520000.0,280824,1654589520000.0,0.518813767395614,-0.0130516,1618.7181493073927,1619.891525539997,-67.0,0.974,134.2,0.9662565109343938,long_nclose,129.67162376739563,0.08010759860997342,399.0
1654589880000.0,280830,1654589880000.0,1.1033581163021773,-0.013187833999999999,1619.8083195896947,1620.931807705997,-67.1,0.9827,67.1,0.9662565109343938,long_nclose,64.83581188369782,0.04002684212667894,6.0
1654590180000.0,280835,1654590180000.0,0.5508568836978084,-0.006584090000000001,1620.3525923833927,1620.747173615997,-33.5,0.9827,33.6,0.9662565109343938,long_nclose,32.46621876739563,0.020036514842513842,5.0
1654590180000.0,280835,1654590180000.0,0.8448212326043667,-0.006662208,1621.190751407997,1621.190751407997,-33.6,0.9914,0.0,0.9662565109343938,long_nclose,0.0,0.0,0.0
1654642080000.0,281700,1654642080000.0,0.0,-0.012970056,1621.1777813519968,1620.935501351997,67.3,0.9636,67.3,0.9636,long_ientry_normal,64.85028,0.04000195459495965,865.0
1654642500000.0,281707,1654642500000.0,0.17472000000000065,-0.0043518720000000006,1621.348149479997,1621.411009479997,-22.4,0.9714,44.9,0.9636,long_nclose,43.26564,0.02668497818551572,7.0
1654642560000.0,281708,1654642560000.0,0.0,-0.004315136,1621.3438343439968,1621.3797143439967,22.4,0.9632,67.3,0.9634668647845467,long_ientry_partial,64.84132,0.039992331439207086,1.0
1654642800000.0,281712,1654642800000.0,0.1732222288261532,-0.0043509759999999995,1621.512705596823,1621.8060433679968,-22.4,0.9712,44.9,0.9634668647845467,long_nclose,43.259662228826144,0.026678583571692553,4.0
1654642860000.0,281713,1654642860000.0,0.0,-0.0043335000000000005,1621.508372096823,1621.083009867997,22.5,0.963,67.4,0.9633110122971238,long_ientry_partial,64.92716222882615,0.040041213074260486,1.0
1654643160000.0,281718,1654643160000.0,0.1744733245444262,-0.004350528,1621.6784948933673,1621.8894993399967,-22.4,0.9711,45.0,0.9633110122971238,long_nclose,43.34899555337057,0.02673094308759454,5.0
1654643280000.0,281720,1654643280000.0,0.11683481554314257,-0.0029133,1621.7924164089104,1622.0530860399967,-15.0,0.9711,30.0,0.9633110122971238,long_nclose,28.899330368913713,0.01781937692920324,2.0
1654643820000.0,281729,1654643820000.0,0.0,-0.007199500000000001,1621.7852169089103,1621.7271865399966,37.4,0.9625,67.4,0.9628609847019838,long_ientry_partial,64.89683036891371,0.040015675129044366,9.0
1654643940000.0,281731,1654643940000.0,0.17335394267556373,-0.0043482880000000005,1621.9542225635857,1622.0504782519965,-22.4,0.9706,45.0,0.9628609847019838,long_nclose,43.32874431158927,0.026713913197319382,2.0
1654644240000.0,281736,1654644240000.0,0.11608522947024358,-0.0029118000000000004,1622.067395993056,1622.5215664519965,-15.0,0.9706,30.0,0.9628609847019838,long_nclose,28.885829541059515,0.017808032892107507,5.0
1654644660000.0,281743,1654644660000.0,0.07739015298016239,-0.0019412,1622.1428449460361,1622.3256252519964,-10.0,0.9706,20.0,0.9628609847019838,long_nclose,19.257219694039676,0.011871469737722332,7.0
1654644960000.0,281748,1654644960000.0,0.05107750096690717,-0.001281192,1622.1926412550029,1622.3687040599962,-6.6,0.9706,13.4,0.9628609847019838,long_nclose,12.902337195006583,0.007953640564553876,5.0
1654645200000.0,281752,1654645200000.0,0.11014140249670833,-0.001312262,1622.3014703954996,1622.4230017979962,-6.7,0.9793,6.7,0.9628609847019838,long_nclose,6.451168597503291,0.0039765535045287025,4.0
1654645560000.0,281758,1654645560000.0,0.05424875048345335,-0.0006463379999999999,1622.355072807983,1622.4235454599964,-3.3,0.9793,3.4,0.9628609847019838,long_nclose,3.273727347986745,0.002017885851782468,6.0
1654646520000.0,281774,1654646520000.0,0.008512916827817863,-0.00021353200000000003,1622.3633721928109,1622.3843919279964,-1.1,0.9706,2.3,0.9628609847019838,long_nclose,2.2145802648145625,0.0013650334461269933,16.0
1654647000000.0,281782,1654647000000.0,0.0054173107086113665,-0.00013588400000000002,1622.3686536195196,1622.3832760439964,-0.7,0.9706,1.6,0.9628609847019838,long_nclose,1.540577575523174,0.0009495853929907554,8.0
1654647360000.0,281788,1654647360000.0,0.013151212238412936,-0.00015668800000000001,1622.381648143758,1622.3937593559963,-0.8,0.9793,0.8,0.9628609847019838,long_nclose,0.770288787761587,0.00047478889362617617,6.0
1654647720000.0,281794,1654647720000.0,0.006575606119206468,-7.834400000000001e-05,1622.3881454058771,1622.3954010119965,-0.4,0.9793,0.4,0.9628609847019838,long_nclose,0.3851443938807935,0.00023739349610720986,6.0
1654649640000.0,281826,1654649640000.0,0.003287803059603234,-3.9172000000000004e-05,1622.3913940369366,1622.3944218399963,-0.2,0.9793,0.2,0.9628609847019838,long_nclose,0.19257219694039676,0.00011869651037856313,32.0
1654650420000.0,281839,1654650420000.0,0.0,-0.012938104000000002,1622.3784559329365,1622.188563735996,67.4,0.9598,67.6,0.9598090561677576,long_ientry_partial,64.88309219694041,0.03999257507375483,13.0
1654651860000.0,281863,1654651860000.0,0.17304623622545506,-0.00435375,1622.5471484191619,1622.916559985996,-22.5,0.9675,45.1,0.9598090561677576,long_nclose,43.287388433165866,0.026678662913025678,24.0
1654652640000.0,281876,1654652640000.0,0.3687962362254535,-0.0043929,1622.9115517553873,1623.322667085996,-22.5,0.9762,22.6,0.9598090561677576,long_nclose,21.69168466939132,0.013365906876396915,13.0
1654653240000.0,281886,1654653240000.0,0.18521766530433886,-0.002206212,1623.0945632086919,1623.3340208739962,-11.3,0.9762,11.3,0.9598090561677576,long_nclose,10.84584233469566,0.006682199904147631,10.0
1654653720000.0,281894,1654653720000.0,0.28239766530433946,-0.0022256480000000006,1623.3747352259963,1623.3747352259963,-11.3,0.9848,0.0,0.9598090561677576,long_nclose,0.0,0.0,8.0
1654658700000.0,281977,1654658700000.0,0.0,-0.012979840000000003,1623.3617553859963,1623.2665553859963,68.0,0.9544,68.0,0.9544,long_ientry_normal,64.89920000000001,0.039978273348301556,83.0
1654663620000.0,282059,1654663620000.0,0.1740199999999984,-0.004348692,1623.5314266939963,1623.7856666939963,-22.6,0.9621,45.4,0.9544,long_nclose,43.32976,0.02668858716719304,82.0
1654663740000.0,282061,1654663740000.0,0.11626999999999893,-0.002905542,1623.6447911519963,1623.9053711519962,-15.1,0.9621,30.3,0.9544,long_nclose,28.91832,0.017810742939335943,2.0
1654664880000.0,282080,1654664880000.0,0.07776999999999928,-0.001943442,1623.7206177099963,1623.8539377099962,-10.1,0.9621,20.2,0.9544,long_nclose,19.27888,0.01187327412716471,19.0
1654666740000.0,282111,1654666740000.0,0.051589999999999525,-0.0012892140000000001,1623.7709184959963,1623.9545184959964,-6.7,0.9621,13.5,0.9544,long_nclose,12.884400000000001,0.007934863134471004,31.0
1654666860000.0,282113,1654666860000.0,0.10920999999999988,-0.0013007380000000003,1623.8788277579963,1623.9985077579963,-6.7,0.9707,6.8,0.9544,long_nclose,6.48992,0.003996554354341998,2.0
1654668060000.0,282133,1654668060000.0,0.016939999999999844,-0.00042332400000000004,1623.8953444339963,1623.9349044339963,-2.2,0.9621,4.6,0.9544,long_nclose,4.3902399999999995,0.002703523977113318,20.0
1654671540000.0,282191,1654671540000.0,0.011549999999999894,-0.00028863,1623.9066058039964,1623.9332658039964,-1.5,0.9621,3.1,0.9544,long_nclose,2.9586400000000004,0.0018219274368523042,58.0
1654674300000.0,282237,1654674300000.0,0.007699999999999929,-0.00019242,1623.9141133839964,1623.9321733839965,-1.0,0.9621,2.1,0.9544,long_nclose,2.0042400000000002,0.0012342032029166007,46.0
1654675020000.0,282249,1654675020000.0,0.00538999999999995,-0.00013469399999999998,1623.9193686899964,1623.9328086899964,-0.7,0.9621,1.4,0.9544,long_nclose,1.33616,0.00082279947253654,12.0
1654675560000.0,282258,1654675560000.0,0.0030799999999999716,-7.696800000000001e-05,1623.9223717219963,1623.9309717219962,-0.4,0.9621,1.0,0.9544,long_nclose,0.9544,0.0005877128221270582,9.0
1654676640000.0,282276,1654676640000.0,0.0023099999999999787,-5.7726e-05,1623.9246239959964,1623.9306439959964,-0.3,0.9621,0.7,0.9544,long_nclose,0.66808,0.0004113984049062902,18.0
1654676880000.0,282280,1654676880000.0,0.0015399999999999858,-3.8484000000000006e-05,1623.9261255119964,1623.9304255119964,-0.2,0.9621,0.5,0.9544,long_nclose,0.4772,0.00029385573179909705,4.0
1654677000000.0,282282,1654677000000.0,0.0007699999999999929,-1.9242000000000003e-05,1623.9268762699965,1623.9303162699964,-0.1,0.9621,0.4,0.9544,long_nclose,0.38176000000000004,0.00023508447675727,2.0
1654677660000.0,282293,1654677660000.0,0.0007699999999999929,-1.9242000000000003e-05,1623.9276270279966,1623.9311070279966,-0.1,0.9621,0.3,0.9544,long_nclose,0.28632,0.00017631327605652211,11.0
1654677840000.0,282296,1654677840000.0,0.0016299999999999982,-1.9414e-05,1623.9292376139965,1623.9325576139966,-0.1,0.9707,0.2,0.9544,long_nclose,0.19088000000000002,0.00011754206746129887,3.0
1654679280000.0,282320,1654679280000.0,0.0007699999999999929,-1.9242000000000003e-05,1623.9299883719966,1623.9308483719967,-0.1,0.9621,0.1,0.9544,long_nclose,0.09544000000000001,5.877100656025166e-05,24.0
1654680720000.0,282344,1654680720000.0,0.0007699999999999929,-1.9242000000000003e-05,1623.9307391299967,1623.9307391299967,-0.1,0.9621,0.0,0.9544,long_nclose,0.0,0.0,24.0
1654820280000.0,284670,1654820280000.0,0.0,-0.012993264000000003,1623.9177458659967,1624.2050258659967,68.4,0.9498,68.4,0.9498,long_ientry_normal,64.96632000000001,0.04000591788924322,2326.0
1654820340000.0,284671,1654820340000.0,0.1755600000000009,-0.0043662,1624.0889396659966,1624.4628596659966,-22.8,0.9575,45.6,0.9498,long_nclose,43.31088,0.026667800600198122,1.0
1654820700000.0,284677,1654820700000.0,0.36935999999999986,-0.00440496,1624.4538947059964,1624.9600547059963,-22.8,0.966,22.8,0.9498,long_nclose,21.65544,0.013330904663144861,6.0
1654821540000.0,284691,1654821540000.0,0.18467999999999993,-0.00220248,1624.6363722259964,1624.8552522259963,-11.4,0.966,11.4,0.9498,long_nclose,10.82772,0.006664703674684073,14.0
1654821900000.0,284697,1654821900000.0,0.2827200000000005,-0.002222088,1624.9168701379963,1624.9168701379963,-11.4,0.9746,0.0,0.9498,long_nclose,0.0,0.0,6.0
1654864320000.0,285404,1654864320000.0,0.0,-0.013005564000000002,1624.9038645739963,1624.2975445739962,68.9,0.9438,68.9,0.9438,long_ientry_normal,65.02782,0.04001948756337561,707.0
1654864380000.0,285405,1654864380000.0,0.0,-0.013003144000000001,1624.8908614299962,1623.8377214299962,70.7,0.9196,139.6,0.931543982808023,long_rentry,130.04354,0.08003216898244742,1.0
1654865340000.0,285421,1654865340000.0,0.3513547994269338,-0.008733630000000001,1625.233482599423,1626.0207377999961,-46.5,0.9391,93.1,0.931543982808023,long_nclose,86.72674479942694,0.05336263726287184,16.0
1654867620000.0,285459,1654867620000.0,0.0,-0.012997236000000002,1625.220485363423,1623.731460563996,71.8,0.9051,164.9,0.9200298653694781,long_rentry,151.71292479942693,0.09334913395796984,38.0
1654868700000.0,285477,1654868700000.0,0.4046203912156545,-0.010182852000000001,1625.6149229026387,1626.601637711996,-54.9,0.9274,110.0,0.9200298653694781,long_nclose,101.20328519064259,0.062255386417059765,18.0
1654871760000.0,285528,1654871760000.0,0.26974692747710305,-0.006788568000000001,1625.8778812621158,1626.3160891439961,-36.6,0.9274,73.4,0.9200298653694781,long_nclose,67.5301921181197,0.041534602872940384,51.0
1654872000000.0,285532,1654872000000.0,0.17983128498473533,-0.004525712,1626.0531868351004,1626.492723431996,-24.4,0.9274,49.0,0.9200298653694781,long_nclose,45.08146340310442,0.02772447037286006,4.0
1654872120000.0,285534,1654872120000.0,0.0,-0.003939648,1626.0492471871005,1626.297043783996,21.3,0.9248,70.3,0.9214751550939464,long_ientry_partial,64.77970340310443,0.039838709384212516,2.0
1654872300000.0,285537,1654872300000.0,0.17374137080165308,-0.004347251999999999,1626.2186413059023,1626.5246565319962,-23.4,0.9289,46.9,0.9214751550939464,long_nclose,43.217184773906084,0.02657526096195859,3.0
1654872600000.0,285542,1654872600000.0,0.1158275805344354,-0.002898168,1626.3315707184368,1626.5983983639962,-15.6,0.9289,31.3,0.9214751550939464,long_nclose,28.842172354440525,0.0177344969954063,5.0
1654872960000.0,285548,1654872960000.0,0.0,-0.0072217700000000015,1626.3243489484369,1626.0709265939963,39.1,0.9235,70.4,0.9225997493528484,long_ientry_partial,64.95102235444052,0.039937311641701195,6.0
1654878480000.0,285640,1654878480000.0,0.0,-0.013016072000000004,1626.3113328764368,1622.9435505219963,72.4,0.8989,142.8,0.9105839100451018,long_rentry,130.03138235444055,0.07995479077456569,92.0
1654894320000.0,285904,1654894320000.0,0.34824588185315897,-0.008738408000000001,1626.65084035029,1627.6424521139963,-47.6,0.9179,95.2,0.9105839100451018,long_nclose,86.68758823629369,0.05329206863940513,264.0
1654894320000.0,285904,1654894320000.0,0.7385658818531583,-0.008816472,1627.3805897601433,1627.8763956419964,-47.6,0.9261,47.6,0.9105839100451018,long_nclose,43.343794118146846,0.026634085714722217,0.0
1654903440000.0,286056,1654903440000.0,0.0,-0.004608216,1627.3759815441433,1625.6260074259965,26.1,0.8828,73.7,0.9007445606261444,long_ientry_partial,66.38487411814684,0.04079258565384334,152.0
1654903440000.0,286056,1654903440000.0,0.0,-0.013022100000000002,1627.3629594441434,1625.5758853259965,74.2,0.8775,147.9,0.8890829893045764,long_rentry,131.49537411814686,0.08080273263873573,0.0
1654906140000.0,286101,1654906140000.0,0.3557986272843823,-0.008837518,1627.7099205534278,1628.4905378079966,-49.3,0.8963,98.6,0.8890829893045764,long_nclose,87.66358274543123,0.053857005869710046,45.0
1654906620000.0,286109,1654906620000.0,0.23671795080989327,-0.005879728,1627.9407587762375,1628.5274980799963,-32.8,0.8963,65.8,0.8890829893045764,long_nclose,58.501660696241125,0.035935988690533334,8.0
1654906740000.0,286111,1654906740000.0,0.5006396518794358,-0.005950294,1628.435448134117,1628.9920177859965,-32.9,0.9043,32.9,0.8890829893045764,long_nclose,29.250830348120562,0.017962535992222813,2.0
1654907460000.0,286123,1654907460000.0,0.763839651879436,-0.006002934,1629.1932848519964,1629.1932848519964,-32.9,0.9123,0.0,0.8890829893045764,long_nclose,0.0,0.0,12.0
1654936680000.0,286610,1654936680000.0,0.0,-0.013038916000000001,1629.1802459359965,1629.6827659359965,73.9,0.8822,73.9,0.8822,long_ientry_normal,65.19458,0.04001679995975179,487.0
1654936800000.0,286612,1654936800000.0,0.1746599999999999,-0.004375356,1629.3505305799963,1629.7350705799963,-24.6,0.8893,49.3,0.8822,long_nclose,43.492459999999994,0.026693126607027943,2.0
1654936980000.0,286615,1654936980000.0,0.0,-0.004339440000000001,1629.3461911399963,1629.3363311399964,24.6,0.882,73.9,0.8821334235453315,long_ientry_partial,65.18966,0.04000970472357939,3.0
1654940160000.0,286668,1654940160000.0,0.17383778078484413,-0.004374864,1629.5156540567812,1629.9034762759964,-24.6,0.8892,49.3,0.8821334235453315,long_nclose,43.48917778078484,0.026688407486307856,53.0
1654940880000.0,286680,1654940880000.0,0.11589185385656274,-0.002916576,1629.6286293346377,1629.8874396999963,-16.4,0.8892,32.9,0.8821334235453315,long_nclose,29.022189634641407,0.0178090818436903,12.0
1654941540000.0,286691,1654941540000.0,0.0,-0.00726831,1629.6213610246377,1629.3576213899964,41.5,0.8757,74.4,0.8785448875623845,long_ientry_partial,65.3637396346414,0.040109771016712384,11.0
1654945260000.0,286753,1654945260000.0,0.0,-0.01304544,1629.6083155846377,1627.7803759499964,76.2,0.856,150.6,0.867137713377433,long_rentry,130.5909396346414,0.08013639743105425,62.0
1654951620000.0,286859,1654951620000.0,0.0,-0.013086435999999998,1629.5952291486376,1624.5366095139962,78.1,0.8378,228.7,0.8571190189533948,long_rentry,196.02311963464138,0.1202894535577717,106.0
1654952640000.0,286876,1654952640000.0,0.0,-0.019478864,1629.5757502846377,1621.2916106499963,118.6,0.8212,347.3,0.8448529790804532,long_rentry,293.4174396346414,0.18005756380664736,17.0
1654960980000.0,287015,1654960980000.0,0.0,-0.028787184000000004,1629.5469631006376,1613.5862034659963,180.1,0.7992,527.4,0.8292631013171055,long_rentry,437.3533596346414,0.2683895398770605,139.0
1654972680000.0,287210,1654972680000.0,1.184346788452855,-0.029393760000000005,1630.7019161290905,1633.4222097059962,-175.8,0.836,351.6,0.8292631013171055,long_nclose,291.5689064230943,0.1787996344023508,195.0
1654973520000.0,287224,1654973520000.0,0.7895645256352366,-0.01959584,1631.4718848147259,1633.2854138659964,-117.2,0.836,234.4,0.8292631013171055,long_nclose,194.37927094872953,0.11914350026988282,14.0
1654974480000.0,287240,1654974480000.0,0.5261517871340612,-0.013058319999999998,1631.9849782818599,1633.6631555459962,-78.1,0.836,156.3,0.8292631013171055,long_nclose,129.61382273586358,0.07942096554854318,16.0
1654975260000.0,287253,1654975260000.0,0.350992421378804,-0.00871112,1632.3272595832386,1633.0292444259962,-52.1,0.836,104.2,0.8292631013171055,long_nclose,86.40921515724239,0.05293620788965085,13.0
1654990920000.0,287514,1654990920000.0,0.0,-0.013053960000000002,1632.3142056232386,1629.1655904659963,81.0,0.8058,185.2,0.8190011617561684,long_rentry,151.6790151572424,0.09292268279888515,261.0
1654991880000.0,287530,1654991880000.0,0.0,-0.01515264,1632.2990529832387,1626.7236378259963,96.0,0.7892,281.2,0.8088272231765378,long_rentry,227.4422151572424,0.13933856957250706,16.0
1654996980000.0,287615,1654996980000.0,0.0,-0.022505688000000003,1632.2765472952387,1622.8038921379964,145.8,0.7718,427.0,0.7961842041153218,long_rentry,339.9706551572424,0.20828005874408367,85.0
1655000820000.0,287679,1655000820000.0,0.0,-0.03314800800000001,1632.2433992872388,1611.5359041299964,221.4,0.7486,648.4,0.7799362972813733,long_rentry,505.7106951572424,0.30982554156939707,64.0
1655020620000.0,288009,1655020620000.0,1.353586157495241,-0.033979564000000004,1633.5630058807342,1636.6166445659965,-216.1,0.7862,432.3,0.7799362972813733,long_nclose,337.16646131473766,0.20639942267360215,330.0
1655020800000.0,288012,1655020800000.0,2.88789615749524,-0.034286426,1636.4166156122294,1639.2409881399965,-216.1,0.7933,216.2,0.7799362972813733,long_nclose,168.62222747223288,0.10304358062824152,3.0
1655020920000.0,288014,1655020920000.0,1.4446162638835511,-0.017151146,1637.8440807301129,1638.8238669939965,-108.1,0.7933,108.1,0.7799362972813733,long_nclose,84.31111373611644,0.051476886431419344,2.0
1655021280000.0,288020,1655021280000.0,0.22549329787056305,-0.005660640000000001,1638.0639133879833,1638.5011063539964,-36.0,0.7862,72.1,0.7799362972813733,long_nclose,56.23340703398701,0.034329189828546,6.0
1655021400000.0,288022,1655021400000.0,0.15032886524704203,-0.00377376,1638.2104684932303,1638.5983325939962,-24.0,0.7862,48.1,0.7799362972813733,long_nclose,37.514935899234054,0.02289994882876008,2.0
1655021880000.0,288030,1655021880000.0,0.10021924349802802,-0.00251584,1638.3081718967285,1638.5028167539965,-16.0,0.7862,32.1,0.7799362972813733,long_nclose,25.03595514273208,0.015281590833882646,8.0
1655021940000.0,288031,1655021940000.0,0.06702161908930623,-0.0016824680000000001,1638.3735110478178,1638.5246742859965,-10.7,0.7862,21.4,0.7799362972813733,long_nclose,16.690636761821388,0.01018732093095605,1.0
1655022120000.0,288034,1655022120000.0,0.04447228930224993,-0.001116404,1638.4168669331202,1638.5321778819966,-7.1,0.7862,14.3,0.7799362972813733,long_nclose,11.153089051123638,0.006807235250208704,3.0
1655022240000.0,288036,1655022240000.0,0.029439402777545733,-0.0007390280000000001,1638.4455673078978,1638.5133788539965,-4.7,0.7862,9.6,0.7799362972813733,long_nclose,7.487388453901183,0.004569812145913144,2.0
1655022360000.0,288038,1655022360000.0,0.020043848699605606,-0.0005031680000000001,1638.4651079885973,1638.5231156859966,-3.2,0.7862,6.4,0.7799362972813733,long_nclose,4.99159230260079,0.003046505096912645,2.0
1655022420000.0,288039,1655022420000.0,0.04276384869960559,-0.0005077120000000001,1638.507364125297,1638.5459679739965,-3.2,0.7933,3.2,0.7799362972813733,long_nclose,2.495796151300395,0.001523213264673213,1.0
1655022600000.0,288042,1655022600000.0,0.021381924349802794,-0.00025385600000000006,1638.5284921936468,1638.5525941179967,-1.6,0.7933,1.6,0.7799362972813733,long_nclose,1.2478980756501974,0.0007615968117707389,3.0
1655023680000.0,288060,1655023680000.0,0.0031318513593133757,-7.862e-05,1638.531545425006,1638.5393154979965,-0.5,0.7862,1.1,0.7799362972813733,long_nclose,0.8579299270095107,0.0005235968324228868,18.0
1655023860000.0,288063,1655023860000.0,0.0018791108155880253,-4.7172e-05,1638.5333773638215,1638.5390283259965,-0.3,0.7862,0.8,0.7799362972813733,long_nclose,0.6239490378250987,0.0003807972705621342,3.0
1655024400000.0,288072,1655024400000.0,0.0012527405437253504,-3.144800000000001e-05,1638.5345986563652,1638.5394368779964,-0.2,0.7862,0.6,0.7799362972813733,long_nclose,0.4679617783688239,0.0002855977400492873,9.0
1655025120000.0,288084,1655025120000.0,0.004009110815588024,-4.7598e-05,1638.5385601691808,1638.5427792799962,-0.3,0.7933,0.3,0.7799362972813733,long_nclose,0.23398088918441196,0.0001427985247782348,12.0
1655025360000.0,288088,1655025360000.0,0.0006263702718626752,-1.5724000000000004e-05,1638.5391708154527,1638.5405835559964,-0.1,0.7862,0.2,0.7799362972813733,long_nclose,0.15598725945627467,9.519898104031557e-05,4.0
1655025900000.0,288097,1655025900000.0,0.0013363702718626747,-1.5866000000000004e-05,1638.5404913197247,1638.5418976899964,-0.1,0.7933,0.1,0.7799362972813733,long_nclose,0.07799362972813734,4.759945215959794e-05,9.0
1655029800000.0,288162,1655029800000.0,0.0006263702718626752,-1.5724000000000004e-05,1638.5411019659966,1638.5411019659966,-0.1,0.7862,0.0,0.7799362972813733,long_nclose,0.0,0.0,65.0
1655041980000.0,288365,1655041980000.0,0.0,-0.013115518000000001,1638.5279864479967,1638.6237964479967,87.1,0.7529,87.1,0.7529,long_ientry_normal,65.57759,0.04002225811361281,203.0
1655042520000.0,288374,1655042520000.0,0.17689999999999984,-0.0044022,1638.7004842479967,1639.1129942479968,-29.0,0.759,58.1,0.7529,long_nclose,43.74349,0.026694011761444,9.0
1655042760000.0,288378,1655042760000.0,0.11772999999999989,-0.00292974,1638.8152845079967,1639.0907645079967,-19.3,0.759,38.8,0.7529,long_nclose,29.212519999999998,0.017825389033255295,4.0
1655042940000.0,288381,1655042940000.0,0.07868999999999993,-0.00195822,1638.8920162879967,1639.1018062879969,-12.9,0.759,25.9,0.7529,long_nclose,19.50011,0.01189834949844146,3.0
1655043360000.0,288388,1655043360000.0,0.0,-0.009214616,1638.8828016719967,1638.7096116719968,61.3,0.7516,87.2,0.7519861238532111,long_ientry_partial,65.57319000000001,0.04001090860987857,7.0
1655043840000.0,288396,1655043840000.0,0.17730240825687904,-0.00439698,1639.0557071002538,1639.7549146919969,-29.0,0.7581,58.2,0.7519861238532111,long_nclose,43.765592408256886,0.02670171136872771,8.0
1655043900000.0,288397,1655043900000.0,0.3728837958715591,-0.0044511360000000005,1639.4241397601254,1639.802843555997,-29.1,0.7648,29.1,0.7519861238532111,long_nclose,21.882796204128443,0.013347855306882485,1.0
1655043900000.0,288397,1655043900000.0,0.5707637958715567,-0.004490712,1639.9904128439969,1639.9904128439969,-29.1,0.7716,0.0,0.7519861238532111,long_nclose,0.0,0.0,0.0
1655071740000.0,288861,1655071740000.0,0.0,-0.01312067,1639.9772921739968,1639.9344421739968,85.7,0.7655,85.7,0.7655,long_ientry_normal,65.60334999999999,0.04000259656829423,464.0
1655072520000.0,288874,1655072520000.0,0.1767000000000027,-0.004398690000000001,1640.1495934839968,1640.5785934839969,-28.5,0.7717,57.2,0.7655,long_nclose,43.7866,0.026696711186562406,13.0
1655074380000.0,288905,1655074380000.0,0.0,-0.004392576,1640.1452009079967,1639.7557209079966,28.8,0.7626,86.0,0.7645288372093022,long_ientry_partial,65.74947999999999,0.04008759710030586,31.0
1655077260000.0,288953,1655077260000.0,0.0,-0.013125138,1640.1320757699966,1638.4614057699966,88.1,0.7449,174.1,0.7545960367604825,long_rentry,131.37517,0.08010036017271535,48.0
1655081220000.0,289019,1655081220000.0,0.0,-0.013167545999999999,1640.1189082239966,1636.1824082239966,90.3,0.7291,264.4,0.7458884266263237,long_rentry,197.21289999999996,0.12024305006857827,66.0
1655082900000.0,289047,1655082900000.0,0.0,-0.019594332000000002,1640.0993138919966,1631.5857538919965,137.1,0.7146,401.5,0.7352043835616439,long_rentry,295.18456000000003,0.17997968629077693,28.0
1655089320000.0,289154,1655089320000.0,0.0,-0.028960620000000003,1640.0703532719967,1623.8241932719968,208.2,0.6955,609.7,0.7216461538461538,long_rentry,439.98766,0.2682736500432494,107.0
1655091600000.0,289192,1655091600000.0,1.1895015384615497,-0.0295656,1641.2302892104583,1642.5936276719967,-203.2,0.7275,406.5,0.7216461538461538,long_nclose,293.34916153846154,0.17873735542596045,38.0
1655091660000.0,289193,1655091660000.0,0.7931961538461614,-0.01971525,1642.0037701143044,1642.9126624219966,-135.5,0.7275,271.0,0.7216461538461538,long_nclose,195.5661076923077,0.11910210637256563,1.0
1655091720000.0,289194,1655091720000.0,0.5286023076923126,-0.013138650000000002,1642.5192337719968,1642.9445737719968,-90.3,0.7275,180.7,0.7216461538461538,long_nclose,130.40146,0.07939113120796576,1.0
1655091840000.0,289196,1655091840000.0,0.3524015384615418,-0.0087591,1642.8628762104584,1643.5080146719968,-60.2,0.7275,120.5,0.7216461538461538,long_nclose,86.95836153846153,0.0529309918664945,2.0
1655091900000.0,289197,1655091900000.0,0.234739230769233,-0.005834550000000001,1643.0917808912277,1643.683030121997,-40.1,0.7275,80.4,0.7216461538461538,long_nclose,58.020350769230774,0.03531169192372201,1.0
1655093340000.0,289221,1655093340000.0,0.15688307692307843,-0.0038994000000000003,1643.244764568151,1643.585330721997,-26.8,0.7275,53.6,0.7216461538461538,long_nclose,38.68023384615385,0.02353893630467103,24.0
1655093760000.0,289228,1655093760000.0,0.3310830769230771,-0.00393424,1643.571913405074,1643.902996481997,-26.8,0.734,26.8,0.7216461538461538,long_nclose,19.340116923076923,0.011767125469435038,7.0
1655093820000.0,289229,1655093820000.0,0.16554153846153855,-0.00196712,1643.7354878235355,1643.927829361997,-13.4,0.734,13.4,0.7216461538461538,long_nclose,9.670058461538462,0.0058829772388394146,1.0
1655094000000.0,289232,1655094000000.0,0.08277076923076927,-0.00098356,1643.8172750327665,1643.9201458019973,-6.7,0.734,6.7,0.7216461538461538,long_nclose,4.835029230769231,0.0029413422672984464,3.0
1655094420000.0,289239,1655094420000.0,0.12632076923076968,-0.0009922700000000002,1643.942603531997,1643.942603531997,-6.7,0.7405,0.0,0.7216461538461538,long_nclose,0.0,0.0,7.0
1655095920000.0,289264,1655095920000.0,0.0,-0.013150096,1643.9294534359972,1644.0393734359973,91.6,0.7178,91.6,0.7178,long_ientry_normal,65.75048,0.03999592553231169,25.0
1655099280000.0,289320,1655099280000.0,0.0,-0.013148720000000001,1643.9163047159973,1642.1566247159974,94.0,0.6994,185.6,0.7084810344827586,long_rentry,131.49408,0.07998830574450498,56.0
1655100240000.0,289336,1655100240000.0,0.0,-0.013183470000000001,1643.9031212459972,1639.0293912459972,96.3,0.6845,281.9,0.7002888612983327,long_rentry,197.41142999999997,0.12008702182545397,16.0
1655100960000.0,289348,1655100960000.0,0.5268859240865591,-0.013256802,1644.416750368084,1645.4904444439974,-93.9,0.7059,188.0,0.7002888612983327,long_nclose,131.65430592408654,0.08006139921319655,12.0
1655102340000.0,289371,1655102340000.0,0.3512572827243727,-0.008837868,1644.7591697828084,1645.6007465759974,-62.6,0.7059,125.4,0.7002888612983327,long_nclose,87.81622320681092,0.053391538907429904,23.0
1655104560000.0,289408,1655104560000.0,0.23454559772969294,-0.005901324,1644.9878140565381,1645.5488652519975,-41.8,0.7059,83.6,0.7002888612983327,long_nclose,58.544148804540605,0.03558941185112539,37.0
1655104680000.0,289410,1655104680000.0,0.1559896559063508,-0.003924804,1645.1398789084444,1645.5701604479975,-27.8,0.7059,55.8,0.7002888612983327,long_nclose,39.07611846044696,0.023752459569805148,2.0
1655104740000.0,289411,1655104740000.0,0.0,-0.005315435999999999,1645.1345634724444,1645.3756650119974,37.8,0.7031,93.6,0.7014241288509291,long_ientry_partial,65.65329846044696,0.039907555234795014,1.0
1655105940000.0,289431,1655105940000.0,0.0,-0.013162284,1645.1214011884445,1643.3583827279974,96.3,0.6834,189.9,0.6922839308080408,long_rentry,131.46471846044696,0.07991186447728182,20.0
1655106900000.0,289447,1655106900000.0,0.0,-0.013177330000000001,1645.1082238584445,1640.4080553979975,98.5,0.6689,288.4,0.684297394106959,long_rentry,197.35136846044696,0.11996254446870258,16.0
1655108760000.0,289478,1655108760000.0,0.0,-0.019615551999999998,1645.0886083064445,1637.8634798459975,149.6,0.6556,438.0,0.674495727078646,long_rentry,295.429128460447,0.17958250210277726,31.0
1655111880000.0,289530,1655111880000.0,0.7890238465176731,-0.019853080000000002,1645.857779072962,1647.7570267659976,-146.0,0.6799,292.0,0.674495727078646,long_nclose,196.95275230696464,0.11966571766480291,52.0
1655112420000.0,289539,1655112420000.0,0.525835755247737,-0.013230854,1646.3703839742097,1646.4685659119973,-97.3,0.6799,194.7,0.674495727078646,long_nclose,131.32431806221237,0.0797659623499821,9.0
1655113320000.0,289554,1655113320000.0,0.0,-0.013177373999999999,1646.3572066002098,1641.7118185379975,101.1,0.6517,295.8,0.666704489730265,long_rentry,197.2111880622124,0.11978639099194092,15.0
1655114400000.0,289572,1655114400000.0,0.5319973125958769,-0.013253812,1646.8759501008058,1648.9062247259976,-98.6,0.6721,197.2,0.666704489730265,long_nclose,131.47412537480824,0.07983243993985137,18.0
1655114640000.0,289576,1655114640000.0,1.1235973125958774,-0.013372132,1647.9861752814015,1648.9027125939974,-98.6,0.6781,98.6,0.666704489730265,long_nclose,65.73706268740412,0.039889328972179755,4.0
1655114700000.0,289577,1655114700000.0,0.5617986562979387,-0.006686066,1648.5412878716995,1649.3446565279974,-49.3,0.6781,49.3,0.666704489730265,long_nclose,32.86853134370206,0.01993794852789887,1.0
1655114760000.0,289578,1655114760000.0,0.857598656297939,-0.006745226,1649.3921413019975,1649.3921413019975,-49.3,0.6841,0.0,0.666704489730265,long_nclose,0.0,0.0,1.0
1655115060000.0,289583,1655115060000.0,0.0,-0.013199718,1649.3789415839976,1649.3497515839977,97.3,0.6783,97.3,0.6783,long_ientry_normal,65.99859,0.04001420676355767,5.0
1655116680000.0,289610,1655116680000.0,0.17819999999999836,-0.0044310239999999996,1649.5527105599976,1649.9226405599977,-32.4,0.6838,64.9,0.6783,long_nclose,44.02167000000001,0.026687034441630744,27.0
1655117160000.0,289618,1655117160000.0,0.0,-0.004432592,1649.5482779679976,1649.1157479679975,32.8,0.6757,97.7,0.6774271238485159,long_ientry_partial,66.18463,0.04012288144820459,8.0
1655117460000.0,289623,1655117460000.0,0.17786847492323205,-0.004438849999999999,1649.721707592921,1650.2806591179976,-32.5,0.6829,65.2,0.6774271238485159,long_nclose,44.16824847492324,0.026773151054288017,5.0
1655117940000.0,289631,1655117940000.0,0.11876141248720416,-0.002963786,1649.837505219408,1650.1234253319976,-21.7,0.6829,43.5,0.6774271238485159,long_nclose,29.46807988741044,0.017861201357215813,8.0
1655118120000.0,289634,1655118120000.0,0.07935670419651891,-0.0019804099999999997,1649.9148815136045,1650.0184949219977,-14.5,0.6829,29.0,0.6774271238485159,long_nclose,19.64538659160696,0.011906909145267305,3.0
1655118240000.0,289636,1655118240000.0,0.052539611054247,-0.001311168,1649.9661099566588,1650.0742237539976,-9.6,0.6829,19.4,0.6774271238485159,long_nclose,13.142086202661208,0.00796506432668876,2.0
1655118420000.0,289639,1655118420000.0,0.0,-0.010577728000000002,1649.9555322286587,1649.8420060259975,78.4,0.6746,97.8,0.6751607996182127,long_ientry_partial,66.0307262026612,0.04001970047851589,3.0
1655119560000.0,289658,1655119560000.0,0.0,-0.013195468,1649.9423367606587,1648.0859705579974,100.3,0.6578,198.1,0.6663708541275175,long_rentry,132.0080662026612,0.08000768466965544,19.0
1655120580000.0,289675,1655120580000.0,0.3583236275838413,-0.00886776,1650.2917926282425,1651.0354027979974,-66.0,0.6718,132.1,0.6663708541275175,long_nclose,88.02758983024506,0.053340621472796015,17.0
1655121600000.0,289692,1655121600000.0,0.23888241838922752,-0.00591184,1650.5247632066319,1651.5492909579975,-44.0,0.6718,88.1,0.6663708541275175,long_nclose,58.70727224863429,0.0355688527414627,17.0
1655121600000.0,289692,1655121600000.0,0.5028824183892278,-0.00596464,1651.021680985021,1651.5345263179975,-44.0,0.6778,44.1,0.6663708541275175,long_nclose,29.386954667023524,0.0177992542469163,0.0
1655121900000.0,289697,1655121900000.0,0.2514412091946139,-0.00298232,1651.2701398742156,1651.5934439979974,-22.0,0.6778,22.1,0.6663708541275175,long_nclose,14.726795876218137,0.008918465562115683,5.0
1655122080000.0,289700,1655122080000.0,0.3851841237818623,-0.003022396,1651.6523016019974,1651.6523016019974,-22.1,0.6838,0.0,0.6663708541275175,long_nclose,0.0,0.0,3.0
1655125380000.0,289755,1655125380000.0,0.0,-0.013210008000000002,1651.6390915939974,1651.6193515939974,98.7,0.6692,98.7,0.6692,long_ientry_normal,66.05004000000001,0.03999060105573978,55.0
1655125680000.0,289760,1655125680000.0,0.17765999999999868,-0.0044388679999999995,1651.8123127259973,1652.2597527259973,-32.9,0.6746,65.8,0.6692,long_nclose,44.03336,0.026657604899028416,5.0
1655125800000.0,289762,1655125800000.0,0.37505999999999884,-0.004478348,1652.1828943779974,1652.5711143779974,-32.9,0.6806,32.9,0.6692,long_nclose,22.01668,0.01332581282309468,2.0
1655125980000.0,289765,1655125980000.0,0.05885999999999957,-0.001470628,1652.2402837499974,1652.3898837499974,-10.9,0.6746,22.0,0.6692,long_nclose,14.7224,0.008910568362723486,3.0
1655126340000.0,289771,1655126340000.0,0.0,-0.010279992,1652.2300037579973,1652.0739437579973,76.9,0.6684,98.9,0.6685779575328615,long_ientry_partial,66.12236000000001,0.040020069753971724,6.0
1655127000000.0,289782,1655127000000.0,0.17838519716885698,-0.00443492,1652.4039540351662,1652.8938088379973,-32.9,0.674,66.0,0.6685779575328615,long_nclose,44.12614519716886,0.026704211817826343,11.0
1655127060000.0,289783,1655127060000.0,0.376927401415571,-0.004488000000000001,1652.7763934365817,1653.1533208379972,-33.0,0.68,33.0,0.6685779575328615,long_nclose,22.06307259858443,0.013349097122998694,1.0
1655127120000.0,289784,1655127120000.0,0.1884637007077855,-0.0022440000000000003,1652.9626131372895,1653.2500768379973,-16.5,0.68,16.5,0.6685779575328615,long_nclose,11.031536299292215,0.006673796619243906,1.0
1655127120000.0,289784,1655127120000.0,0.2874637007077856,-0.0022638000000000003,1653.2478130379973,1653.2478130379973,-16.5,0.686,0.0,0.6685779575328615,long_nclose,0.0,0.0,0.0
1655131500000.0,289857,1655131500000.0,0.0,-0.013226760000000002,1653.2345862779973,1653.6317862779974,99.3,0.666,99.3,0.666,long_ientry_normal,66.13380000000001,0.04000267145928156,73.0
1655132280000.0,289870,1655132280000.0,0.1787399999999987,-0.004444668000000001,1653.4088816099975,1653.8722816099976,-33.1,0.6714,66.2,0.666,long_nclose,44.089200000000005,0.026665636365197455,13.0
1655132400000.0,289872,1655132400000.0,0.11879999999999913,-0.00295416,1653.5247274499975,1653.8341274499976,-22.0,0.6714,44.2,0.666,long_nclose,29.437200000000004,0.01780269717852779,2.0
1655132520000.0,289874,1655132520000.0,0.2519399999999993,-0.0029941080000000005,1653.7736733419977,1654.0167733419976,-22.1,0.6774,22.1,0.666,long_nclose,14.718600000000002,0.008900008651278258,2.0
1655132640000.0,289876,1655132640000.0,0.03941999999999971,-0.000980244,1653.8121130979978,1653.8565130979978,-7.3,0.6714,14.8,0.666,long_nclose,9.856800000000002,0.0059600482557451975,2.0
1655132820000.0,289879,1655132820000.0,0.026459999999999807,-0.000657972,1653.8379151259978,1653.887415125998,-4.9,0.6714,9.9,0.666,long_nclose,6.593400000000001,0.003986726836830126,3.0
1655132880000.0,289880,1655132880000.0,0.017819999999999867,-0.000443124,1653.855292001998,1653.894892001998,-3.3,0.6714,6.6,0.666,long_nclose,4.3956,0.0026577899658192647,1.0
1655133120000.0,289884,1655133120000.0,0.011879999999999913,-0.00029541600000000006,1653.866876585998,1653.906476585998,-2.2,0.6714,4.4,0.666,long_nclose,2.9304000000000006,0.0017718475661409288,4.0
1655133240000.0,289886,1655133240000.0,0.025079999999999925,-0.00029805600000000005,1653.8916585299978,1653.9158585299979,-2.2,0.6774,2.2,0.666,long_nclose,1.4652000000000003,0.0008859105083716854,2.0
1655133300000.0,289887,1655133300000.0,0.012539999999999963,-0.00014902800000000002,1653.9040495019979,1653.9249495019978,-1.1,0.6774,1.1,0.666,long_nclose,0.7326000000000001,0.000442951935585738,1.0
1655133300000.0,289887,1655133300000.0,0.01913999999999997,-0.00015034800000000002,1653.923039153998,1653.923039153998,-1.1,0.6834,0.0,0.666,long_nclose,0.0,0.0,0.0
1655158260000.0,290303,1655158260000.0,0.0,-0.013230816000000003,1653.909808337998,1653.890328337998,97.4,0.6792,97.4,0.6792,long_ientry_normal,66.15408000000001,0.03999860189865962,416.0
1655162460000.0,290373,1655162460000.0,0.17819999999999836,-0.0044368559999999994,1654.083571481998,1654.330571481998,-32.4,0.6847,65.0,0.6792,long_nclose,44.148,0.02669030801173185,70.0
1655162460000.0,290373,1655162460000.0,0.3758399999999982,-0.004476384,1654.4549350979978,1654.578815097998,-32.4,0.6908,32.6,0.6792,long_nclose,22.141920000000002,0.013383211310429848,0.0
1655163180000.0,290385,1655163180000.0,0.0,-0.008841906000000002,1654.4460931919978,1654.7420431919977,65.7,0.6729,98.3,0.6749893184130215,long_ientry_partial,66.35145000000001,0.04010493316949672,12.0
1655163300000.0,290387,1655163300000.0,0.1769292878941986,-0.0044498160000000005,1654.6185726638919,1655.2096733759977,-32.7,0.6804,65.6,0.6749893184130215,long_nclose,44.279299287894204,0.02676103122461977,2.0
1655163600000.0,290392,1655163600000.0,0.11795285859613239,-0.002966544,1654.733558978488,1655.0406268319975,-21.8,0.6804,43.8,0.6749893184130215,long_nclose,29.564532146490336,0.01786664202588683,5.0
1655163840000.0,290396,1655163840000.0,0.07899595116988682,-0.0019867680000000003,1654.8105681616578,1654.9568800639975,-14.6,0.6804,29.2,0.6749893184130215,long_nclose,19.709688097660226,0.011910540382610607,4.0
1655163900000.0,290397,1655163900000.0,0.052483611393691926,-0.001319976,1654.8617317970513,1655.0569400879974,-9.7,0.6804,19.5,0.6749893184130215,long_nclose,13.162291709053918,0.007953710848555723,1.0
1655163960000.0,290398,1655163960000.0,0.11165361139369187,-0.00133181,1654.972053598445,1655.0897582779974,-9.7,0.6865,9.8,0.6749893184130215,long_nclose,6.61489532044761,0.003996983094708268,1.0
1655164440000.0,290406,1655164440000.0,0.17258467955238968,-0.0013574960000000001,1655.1432807819972,1655.1432807819972,-9.8,0.6926,0.0,0.6749893184130215,long_nclose,0.0,0.0,8.0
1655168700000.0,290477,1655168700000.0,0.0,-0.013234800000000001,1655.1300459819972,1655.1792459819972,98.4,0.6725,98.4,0.6725,long_ientry_normal,66.174,0.039981148406220024,71.0
1655169960000.0,290498,1655169960000.0,0.0,-0.013235040000000002,1655.1168109419973,1652.7764109419973,101.0,0.6552,199.4,0.6637372116349047,long_rentry,132.3492,0.07996366125039503,21.0
1655170920000.0,290514,1655170920000.0,0.0,-0.013262084000000002,1655.1035488579973,1651.4471288579973,103.4,0.6413,302.8,0.6560753632760898,long_rentry,198.65962000000002,0.12002851431082538,16.0
1655174760000.0,290578,1655174760000.0,0.5372558454425339,-0.013347052,1655.62745765144,1657.0255418059974,-100.9,0.6614,201.9,0.6560753632760898,long_nclose,132.46161584544254,0.08000689722393439,64.0
1655174880000.0,290580,1655174880000.0,0.35834805151915294,-0.008902444,1655.9769032589593,1656.7743593619975,-67.3,0.6614,134.6,0.6560753632760898,long_nclose,88.30774389696168,0.05332667606847186,2.0
1655175000000.0,290582,1655175000000.0,0.755418051519154,-0.008981858,1656.7233394524785,1657.5258675039977,-67.3,0.6673,67.3,0.6560753632760898,long_nclose,44.15387194848084,0.026651324875445415,2.0
1655175120000.0,290584,1655175120000.0,0.37714779392338155,-0.004484256,1657.0960029904018,1657.4978632479974,-33.6,0.6673,33.7,0.6560753632760898,long_nclose,22.10973974240423,0.013342461572838814,2.0
1655175420000.0,290589,1655175420000.0,0.5771002575957731,-0.004537368000000001,1657.6685658799975,1657.6685658799975,-33.7,0.6732,0.0,0.6560753632760898,long_nclose,0.0,0.0,5.0
1655204760000.0,291078,1655204760000.0,0.0,-0.013260000000000003,1657.6553058799975,1657.5578058799974,97.5,0.68,97.5,0.68,long_ientry_normal,66.30000000000001,0.039996252396274516,489.0
1655205240000.0,291086,1655205240000.0,0.17874999999999835,-0.00445575,1657.8296001299975,1657.8296001299975,-32.5,0.6855,65.0,0.68,long_nclose,44.2,0.0266613649536322,8.0
1655205540000.0,291091,1655205540000.0,0.0,-0.004430992,1657.8251691379976,1657.7406091379976,32.6,0.6796,97.6,0.679866393442623,long_ientry_partial,66.35496,0.040025306187444314,5.0
1655210460000.0,291173,1655210460000.0,0.17984221311475257,-0.0044551,1658.0005562511124,1658.5951540379976,-32.5,0.6854,65.1,0.679866393442623,long_nclose,44.25930221311475,0.026694383211299393,82.0
1655210460000.0,291173,1655210460000.0,0.3780922131147524,-0.00449475,1658.374153714227,1658.6719092879976,-32.5,0.6915,32.6,0.679866393442623,long_nclose,22.16364442622951,0.01336468273856659,0.0
1655210580000.0,291175,1655210580000.0,0.18962778688524504,-0.00225429,1658.5615272111122,1658.7593049979976,-16.3,0.6915,16.3,0.679866393442623,long_nclose,11.081822213114755,0.0066815864418059605,2.0
1655210700000.0,291177,1655210700000.0,0.09423221311475367,-0.00112023,1658.654639194227,1658.7541347679976,-8.1,0.6915,8.2,0.679866393442623,long_nclose,5.574904426229508,0.0033611001919831795,2.0
1655211060000.0,291183,1655211060000.0,0.014940737704917906,-0.00037011600000000003,1658.6692098159317,1658.7029446519973,-2.7,0.6854,5.5,0.679866393442623,long_nclose,3.7392651639344265,0.002254376666429701,6.0
1655211480000.0,291190,1655211480000.0,0.03141073770491789,-0.00037341,1658.7002471436365,1658.7370212419971,-2.7,0.6915,2.8,0.679866393442623,long_nclose,1.9036259016393442,0.0011476611912957038,7.0
1655212200000.0,291202,1655212200000.0,0.016287049180327796,-0.00019362,1658.716340572817,1658.7361276219974,-1.4,0.6915,1.4,0.679866393442623,long_nclose,0.9518129508196721,0.0005738250281485594,12.0
1655212200000.0,291202,1655212200000.0,0.024827049180327784,-0.000195328,1658.7409722939974,1658.7409722939974,-1.4,0.6976,0.0,0.679866393442623,long_nclose,0.0,0.0,0.0
1655263500000.0,292057,1655263500000.0,0.0,-0.013267408000000001,1658.7277048859974,1658.8922648859973,96.8,0.6853,96.8,0.6853,long_ientry_normal,66.33704,0.03999272442643579,855.0
1655263680000.0,292060,1655263680000.0,0.1770999999999984,-0.004448752,1658.9003561339975,1659.3331761339975,-32.2,0.6908,64.6,0.6853,long_nclose,44.270379999999996,0.026686581768642442,3.0
1655264880000.0,292080,1655264880000.0,0.3779099999999978,-0.00450262,1659.2737635139974,1659.6193735139975,-32.3,0.697,32.3,0.6853,long_nclose,22.135189999999998,0.013340288074658795,20.0
1655265600000.0,292092,1655265600000.0,0.05884999999999945,-0.0014783119999999999,1659.3311352019973,1659.4542552019973,-10.7,0.6908,21.6,0.6853,long_nclose,14.802480000000001,0.008920751070097913,12.0
1655265900000.0,292097,1655265900000.0,0.0,-0.010311582,1659.3208236199973,1659.2400336199973,75.3,0.6847,96.9,0.6848337461300309,long_ientry_partial,66.36039,0.039992501182036184,5.0
1655267040000.0,292116,1655267040000.0,0.0,-0.013277279999999999,1659.3075463399973,1657.5595563399972,99.5,0.6672,196.4,0.6759001527494908,long_rentry,132.74679,0.08000131759347749,19.0
1655268420000.0,292139,1655268420000.0,0.35969001018330343,-0.008912712000000001,1659.6583236381807,1660.4574036279973,-65.4,0.6814,131.0,0.6759001527494908,long_nclose,88.5429200101833,0.05335008944255829,23.0
1655269320000.0,292154,1655269320000.0,0.2397933401222023,-0.005941808000000001,1659.8921751703028,1660.3379018199973,-43.6,0.6814,87.4,0.6759001527494908,long_nclose,59.0736733503055,0.03558886187546767,15.0
1655269680000.0,292160,1655269680000.0,0.1600455549898185,-0.003965748,1660.0482549772928,1660.4038760719975,-29.1,0.6814,58.3,0.6759001527494908,long_nclose,39.40497890529531,0.02373724907522903,6.0
1655270100000.0,292167,1655270100000.0,0.0,-0.005356036,1660.0428989412928,1660.0983400359976,39.4,0.6797,97.7,0.6774325374134628,long_ientry_partial,66.18515890529531,0.039869547315617856,7.0
1655271060000.0,292183,1655271060000.0,0.0,-0.013279200000000001,1660.029619741293,1659.7145608359976,100.6,0.66,198.3,0.6685887993207025,long_rentry,132.5811589052953,0.07986674293556123,16.0
1655271300000.0,292187,1655271300000.0,0.3576803649015692,-0.008910280000000001,1660.3783898261945,1661.3581505559976,-66.1,0.674,132.2,0.6685887993207025,long_nclose,88.38743927019686,0.05323331104029191,4.0
1655272380000.0,292205,1655272380000.0,0.23809282988909297,-0.005931200000000001,1660.6105514560836,1661.1760193559976,-44.0,0.674,88.2,0.6685887993207025,long_nclose,58.969532100085964,0.03551075358902142,18.0
1655272560000.0,292208,1655272560000.0,0.1590892999713485,-0.0039631200000000005,1660.765677636055,1661.1426562359977,-29.4,0.674,58.8,0.6685887993207025,long_nclose,39.3130214000573,0.02367162443772063,3.0
1655272740000.0,292211,1655272740000.0,0.0,-0.005346000000000001,1660.760331636055,1660.8421102359978,39.6,0.675,98.4,0.671168916667249,long_ientry_partial,66.0430214000573,0.03976673824753312,3.0
1655273040000.0,292216,1655273040000.0,0.17813953331423268,-0.004438495999999999,1660.9340326733693,1661.4477517399978,-32.8,0.6766,65.6,0.671168916667249,long_nclose,44.02868093337153,0.02650838628582065,5.0
1655273640000.0,292226,1655273640000.0,0.0,-0.0044280000000000005,1660.9296046733693,1660.8857237399977,32.8,0.675,98.4,0.6724459444448325,long_ientry_partial,66.16868093337152,0.03983834158123995,10.0
1655275440000.0,292256,1655275440000.0,0.17889302220949152,-0.004447023999999999,1661.1040506715788,1661.5339967159978,-32.8,0.6779,65.6,0.6724459444448325,long_nclose,44.11245395558101,0.02655610522275621,30.0
1655275620000.0,292259,1655275620000.0,0.11889841110264987,-0.002955644,1661.2199934386815,1661.507061071998,-21.8,0.6779,43.8,0.6724459444448325,long_nclose,29.45313236668366,0.017729820543344446,3.0
1655276040000.0,292266,1655276040000.0,0.25084381665816674,-0.0029954819999999994,1661.4678417733396,1661.7427755899978,-21.9,0.6839,21.9,0.6724459444448325,long_nclose,14.72656618334183,0.008863587854715069,7.0
1655276220000.0,292269,1655276220000.0,0.12484920555132499,-0.0014909020000000001,1661.591200076891,1661.729294687998,-10.9,0.6839,11.0,0.6724459444448325,long_nclose,7.396905388893158,0.004451699905819712,3.0
1655276520000.0,292274,1655276520000.0,0.06299730555342087,-0.0007522900000000001,1661.6534450924444,1661.7279923979977,-5.5,0.6839,5.5,0.6724459444448325,long_nclose,3.698452694446579,0.002225766573270529,5.0
1655278080000.0,292300,1655278080000.0,0.009817299999301365,-0.00024404399999999998,1661.6630183484435,1661.6724683539976,-1.8,0.6779,3.7,0.6724459444448325,long_nclose,2.4880499944458805,0.001497325250049073,26.0
1655278560000.0,292308,1655278560000.0,0.0,-0.012796956,1661.6502213924434,1661.7725913979975,95.4,0.6707,99.1,0.6707651866240755,long_ientry_partial,66.47282999444587,0.040004105038870585,8.0
1655280180000.0,292335,1655280180000.0,0.0,-0.01329219,1661.6369292024435,1659.8255492079977,101.7,0.6535,200.8,0.6620208167054078,long_rentry,132.9337799944459,0.08000170052687249,27.0
1655284860000.0,292413,1655284860000.0,0.0,-0.013316472,1661.6236127304435,1656.9385727359977,104.1,0.6396,304.9,0.6543658248423939,long_rentry,199.5161399944459,0.1200730047803024,78.0
1655288340000.0,292471,1655288340000.0,0.5419521960127732,-0.013405103999999998,1662.1521598224563,1664.1107876319975,-101.6,0.6597,203.3,0.6543658248423939,long_nclose,133.0325721904587,0.08003633807188185,58.0
1655288880000.0,292480,1655288880000.0,0.36112365816992864,-0.008932338,1662.504351142626,1663.5395452939974,-67.7,0.6597,135.6,0.6543658248423939,long_nclose,88.73200584862862,0.05337249540889551,9.0
1655289000000.0,292482,1655289000000.0,0.24110471712379283,-0.005963688,1662.7394921717498,1663.3392216059974,-45.2,0.6597,90.4,0.6543658248423939,long_nclose,59.15467056575241,0.035576631723884096,2.0
1655289060000.0,292483,1655289060000.0,0.5032647171237941,-0.006016120000000001,1663.2367407688737,1663.7626054859975,-45.2,0.6655,45.2,0.6543658248423939,long_nclose,29.577335282876206,0.017782997788518867,1.0
1655289360000.0,292488,1655289360000.0,0.7699447171237949,-0.006069456000000001,1664.0006160299974,1664.0006160299974,-45.2,0.6714,0.0,0.6543658248423939,long_nclose,0.0,0.0,5.0
1655311140000.0,292851,1655311140000.0,0.0,-0.013313820000000002,1663.9873022099976,1663.9772022099976,101.0,0.6591,101.0,0.6591,long_ientry_normal,66.5691,0.04000577402939755,363.0
1655312040000.0,292866,1655312040000.0,0.17807999999999904,-0.004464768,1664.1609174419975,1664.7607774419976,-33.6,0.6644,67.4,0.6591,long_nclose,44.42334,0.026694137288288004,15.0
1655312100000.0,292867,1655312100000.0,0.38080999999999926,-0.004518496,1664.5372089459977,1664.9045389459977,-33.7,0.6704,33.7,0.6591,long_nclose,22.21167,0.01334405135591091,1.0
1655312280000.0,292870,1655312280000.0,0.05935999999999968,-0.0014882559999999999,1664.5950806899978,1664.7278306899977,-11.2,0.6644,22.5,0.6591,long_nclose,14.82975,0.0089089233604204,3.0
1655312400000.0,292872,1655312400000.0,0.039749999999999786,-0.0009966,1664.6338340899977,1664.8573340899977,-7.5,0.6644,15.0,0.6591,long_nclose,9.8865,0.005939143971205316,2.0
1655312400000.0,292872,1655312400000.0,0.08474999999999983,-0.0010056,1664.7175784899975,1664.8293284899976,-7.5,0.6704,7.5,0.6591,long_nclose,4.94325,0.002969422599888586,0.0
1655313180000.0,292885,1655313180000.0,0.0,-0.012332824,1664.7052456659976,1664.7532756659975,93.8,0.6574,101.3,0.6575258637709773,long_ientry_partial,66.60737,0.04001150964917662,13.0
1655313300000.0,292887,1655313300000.0,0.1777383909180623,-0.004467272,1664.8785167849155,1665.3837683939973,-33.7,0.6628,67.6,0.6575258637709773,long_nclose,44.44874839091806,0.02669789293500768,2.0
1655313540000.0,292891,1655313540000.0,0.38106580454096467,-0.0045210879999999995,1665.2550615014563,1665.7104873059973,-33.8,0.6688,33.8,0.6575258637709773,long_nclose,22.22437419545903,0.013345928025836897,4.0
1655313600000.0,292892,1655313600000.0,0.5804858045409652,-0.004560972,1665.8309863339973,1665.8309863339973,-33.8,0.6747,0.0,0.6575258637709773,long_nclose,0.0,0.0,1.0
1655316420000.0,292939,1655316420000.0,0.0,-0.013322890000000002,1665.8176634439974,1665.9902134439974,101.5,0.6563,101.5,0.6563,long_ientry_normal,66.61445,0.0399890404945508,47.0
1655317080000.0,292950,1655317080000.0,0.17913999999999902,-0.004472415999999999,1665.9923310279974,1666.3105210279973,-33.8,0.6616,67.7,0.6563,long_nclose,44.43151,0.026669696596132362,11.0
1655317140000.0,292951,1655317140000.0,0.11924999999999936,-0.0029772,1666.1086038279973,1666.2758438279973,-22.5,0.6616,45.2,0.6563,long_nclose,29.66476,0.01780481772427272,1.0
1655317260000.0,292953,1655317260000.0,0.07949999999999957,-0.0019848,1666.1861190279974,1666.3884590279974,-15.0,0.6616,30.2,0.6563,long_nclose,19.82026,0.011895585837410854,2.0
1655317380000.0,292955,1655317380000.0,0.0,-0.00936936,1666.1767496679975,1666.1231896679974,71.5,0.6552,101.7,0.6555266470009833,long_ientry_partial,66.66706,0.040011997534645766,2.0
1655317560000.0,292958,1655317560000.0,0.1787666666666684,-0.0044802240000000005,1666.3510361106642,1666.7899294439974,-33.9,0.6608,67.8,0.6555266470009833,long_nclose,44.44470666666666,0.026671875075255775,3.0
1655317620000.0,292959,1655317620000.0,0.3787766666666652,-0.004520226,1666.7252925513308,1667.0464392179974,-33.9,0.6667,33.9,0.6555266470009833,long_nclose,22.22235333333333,0.013332943006652633,1.0
1655317680000.0,292960,1655317680000.0,0.18882966568338175,-0.0022534459999999997,1666.9118687710143,1667.1069157719976,-16.9,0.6667,17.0,0.6555266470009833,long_nclose,11.143952999016715,0.006685388236651624,1.0
1655317740000.0,292961,1655317740000.0,0.2902470009832837,-0.00228684,1667.1998289319977,1667.1998289319977,-17.0,0.6726,0.0,0.6555266470009833,long_nclose,0.0,0.0,1.0
1655365320000.0,293754,1655365320000.0,0.0,-0.013342511999999999,1667.1864864199977,1667.2051264199977,93.2,0.7158,93.2,0.7158,long_ientry_normal,66.71256,0.04001505563019167,793.0
1655366520000.0,293774,1655366520000.0,0.17980000000000085,-0.004473920000000001,1667.3618124999978,1667.7474524999977,-31.0,0.7216,62.2,0.7158,long_nclose,44.52276,0.026702518713226233,20.0
1655367060000.0,293783,1655367060000.0,0.0,-0.0044473,1667.3573651999977,1667.2143051999976,31.1,0.715,93.3,0.7155333333333334,long_ientry_partial,66.75926,0.04003896308815135,9.0
1655367960000.0,293798,1655367960000.0,0.1793433333333343,-0.004486486000000001,1667.532222047331,1667.9344487139977,-31.1,0.7213,62.2,0.7155333333333334,long_nclose,44.50617333333334,0.026689843077629043,15.0
1655368260000.0,293803,1655368260000.0,0.11937000000000064,-0.0029861820000000004,1667.6486058653309,1668.1244725319975,-20.7,0.7213,41.5,0.7155333333333334,long_nclose,29.694633333333336,0.017806289184000488,5.0
1655368320000.0,293804,1655368320000.0,0.2539199999999996,-0.003013092,1667.899512773331,1668.1588194399976,-20.7,0.7278,20.8,0.7155333333333334,long_nclose,14.883093333333335,0.008923255399593105,1.0
1655368560000.0,293808,1655368560000.0,0.12757333333333315,-0.001513824,1668.0255722826644,1668.1552256159978,-10.4,0.7278,10.4,0.7155333333333334,long_nclose,7.441546666666667,0.004461290516357635,4.0
1655369160000.0,293818,1655369160000.0,0.06378666666666657,-0.000756912,1668.088602037331,1668.1534287039976,-5.2,0.7278,5.2,0.7155333333333334,long_nclose,3.7207733333333337,0.002230560971874601,10.0
1655369520000.0,293824,1655369520000.0,0.03189333333333329,-0.000378456,1668.1201169146643,1668.1525302479977,-2.6,0.7278,2.6,0.7155333333333334,long_nclose,1.8603866666666669,0.0011152594155555277,6.0
1655370480000.0,293840,1655370480000.0,0.0,-0.012978702000000002,1668.1071382126643,1668.1122415459977,90.9,0.7139,93.5,0.7139454188948308,long_ientry_partial,66.75389666666668,0.04001775134071534,16.0
1655372280000.0,293870,1655372280000.0,0.0,-0.013341608,1668.0937966046642,1666.0754599379975,95.9,0.6956,189.4,0.7046564765927491,long_rentry,133.46193666666667,0.08000865235415593,30.0
1655375700000.0,293927,1655375700000.0,0.0,-0.013370911999999999,1668.0804256926642,1663.6195290259975,98.2,0.6808,287.6,0.6965107672693556,long_rentry,200.31649666666667,0.12008803267593407,57.0
1655377140000.0,293951,1655377140000.0,0.5354484955957314,-0.013452236,1668.60242195226,1669.6552567899978,-95.8,0.7021,191.8,0.6965107672693556,long_nclose,133.59076516226241,0.08006147144744138,24.0
1655377320000.0,293954,1655377320000.0,0.35715197148817573,-0.008972837999999999,1668.950601085748,1669.3968739519976,-63.9,0.7021,127.9,0.6965107672693556,long_nclose,89.08372713375059,0.05337709041585564,3.0
1655377500000.0,293957,1655377500000.0,0.2381013143254505,-0.005981892,1669.1827205080735,1669.7362520599975,-42.6,0.7021,85.3,0.6965107672693556,long_nclose,59.41236844807603,0.03559368768806319,3.0
1655378340000.0,293971,1655378340000.0,0.15873420955030032,-0.003987928,1669.337466789624,1669.7067041319976,-28.4,0.7021,56.9,0.6965107672693556,long_nclose,39.63146265762633,0.023740833382146113,14.0
1655378460000.0,293973,1655378460000.0,0.0,-0.00535686,1669.332109929624,1669.1313472719978,38.1,0.703,95.0,0.6991132911329087,long_ientry_partial,66.41576265762632,0.03978582947189956,2.0
1655379480000.0,293990,1655379480000.0,0.17970000020008597,-0.004454336000000001,1669.507355593824,1669.8171729359976,-31.6,0.7048,63.4,0.6991132911329087,long_nclose,44.323782657826406,0.026549019091958993,17.0
1655379660000.0,293993,1655379660000.0,0.0,-0.004459632000000001,1669.5028959618242,1669.7113533039978,31.8,0.7012,95.2,0.6998103220359917,long_ientry_partial,66.62194265782641,0.03990525731879283,3.0
1655381460000.0,294023,1655381460000.0,0.18036279145906378,-0.00447287,1669.6787858832834,1670.135330433998,-31.7,0.7055,63.5,0.6998103220359917,long_nclose,44.437955449285475,0.026614673328185803,30.0
1655382180000.0,294035,1655382180000.0,0.1200522050405756,-0.0029772100000000005,1669.795860878324,1670.0159032239978,-21.1,0.7055,42.4,0.6998103220359917,long_nclose,29.671957654326047,0.017769811477864363,12.0
1655382240000.0,294036,1655382240000.0,0.08022445929251733,-0.00198951,1669.8740958276167,1670.1907637139982,-14.1,0.7055,28.3,0.6998103220359917,long_nclose,19.804632113618567,0.011859955288307572,1.0
1655382300000.0,294037,1655382300000.0,0.16905445929251695,-0.002007276,1670.041143010909,1670.271036437998,-14.1,0.7118,14.2,0.6998103220359917,long_nclose,9.937306572911082,0.00595033638212958,1.0
1655382300000.0,294037,1655382300000.0,0.25971342708891737,-0.002039404,1670.298817033998,1670.298817033998,-14.2,0.7181,0.0,0.6998103220359917,long_nclose,0.0,0.0,0.0
1655387580000.0,294125,1655387580000.0,0.0,-0.013368960000000003,1670.285448073998,1669.4886480739979,96.0,0.6963,96.0,0.6963,long_ientry_normal,66.8448,0.040019985851567214,88.0
1655389860000.0,294163,1655389860000.0,0.17919999999999803,-0.00449216,1670.460155913998,1671.0169559139981,-32.0,0.7019,64.0,0.6963,long_nclose,44.5632,0.02667720019674285,38.0
1655390100000.0,294167,1655390100000.0,0.11927999999999869,-0.002990094,1670.5764458199978,1670.819835819998,-21.3,0.7019,42.7,0.6963,long_nclose,29.732010000000002,0.017797455527637424,4.0
1655390640000.0,294176,1655390640000.0,0.0,-0.007450224,1670.5689955959979,1670.1708655959978,53.8,0.6924,96.5,0.6941256994818653,long_ientry_partial,66.98313,0.04009599733778303,9.0
1655392140000.0,294201,1655392140000.0,0.17893504663212317,-0.004492074,1670.7434385686302,1671.121743521998,-32.1,0.6997,64.4,0.6941256994818653,long_nclose,44.70169504663213,0.026755571211417865,25.0
1655392260000.0,294203,1655392260000.0,0.1192900310880821,-0.0029947159999999997,1670.859733883718,1671.241328805998,-21.4,0.6997,43.0,0.6941256994818653,long_nclose,29.847405077720207,0.017863501329548115,2.0
1655392500000.0,294207,1655392500000.0,0.255297461139895,-0.0030358,1671.111995544858,1671.388793005998,-21.5,0.706,21.5,0.6941256994818653,long_nclose,14.923702538860104,0.00893040237796528,4.0
1655392620000.0,294209,1655392620000.0,0.12705501554404075,-0.0015108399999999998,1671.237539720402,1671.387382165998,-10.7,0.706,10.8,0.6941256994818653,long_nclose,7.496557554404146,0.0044856325783935655,2.0
1655392860000.0,294213,1655392860000.0,0.06412122279792712,-0.0007624800000000001,1671.3008984632,1671.3650196859978,-5.4,0.706,5.4,0.6941256994818653,long_nclose,3.748278777202073,0.002242731264399309,4.0
1655392980000.0,294215,1655392980000.0,0.03206061139896356,-0.00038124000000000003,1671.3325778345989,1671.3754384459978,-2.7,0.706,2.7,0.6941256994818653,long_nclose,1.8741393886010365,0.0011213443772089915,2.0
1655393100000.0,294217,1655393100000.0,0.048800611398963814,-0.0003845880000000001,1671.3809938579977,1671.3809938579977,-2.7,0.7122,0.0,0.6941256994818653,long_nclose,0.0,0.0,2.0
1655396220000.0,294269,1655396220000.0,0.0,-0.0133763,1671.3676175579978,1671.610117557998,97.0,0.6895,97.0,0.6895,long_ientry_normal,66.8815,0.04001603195933594,52.0
1655396520000.0,294274,1655396520000.0,0.18088000000000157,-0.004490346,1671.5440072119977,1672.0292572119977,-32.3,0.6951,64.7,0.6895,long_nclose,44.61065,0.026688289274780754,5.0
1655396640000.0,294276,1655396640000.0,0.38114000000000103,-0.004530398,1671.9206168139976,1672.2932168139976,-32.3,0.7013,32.4,0.6895,long_nclose,22.3398,0.013361758791258041,2.0
1655396700000.0,294277,1655396700000.0,0.19116000000000052,-0.002272212,1672.1095046019977,1672.3120046019978,-16.2,0.7013,16.2,0.6895,long_nclose,11.1699,0.006680124698327521,1.0
1655397000000.0,294282,1655397000000.0,0.29160000000000025,-0.0022922999999999997,1672.3988123019979,1672.3988123019979,-16.2,0.7075,0.0,0.6895,long_nclose,0.0,0.0,5.0
1655408160000.0,294468,1655408160000.0,0.0,-0.013378014000000002,1672.385434287998,1672.4532642879979,96.9,0.6903,96.9,0.6903,long_ientry_normal,66.89007000000001,0.039996802548377744,186.0
1655408400000.0,294472,1655408400000.0,0.180879999999998,-0.004495514,1672.5618187739979,1672.9946387739978,-32.3,0.6959,64.6,0.6903,long_nclose,44.593379999999996,0.026661723052297897,4.0
1655408700000.0,294477,1655408700000.0,0.12039999999999867,-0.00299237,1672.679226403998,1672.9679964039979,-21.5,0.6959,43.1,0.6903,long_nclose,29.75193,0.01778699079318517,5.0
1655408880000.0,294480,1655408880000.0,0.0,-0.007436044,1672.6717903599979,1672.6696403599979,53.9,0.6898,97.0,0.6900221649484537,long_ientry_partial,66.93215000000001,0.04001511257961411,3.0
1655409660000.0,294493,1655409660000.0,0.18016407216494543,-0.004493576,1672.8474608561628,1673.2989267839978,-32.3,0.6956,64.7,0.6900221649484537,long_nclose,44.644434072164955,0.026687689772572538,13.0
1655410320000.0,294504,1655410320000.0,0.38042407216494484,-0.004533628,1673.2233513003277,1673.6438331559978,-32.3,0.7018,32.4,0.6900221649484537,long_nclose,22.3567181443299,0.013361466732433309,11.0
1655410500000.0,294507,1655410500000.0,0.5824818556700989,-0.004587839999999999,1673.8012453159977,1673.8012453159977,-32.4,0.708,0.0,0.6900221649484537,long_nclose,0.0,0.0,3.0
1655418480000.0,294640,1655418480000.0,0.0,-0.013386816,1673.7878584999976,1673.7097784999976,97.6,0.6858,97.6,0.6858,long_ientry_normal,66.93408,0.03998958390102343,133.0
1655424540000.0,294741,1655424540000.0,0.17875000000000196,-0.00449345,1673.9621150499977,1674.3006350499977,-32.5,0.6913,65.1,0.6858,long_nclose,44.645579999999995,0.02667060359288151,101.0
1655424600000.0,294742,1655424600000.0,0.1193500000000013,-0.003000242,1674.0784648079975,1674.3475448079976,-21.7,0.6913,43.4,0.6858,long_nclose,29.76372,0.017779166643430686,1.0
1655424840000.0,294746,1655424840000.0,0.25389000000000095,-0.00302715,1674.3293276579975,1674.5289676579976,-21.7,0.6975,21.7,0.6858,long_nclose,14.88186,0.008888251405603882,4.0
1655424900000.0,294747,1655424900000.0,0.12636000000000047,-0.0015066,1674.4541810579974,1674.5871610579975,-10.8,0.6975,10.9,0.6858,long_nclose,7.47522,0.004464272647506432,1.0
1655425020000.0,294749,1655425020000.0,0.1951100000000003,-0.001534066,1674.6477569919975,1674.6477569919975,-10.9,0.7037,0.0,0.6858,long_nclose,0.0,0.0,2.0
1655535060000.0,296583,1655535060000.0,0.0,-0.01339922,1674.6343577719974,1672.9212577719975,92.6,0.7235,92.6,0.7235,long_ientry_normal,66.9961,0.040006404794617,1834.0
1655535060000.0,296583,1655535060000.0,0.0,-0.0133931,1674.6209646719974,1672.9173646719973,95.0,0.7049,187.6,0.7140810234541578,long_rentry,133.9616,0.07999517671525068,0.0
1655535240000.0,296586,1655535240000.0,0.0,-0.013425454,1674.6075392179973,1672.6637692179972,97.3,0.6899,284.9,0.7058226395226395,long_rentry,201.08886999999996,0.12008119233352059,3.0
1655535900000.0,296597,1655535900000.0,0.0,-0.019988472000000004,1674.5875507459973,1665.6288207459972,147.8,0.6762,432.7,0.6957042523688468,long_rentry,301.03123,0.17976440220512582,11.0
1655547360000.0,296788,1655547360000.0,0.806906808412295,-0.020225492,1675.3742320624096,1676.9020552539973,-144.2,0.7013,288.5,0.6957042523688468,long_nclose,200.7106768084123,0.11980050365304627,191.0
1655547420000.0,296789,1655547420000.0,0.5377513473538249,-0.013478986000000002,1675.8985044237634,1677.1098062679973,-96.1,0.7013,192.4,0.6957042523688468,long_nclose,133.85349815576612,0.07986969246791586,1.0
1655547600000.0,296792,1655547600000.0,0.3586874231569217,-0.008990666000000001,1676.2482011809202,1677.055945601997,-64.1,0.7013,128.3,0.6957042523688468,long_nclose,89.25885557892305,0.05324918798781708,3.0
1655547720000.0,296794,1655547720000.0,0.23893842385024272,-0.0059891020000000005,1676.4811505027703,1676.9344664999971,-42.7,0.7013,85.6,0.6957042523688468,long_nclose,59.552284002773284,0.03552219121874038,2.0
1655547840000.0,296796,1655547840000.0,0.1594788074878669,-0.00399741,1676.6366319002582,1677.1103190899971,-28.5,0.7013,57.1,0.6957042523688468,long_nclose,39.72471281026115,0.023693096079642584,2.0
1655548020000.0,296799,1655548020000.0,0.3390288074878661,-0.00403332,1676.9716273877461,1677.3804857699972,-28.5,0.7076,28.6,0.6957042523688468,long_nclose,19.89714161774902,0.01186492442256952,3.0
1655548260000.0,296803,1655548260000.0,0.17010919112549072,-0.0020237360000000004,1677.1397128428716,1677.3155420339972,-14.3,0.7076,14.3,0.6957042523688468,long_nclose,9.94857080887451,0.005931867651032467,4.0
1655548500000.0,296807,1655548500000.0,0.0844598081811877,-0.001004792,1677.2231678590529,1677.311697241997,-7.1,0.7076,7.2,0.6957042523688468,long_nclose,5.009070617055698,0.002986526010995717,4.0
1655549100000.0,296817,1655549100000.0,0.04282469147215151,-0.0005094720000000001,1677.265483078525,1677.302547769997,-3.6,0.7076,3.6,0.6957042523688468,long_nclose,2.504535308527849,0.001493225332420791,10.0
1655549580000.0,296825,1655549580000.0,0.021412345736075755,-0.00025473600000000004,1677.286640688261,1677.308773033997,-1.8,0.7076,1.8,0.6957042523688468,long_nclose,1.2522676542639244,0.00074660324829754,8.0
1655550480000.0,296840,1655550480000.0,0.003357448578691935,-8.4156e-05,1677.2899139808399,1677.2974688779973,-0.6,0.7013,1.2,0.6957042523688468,long_nclose,0.8348451028426161,0.0004977345275160062,15.0
1655550720000.0,296844,1655550720000.0,0.00223829905246129,-5.610400000000001e-05,1677.2920961758923,1677.2971327739972,-0.4,0.7013,0.8,0.6957042523688468,long_nclose,0.5565634018950775,0.0003318225866347327,4.0
1655551020000.0,296849,1655551020000.0,0.004758299052461279,-5.6608000000000004e-05,1677.2967978669446,1677.3005161659971,-0.4,0.7076,0.4,0.6957042523688468,long_nclose,0.27828170094753873,0.0001659108282454457,5.0
1655551620000.0,296859,1655551620000.0,0.0023791495262306395,-2.8304000000000002e-05,1677.299148712471,1677.301807861997,-0.2,0.7076,0.2,0.6957042523688468,long_nclose,0.13914085047376937,8.295529785523156e-05,10.0
1655551800000.0,296862,1655551800000.0,0.0011895747631153197,-1.4152000000000001e-05,1677.3003241352342,1677.3016537099973,-0.1,0.7076,0.1,0.6957042523688468,long_nclose,0.06957042523688468,4.1477619860804066e-05,3.0
1655552460000.0,296873,1655552460000.0,0.0011895747631153197,-1.4152000000000001e-05,1677.3014995579974,1677.3014995579974,-0.1,0.7076,0.0,0.6957042523688468,long_nclose,0.0,0.0,11.0
1655563620000.0,297059,1655563620000.0,0.0,-0.013424004,1677.2880755539975,1677.3665555539974,98.1,0.6842,98.1,0.6842,long_ientry_normal,67.12002,0.040016989912618726,186.0
1655564400000.0,297072,1655564400000.0,0.17984999999999837,-0.004510638,1677.4634149159974,1678.0389349159975,-32.7,0.6897,65.4,0.6842,long_nclose,44.746680000000005,0.02667520471809562,13.0
1655564580000.0,297075,1655564580000.0,0.1198999999999989,-0.0030070920000000003,1677.5803078239974,1677.8767878239973,-21.8,0.6897,43.6,0.6842,long_nclose,29.831120000000002,0.017782230669299036,3.0
1655564880000.0,297080,1655564880000.0,0.07974999999999927,-0.00200013,1677.6580576939975,1677.8268376939975,-14.5,0.6897,29.1,0.6842,long_nclose,19.910220000000002,0.011867865390499974,5.0
1655565180000.0,297085,1655565180000.0,0.0,-0.009451336,1677.6486063579976,1677.5223063579976,69.2,0.6829,98.3,0.6832848423194303,long_ientry_partial,67.1669,0.040036334036489575,5.0
1655566680000.0,297110,1655566680000.0,0.18034565615462753,-0.004504752,1677.8244472621523,1678.1337616059977,-32.7,0.6888,65.6,0.6832848423194303,long_nclose,44.823485656154624,0.026715241710357055,25.0
1655567160000.0,297118,1655567160000.0,0.12023043743641836,-0.003003168,1677.9416745315887,1678.1481984379975,-21.8,0.6888,43.8,0.6832848423194303,long_nclose,29.927876093591046,0.017836064595001887,8.0
1655567940000.0,297131,1655567940000.0,0.0,-0.007465302,1677.9342092295888,1677.4997231359978,54.9,0.6799,98.7,0.6814020880809629,long_ientry_partial,67.25438609359104,0.040081658579730846,13.0
1655569200000.0,297152,1655569200000.0,0.18088130213631845,-0.004519802,1678.1105707297252,1678.4789133339978,-32.9,0.6869,65.8,0.6814020880809629,long_nclose,44.83625739572736,0.026718297457735664,21.0
1655570580000.0,297175,1655570580000.0,0.0,-0.00451215,1678.1060585797252,1677.6015511839978,33.3,0.6775,99.1,0.6800908919851398,long_ientry_partial,67.39700739572736,0.040162543392977916,23.0
1655581620000.0,297359,1655581620000.0,0.0,-0.013424275999999999,1678.0926343037252,1675.838246907998,101.3,0.6626,200.4,0.6712494381024319,long_rentry,134.51838739572736,0.08016147895884293,184.0
1655582820000.0,297379,1655582820000.0,0.0,-0.01347583,1678.079158473725,1672.1508210779978,103.9,0.6485,304.3,0.6634818843106387,long_rentry,201.89753739572737,0.12031466833743447,20.0
1655587500000.0,297457,1655587500000.0,0.5392569309012305,-0.013563264000000002,1678.6048521406265,1680.941877813998,-101.4,0.6688,202.9,0.6634818843106387,long_nclose,134.6204743266286,0.08019783462138513,78.0
1655587500000.0,297457,1655587500000.0,1.147656930901231,-0.013684944,1679.7388241275276,1680.9079128699977,-101.4,0.6748,101.5,0.6634818843106387,long_nclose,67.34341125752982,0.040091596556690076,0.0
1655587560000.0,297458,1655587560000.0,1.7577887424701677,-0.01382024,1681.4827926299977,1681.4827926299977,-101.5,0.6808,0.0,0.6634818843106387,long_nclose,0.0,0.0,1.0
1655841480000.0,301690,1655841480000.0,0.0,-0.013456650000000002,1681.4693359799976,1681.4268859799977,84.9,0.7925,84.9,0.7925,long_ientry_normal,67.28325000000001,0.0400145566501133,4232.0
1655841660000.0,301693,1655841660000.0,0.18112000000000206,-0.004521774000000001,1681.6459342059975,1682.1836342059976,-28.3,0.7989,56.6,0.7925,long_nclose,44.8555,0.02667356967813732,3.0
1655842320000.0,301704,1655842320000.0,0.0,-0.004483286,1681.6414509199974,1681.4405209199974,28.3,0.7921,84.9,0.7923666666666667,long_ientry_partial,67.27193,0.040003729667341795,11.0
1655846040000.0,301766,1655846040000.0,0.18206333333333213,-0.0045212080000000005,1681.818993045331,1682.2510397119975,-28.3,0.7988,56.6,0.7923666666666667,long_nclose,44.847953333333336,0.026666337768088536,62.0
1655847120000.0,301784,1655847120000.0,0.12094666666666587,-0.0030034880000000003,1681.9369362239975,1682.1120762239975,-18.8,0.7988,37.8,0.7923666666666667,long_nclose,29.951459999999997,0.01780771880023159,18.0
1655848800000.0,301812,1655848800000.0,0.08105999999999947,-0.0020129759999999997,1682.0159832479974,1682.1579432479973,-12.6,0.7988,25.2,0.7923666666666667,long_nclose,19.96764,0.01187125461283798,28.0
1655849460000.0,301823,1655849460000.0,0.0,-0.009489928000000002,1682.0064933199974,1681.8844133199973,60.2,0.7882,85.4,0.7894295081967213,long_ientry_partial,67.41728,0.040081462388964775,11.0
1655850960000.0,301848,1655850960000.0,0.1809219672131135,-0.004520144,1682.1828951432105,1682.5574131759975,-28.4,0.7958,57.0,0.7894295081967213,long_nclose,44.99748196721311,0.026749458752154478,25.0
1655851380000.0,301855,1655851380000.0,0.3839090163934412,-0.00457653,1682.5622276296042,1682.9774866459977,-28.5,0.8029,28.5,0.7894295081967213,long_nclose,22.498740983606556,0.013371714052622476,7.0
1655852160000.0,301868,1655852160000.0,0.5862590163934442,-0.0046170000000000004,1683.1438696459975,1683.1438696459975,-28.5,0.81,0.0,0.7894295081967213,long_nclose,0.0,0.0,13.0
1655854980000.0,301915,1655854980000.0,0.0,-0.013465452,1683.1304041939975,1683.0703441939975,85.8,0.7847,85.8,0.7847,long_ientry_normal,67.32726,0.04000121430415315,47.0
1655855400000.0,301922,1655855400000.0,0.1801800000000024,-0.004524520000000001,1683.3060596739977,1683.7808196739977,-28.6,0.791,57.2,0.7847,long_nclose,44.88484,0.026664693412137272,7.0
1655855700000.0,301927,1655855700000.0,0.11970000000000158,-0.0030058000000000003,1683.4227538739976,1683.7016138739975,-19.0,0.791,38.2,0.7847,long_nclose,29.97554,0.01780630559437219,5.0
1655855940000.0,301931,1655855940000.0,0.2559400000000015,-0.0030487420000000006,1683.6756451319977,1684.0060751319977,-19.1,0.7981,19.1,0.7847,long_nclose,14.98777,0.008901815526840967,4.0
1655856660000.0,301943,1655856660000.0,0.0,-0.010480554000000001,1683.6651645779978,1683.3546245779978,66.9,0.7833,86.0,0.7836109302325581,long_ientry_partial,67.39054,0.04002609391570509,12.0
1655857680000.0,301960,1655857680000.0,0.17986739534883903,-0.004518228000000001,1683.8405137453465,1684.2072463499976,-28.6,0.7899,57.4,0.7836109302325581,long_nclose,44.979267395348835,0.026712308575651256,17.0
1655858820000.0,301979,1655858820000.0,0.12012123255814075,-0.0030174180000000004,1683.9576175599047,1684.1640189319978,-19.1,0.7899,38.3,0.7836109302325581,long_nclose,30.012298627906972,0.017822478615225196,19.0
1655860080000.0,302000,1655860080000.0,0.07987118604651243,-0.002006346,1684.0354823999514,1684.224642585998,-12.7,0.7899,25.6,0.7836109302325581,long_nclose,20.06043981395349,0.011912124194298431,21.0
1655860200000.0,302002,1655860200000.0,0.05345709302325635,-0.0013428300000000002,1684.0875966629746,1684.2139497559979,-8.5,0.7899,17.1,0.7836109302325581,long_nclose,13.399746906976745,0.007956680479999015,2.0
1655861280000.0,302020,1655861280000.0,0.11380709302325631,-0.0013549000000000002,1684.200048855998,1684.323794855998,-8.5,0.797,8.6,0.7836109302325581,long_nclose,6.739053999999999,0.004001338204791966,18.0
1655861400000.0,302022,1655861400000.0,0.05757300000000025,-0.0006854200000000001,1684.2569364359979,1684.318809435998,-4.3,0.797,4.3,0.7836109302325581,long_nclose,3.3695269999999997,0.0020006015276565507,2.0
1655861640000.0,302026,1655861640000.0,0.02811704651162803,-0.00033474000000000004,1684.2847187425095,1684.318574695998,-2.1,0.797,2.2,0.7836109302325581,long_nclose,1.723944046511628,0.0010235466885899957,4.0
1655862720000.0,302044,1655862720000.0,0.0,-0.013139392000000001,1684.2715793505095,1684.1388753039978,84.4,0.7784,86.6,0.7785323792899727,long_ientry_partial,67.42090404651162,0.040029710691022014,18.0
1655868600000.0,302142,1655868600000.0,0.18050747644878912,-0.004520448000000001,1684.4475663789583,1684.8213948559978,-28.8,0.7848,57.8,0.7785323792899727,long_nclose,44.99917152296042,0.02671449822548928,98.0
1655869380000.0,302155,1655869380000.0,0.0,-0.004572018,1684.4429943609582,1684.1337328379977,29.7,0.7697,87.5,0.775534417405262,long_ientry_partial,67.85926152296042,0.04028587595432684,13.0
1655874360000.0,302238,1655874360000.0,0.18232845350687826,-0.004550076000000001,1684.6207727384651,1685.0567627619978,-29.1,0.7818,58.4,0.775534417405262,long_nclose,45.2912099764673,0.02688510714660331,83.0
1655874840000.0,302246,1655874840000.0,0.12155230233791882,-0.003033384,1684.739291656803,1685.1084493779979,-19.4,0.7818,39.0,0.775534417405262,long_nclose,30.245842278805217,0.017952832481909358,8.0
1655878740000.0,302311,1655878740000.0,0.0,-0.007533499999999999,1684.7317581568032,1684.356015877998,49.4,0.7625,88.4,0.7682504782670272,long_ientry_partial,67.9133422788052,0.04031107145098662,65.0
1655884980000.0,302415,1655884980000.0,0.0,-0.013473000000000002,1684.7182851568032,1682.704742877998,90.0,0.7485,178.4,0.758286671966397,long_rentry,135.27834227880524,0.08029730755027353,104.0
1655887920000.0,302464,1655887920000.0,0.3631316851960172,-0.009081071999999999,1685.0723357699992,1685.871221805998,-59.4,0.7644,119.0,0.758286671966397,long_nclose,90.23611396400125,0.053550291016300836,49.0
1655888340000.0,302471,1655888340000.0,0.24208779013067813,-0.006054048,1685.30836951213,1685.920807757998,-39.6,0.7644,79.4,0.758286671966397,long_nclose,60.20796175413192,0.03572519002653572,7.0
1655888880000.0,302480,1655888880000.0,0.5126591229340396,-0.006123328,1685.814905307064,1686.359324429998,-39.7,0.7712,39.7,0.758286671966397,long_nclose,30.10398087706596,0.01785722785004244,9.0
1655889060000.0,302483,1655889060000.0,0.2556838950653396,-0.003053952,1686.0675352501294,1686.340430477998,-19.8,0.7712,19.9,0.758286671966397,long_nclose,15.089904772131298,0.0089497629582748,3.0
1655890260000.0,302503,1655890260000.0,0.1278419475326698,-0.001526976,1686.1938502216622,1686.3409835019982,-9.9,0.7712,10.0,0.758286671966397,long_nclose,7.58286671966397,0.004497031417038526,20.0
1655890440000.0,302506,1655890440000.0,0.19813328033603028,-0.0015562000000000002,1686.390427301998,1686.390427301998,-10.0,0.7781,0.0,0.758286671966397,long_nclose,0.0,0.0,3.0
1656159960000.0,306998,1656159960000.0,0.0,-0.013492512,1686.376934789998,1686.155174789998,79.2,0.8518,79.2,0.8518,long_ientry_normal,67.46256,0.040004437091284706,4492.0
1656161160000.0,307018,1656161160000.0,0.18216000000000043,-0.0045339360000000006,1686.554560853998,1686.881920853998,-26.4,0.8587,52.8,0.8518,long_nclose,44.97504,0.02666681591209631,20.0
1656161460000.0,307023,1656161460000.0,0.0,-0.00450924,1686.550051613998,1686.433811613998,26.5,0.8508,79.3,0.8514658259773014,long_ientry_partial,67.52123999999999,0.04003512373402935,5.0
1656164400000.0,307072,1656164400000.0,0.1804221941992428,-0.004531823999999999,1686.7259419841973,1687.124499789998,-26.4,0.8583,52.9,0.8514658259773014,long_nclose,45.04254219419924,0.026704126066391668,49.0
1656164760000.0,307078,1656164760000.0,0.12028146279949521,-0.003021216,1686.843202230997,1687.1444585739982,-17.6,0.8583,35.3,0.8514658259773014,long_nclose,30.056743656998737,0.017818338786465795,6.0
1656172260000.0,307203,1656172260000.0,0.0,-0.007547904,1686.835654326997,1686.4835906699982,44.8,0.8424,80.1,0.8463953015855024,long_ientry_partial,67.79626365699873,0.040191386447808786,125.0
1656178020000.0,307299,1656178020000.0,0.18168544766708594,-0.004556088,1687.012783686664,1687.4188745819984,-26.7,0.8532,53.4,0.8463953015855024,long_nclose,45.197509104665826,0.02679144434572379,96.0
1656178320000.0,307304,1656178320000.0,0.3846054476670873,-0.004596672,1687.3927924623313,1687.7560379099984,-26.7,0.8608,26.7,0.8463953015855024,long_nclose,22.598754552332913,0.013392705393363472,5.0
1656178380000.0,307305,1656178380000.0,0.1915824889128188,-0.0022897280000000004,1687.5820852232441,1687.7643881819984,-13.3,0.8608,13.4,0.8463953015855024,long_nclose,11.341697041245732,0.006720678739455438,1.0
1656178440000.0,307306,1656178440000.0,0.09651147937713427,-0.001153472,1687.6774432306213,1687.7685947099985,-6.7,0.8608,6.7,0.8463953015855024,long_nclose,5.670848520622866,0.0033601495021273113,1.0
1656178500000.0,307307,1656178500000.0,0.04753550476784225,-0.000568128,1687.7244106073892,1687.7774665819986,-3.3,0.8608,3.4,0.8463953015855024,long_nclose,2.877744025390708,0.0017051030412927705,1.0
1656180960000.0,307348,1656180960000.0,0.007485168255947362,-0.00018770400000000002,1687.7317080716452,1687.7468988779985,-1.1,0.8532,2.3,0.8463953015855024,long_nclose,1.9467091936466552,0.0011534470700150028,41.0
1656181080000.0,307350,1656181080000.0,0.004763288890148321,-0.00011944799999999999,1687.7363519125354,1687.7485194299986,-0.7,0.8532,1.6,0.8463953015855024,long_nclose,1.354232482536804,0.0008023957539352599,2.0
1656182760000.0,307378,1656182760000.0,0.011523758731598123,-0.00013772800000000002,1687.7477379432669,1687.7586217019984,-0.8,0.8608,0.8,0.8463953015855024,long_nclose,0.677116241268402,0.00040119517037158253,28.0
1656182820000.0,307379,1656182820000.0,0.005761879365799061,-6.886400000000001e-05,1687.7534309586326,1687.7592728379984,-0.4,0.8608,0.4,0.8463953015855024,long_nclose,0.338558120634201,0.00020059690854362669,1.0
1656183000000.0,307382,1656183000000.0,0.0028809396828995307,-3.4432000000000005e-05,1687.7562774663156,1687.7591984059986,-0.2,0.8608,0.2,0.8463953015855024,long_nclose,0.1692790603171005,0.00010029828511212809,3.0
1656183300000.0,307387,1656183300000.0,0.004420939682899539,-3.474e-05,1687.7606636659984,1687.7606636659984,-0.2,0.8685,0.0,0.8463953015855024,long_nclose,0.0,0.0,5.0
1656256020000.0,308599,1656256020000.0,0.0,-0.013495288,1687.7471683779984,1687.7235283779985,78.8,0.8563,78.8,0.8563,long_ientry_normal,67.47644,0.03998018261517684,1212.0
1656258060000.0,308633,1656258060000.0,0.18078000000000044,-0.004523168,1687.9234252099982,1688.2232452099981,-26.2,0.8632,52.6,0.8563,long_nclose,45.04138,0.026684492511499035,34.0
1656258120000.0,308634,1656258120000.0,0.1207500000000003,-0.0030212,1688.0411540099983,1688.3465240099983,-17.5,0.8632,35.1,0.8563,long_nclose,30.05613,0.017805330118048756,1.0
1656260400000.0,308672,1656260400000.0,0.08073000000000019,-0.002019888,1688.1198641219983,1688.3234441219984,-11.7,0.8632,23.4,0.8563,long_nclose,20.037419999999997,0.011869666618976482,38.0
1656260940000.0,308681,1656260940000.0,0.17082000000000067,-0.002037906,1688.2886462159984,1688.4606362159984,-11.7,0.8709,11.7,0.8563,long_nclose,10.018709999999999,0.005934239990569842,9.0
1656261060000.0,308683,1656261060000.0,0.08468000000000032,-0.001010244,1688.3723159719982,1688.4531459719983,-5.8,0.8709,5.9,0.8563,long_nclose,5.05217,0.0029923316985279156,2.0
1656261120000.0,308684,1656261120000.0,0.04234000000000016,-0.000505122,1688.4141508499981,1688.455250849998,-2.9,0.8709,3.0,0.8563,long_nclose,2.5688999999999997,0.001521486892719265,1.0
1656261240000.0,308686,1656261240000.0,0.021900000000000086,-0.00026127,1688.435789579998,1688.459339579998,-1.5,0.8709,1.5,0.8563,long_nclose,1.2844499999999999,0.0007607336967901571,2.0
1656262260000.0,308703,1656262260000.0,0.033450000000000146,-0.00026358,1688.468975999998,1688.468975999998,-1.5,0.8786,0.0,0.8563,long_nclose,0.0,0.0,17.0
1656264180000.0,308735,1656264180000.0,0.0,-0.013512719999999999,1688.455463279998,1687.979663279998,79.3,0.852,79.3,0.852,long_ientry_normal,67.5636,0.04001503235907139,32.0
1656266280000.0,308770,1656266280000.0,0.18216000000000043,-0.004534992,1688.6330882879981,1689.056288287998,-26.4,0.8589,52.9,0.852,long_nclose,45.0708,0.026690700491777363,35.0
1656267000000.0,308782,1656267000000.0,0.0,-0.004530456,1688.628557831998,1688.406277831998,26.7,0.8484,79.6,0.8507924623115579,long_ientry_partial,67.72308000000001,0.04010537408353945,12.0
1656273960000.0,308898,1656273960000.0,0.18304974874371566,-0.004545810000000001,1688.8070617707417,1689.189782021998,-26.5,0.8577,53.1,0.8507924623115579,long_nclose,45.17707974874373,0.026750882780756984,116.0
1656275640000.0,308926,1656275640000.0,0.12226341708542517,-0.003036258,1688.926288929827,1689.2168357639978,-17.7,0.8577,35.4,0.8507924623115579,long_nclose,30.11805316582915,0.01783266289549746,28.0
1656276480000.0,308940,1656276480000.0,0.2567834170854241,-0.003063162,1689.1800091849125,1689.466882601998,-17.7,0.8653,17.7,0.8507924623115579,long_nclose,15.059026582914575,0.008914992186167935,14.0
1656276600000.0,308942,1656276600000.0,0.12766633165828997,-0.0015229280000000002,1689.3061525885707,1689.450399673998,-8.8,0.8653,8.9,0.8507924623115579,long_nclose,7.572052914572866,0.004482344957407513,2.0
1656280020000.0,308999,1656280020000.0,0.06383316582914499,-0.0007614640000000001,1689.3692242903999,1689.4376582099978,-4.4,0.8653,4.5,0.8507924623115579,long_nclose,3.8285660804020107,0.0022662695788187785,57.0
1656282180000.0,309035,1656282180000.0,0.0,-0.012768072000000002,1689.3564562184,1689.2334301379979,76.2,0.8378,80.7,0.8385244867459977,long_ientry_partial,67.66892608040202,0.04005603780736597,36.0
1656286860000.0,309113,1656286860000.0,0.0,-0.01351318,1689.3429430383999,1687.6059169579978,82.7,0.817,163.4,0.8276305145679437,long_rentry,135.234826080402,0.08005173054866695,78.0
1656289380000.0,309155,1656289380000.0,0.3628200075038663,-0.009077184,1689.6966858619037,1690.4999597739977,-54.4,0.8343,109.0,0.8276305145679437,long_nclose,90.21172608790586,0.05338930166741105,42.0
1656289980000.0,309165,1656289980000.0,0.24210232118364605,-0.006057018,1689.9327311650873,1690.4684927559977,-36.3,0.8343,72.7,0.8276305145679437,long_nclose,60.16873840908951,0.03560422098435095,10.0
1656290220000.0,309169,1656290220000.0,0.16140154745576404,-0.004038012,1690.0900947005432,1690.447514743998,-24.2,0.8343,48.5,0.8276305145679437,long_nclose,40.14007995654527,0.02375026046387039,4.0
1656290460000.0,309173,1656290460000.0,0.1073787154561075,-0.0026864460000000008,1690.1947869699993,1690.433558297998,-16.1,0.8343,32.4,0.8276305145679437,long_nclose,26.815228672001375,0.015865170617448687,4.0
1656290700000.0,309177,1656290700000.0,0.07203044266620875,-0.0018020880000000003,1690.2650153246655,1690.424196209998,-10.8,0.8343,21.6,0.8276305145679437,long_nclose,17.876819114667583,0.010576340959901965,4.0
1656291060000.0,309183,1656291060000.0,0.048020295110805834,-0.0012013920000000001,1690.3118342277762,1690.4179548179977,-7.2,0.8343,14.4,0.8276305145679437,long_nclose,11.91787940977839,0.007050698674912317,6.0
1656291420000.0,309189,1656291420000.0,0.032013530073870554,-0.0008009280000000001,1690.3430468298502,1690.384993889998,-4.8,0.8343,9.6,0.8276305145679437,long_nclose,7.945252939852259,0.0047003789880126195,6.0
1656291540000.0,309191,1656291540000.0,0.02134235338258037,-0.0005339520000000001,1690.3638552312327,1690.417419937998,-3.2,0.8343,6.4,0.8276305145679437,long_nclose,5.29683529323484,0.0031335474175234663,2.0
1656292020000.0,309199,1656292020000.0,0.014005919407318369,-0.00035040600000000005,1690.37751074464,1690.4134995319978,-2.1,0.8343,4.3,0.8276305145679437,long_nclose,3.5588112126421576,0.0021053351633117984,8.0
1656292920000.0,309214,1656292920000.0,0.009337279604878911,-0.00023360400000000002,1690.3866144202448,1690.4166859279978,-1.4,0.8343,2.9,0.8276305145679437,long_nclose,2.4001284922470365,0.0014198695563323622,15.0
1656294480000.0,309240,1656294480000.0,0.006002536888850729,-0.00015017400000000002,1690.3924667831336,1690.4072057539977,-0.9,0.8343,2.0,0.8276305145679437,long_nclose,1.6552610291358874,0.000979216993486665,26.0
1656294900000.0,309247,1656294900000.0,0.004001691259233819,-0.00010011600000000002,1690.3963683583927,1690.4108856379976,-0.6,0.8343,1.4,0.8276305145679437,long_nclose,1.158682720395121,0.0006854503133607423,7.0
1656296100000.0,309267,1656296100000.0,0.00991863980243942,-0.00011785200000000001,1690.4061691461952,1690.4162277859978,-0.7,0.8418,0.7,0.8276305145679437,long_nclose,0.5793413601975606,0.00034272316959786013,20.0
1656297060000.0,309283,1656297060000.0,0.004250845629616895,-5.0508e-05,1690.410369483825,1690.4157172779978,-0.3,0.8418,0.4,0.8276305145679437,long_nclose,0.3310522058271775,0.00019584132457035617,16.0
1656297120000.0,309284,1656297120000.0,0.0028338970864112637,-3.3672000000000006e-05,1690.4131697089115,1690.4162436059978,-0.2,0.8418,0.2,0.8276305145679437,long_nclose,0.16552610291358874,9.792050007637617e-05,1.0
1656299640000.0,309326,1656299640000.0,0.004313897086411256,-3.3968e-05,1690.4174496379978,1690.4174496379978,-0.2,0.8492,0.0,0.8276305145679437,long_nclose,0.0,0.0,42.0
1656337380000.0,309955,1656337380000.0,0.0,-0.013525181999999998,1690.4039244559979,1690.181714455998,82.3,0.8217,82.3,0.8217,long_ientry_normal,67.62590999999999,0.04000576963979968,629.0
1656344760000.0,310078,1656344760000.0,0.18084000000000136,-0.004539084,1690.5802253719978,1690.926095371998,-27.4,0.8283,54.9,0.8217,long_nclose,45.111329999999995,0.026683933316488207,123.0
1656353220000.0,310219,1656353220000.0,0.0,-0.0046959440000000005,1690.5755294279977,1689.6008794279978,29.2,0.8041,84.1,0.8155891795481569,long_ientry_partial,68.59105,0.040572603120079244,141.0
1656353760000.0,310228,1656353760000.0,0.1851029726516078,-0.00460432,1690.7560280806492,1691.2278751079975,-28.0,0.8222,56.1,0.8155891795481569,long_nclose,45.7545529726516,0.02706159387442332,9.0
1656353880000.0,310230,1656353880000.0,0.12362234244946663,-0.003075028,1690.8765753950986,1691.1911400799975,-18.7,0.8222,37.4,0.8155891795481569,long_nclose,30.503035315101066,0.018039776385200424,2.0
1656354120000.0,310234,1656354120000.0,0.26013234244946615,-0.00310233,1691.133605407548,1691.4591877499975,-18.7,0.8295,18.7,0.8155891795481569,long_nclose,15.251517657550533,0.009018517288511368,4.0
1656354360000.0,310238,1656354360000.0,0.39851234244946543,-0.003130006,1691.5289877439975,1691.5289877439975,-18.7,0.8369,0.0,0.8155891795481569,long_nclose,0.0,0.0,4.0
1656439980000.0,311665,1656439980000.0,0.0,-0.013527903999999999,1691.5154598399974,1691.5799398399975,80.6,0.8392,80.6,0.8392,long_ientry_normal,67.63951999999999,0.039987526928307295,1427.0
1656440340000.0,311671,1656440340000.0,0.18224000000000076,-0.00453456,1691.6931652799976,1692.0590052799976,-26.8,0.846,53.8,0.8392,long_nclose,45.148959999999995,0.026688622338039206,6.0
1656440400000.0,311672,1656440400000.0,0.1217200000000005,-0.0030286799999999997,1691.8118565999978,1692.0559765999978,-17.9,0.846,35.9,0.8392,long_nclose,30.127279999999995,0.01780770118288816,1.0
1656440460000.0,311673,1656440460000.0,0.08092000000000034,-0.00201348,1691.890763119998,1692.077963119998,-11.9,0.846,24.0,0.8392,long_nclose,20.1408,0.011904314651413169,1.0
1656440640000.0,311676,1656440640000.0,0.17160000000000108,-0.0020484,1692.060314719998,1692.2499147199978,-12.0,0.8535,12.0,0.8392,long_nclose,10.0704,0.005951560894368265,3.0
1656440820000.0,311679,1656440820000.0,0.08580000000000054,-0.0010242,1692.145090519998,1692.2458905199978,-6.0,0.8535,6.0,0.8392,long_nclose,5.0352,0.0029756313617602835,3.0
1656441240000.0,311686,1656441240000.0,0.04290000000000027,-0.0005121,1692.187478419998,1692.2318784199979,-3.0,0.8535,3.0,0.8392,long_nclose,2.5176,0.0014877784123250297,7.0
1656441360000.0,311688,1656441360000.0,0.021450000000000136,-0.00025605,1692.2086723699979,1692.230872369998,-1.5,0.8535,1.5,0.8392,long_nclose,1.2588,0.0007438798893738124,2.0
1656441540000.0,311691,1656441540000.0,0.010010000000000062,-0.00011949000000000001,1692.2185628799978,1692.2344028799978,-0.7,0.8535,0.8,0.8392,long_nclose,0.67136,0.00039673362219677346,3.0
1656441840000.0,311696,1656441840000.0,0.017520000000000025,-0.00013777600000000002,1692.235945103998,1692.235945103998,-0.8,0.8611,0.0,0.8392,long_nclose,0.0,0.0,5.0
1656457020000.0,311949,1656457020000.0,0.0,-0.013535616,1692.222409487998,1692.173929487998,80.8,0.8376,80.8,0.8376,long_ientry_normal,67.67808,0.03999360818089911,253.0
1656458040000.0,311966,1656458040000.0,0.18292000000000075,-0.004542872,1692.400786615998,1692.7457466159979,-26.9,0.8444,53.9,0.8376,long_nclose,45.14664,0.02667609254086436,17.0
1656458100000.0,311967,1656458100000.0,0.1217200000000005,-0.0030229519999999998,1692.519483663998,1692.821883663998,-17.9,0.8444,36.0,0.8376,long_nclose,30.1536,0.01781580672544042,1.0
1656458220000.0,311969,1656458220000.0,0.08160000000000034,-0.00202656,1692.599057103998,1692.704657103998,-12.0,0.8444,24.0,0.8376,long_nclose,20.1024,0.011876646105661191,2.0
1656458460000.0,311973,1656458460000.0,0.054400000000000226,-0.0013510400000000002,1692.652106063998,1692.770506063998,-8.0,0.8444,16.0,0.8376,long_nclose,13.4016,0.007917515921900431,4.0
1656459000000.0,311982,1656459000000.0,0.11439999999999984,-0.00136304,1692.765143023998,1692.856343023998,-8.0,0.8519,8.0,0.8376,long_nclose,6.7008,0.003958493608882755,9.0
1656459540000.0,311991,1656459540000.0,0.017680000000000074,-0.000439088,1692.782383935998,1692.8277439359981,-2.6,0.8444,5.4,0.8376,long_nclose,4.52304,0.0026719559719679893,9.0
1656460020000.0,311999,1656460020000.0,0.03860999999999995,-0.00046002600000000004,1692.8205339099982,1692.8594139099982,-2.7,0.8519,2.7,0.8376,long_nclose,2.26152,0.0013359478779339038,8.0
1656460620000.0,312009,1656460620000.0,0.058860000000000114,-0.00046407600000000006,1692.8789298339982,1692.8789298339982,-2.7,0.8594,0.0,0.8376,long_nclose,0.0,0.0,10.0
1656483720000.0,312394,1656483720000.0,0.0,-0.013539187999999999,1692.865390645998,1692.954050645998,80.6,0.8399,80.6,0.8399,long_ientry_normal,67.69594,0.039988968038484854,385.0
1656483840000.0,312396,1656483840000.0,0.18224000000000076,-0.004538312,1693.0430923339982,1693.3712723339981,-26.8,0.8467,53.8,0.8399,long_nclose,45.18662,0.02668958646392547,2.0
1656484020000.0,312399,1656484020000.0,0.1217200000000005,-0.003031186,1693.1617811479982,1693.4166711479982,-17.9,0.8467,35.9,0.8399,long_nclose,30.15241,0.017808345508221933,3.0
1656484380000.0,312405,1656484380000.0,0.2559699999999996,-0.0030580359999999997,1693.414693111998,1693.776493111998,-17.9,0.8542,18.0,0.8399,long_nclose,15.1182,0.008927641918718206,6.0
1656484920000.0,312414,1656484920000.0,0.39420000000000055,-0.00310248,1693.805790631998,1693.805790631998,-18.0,0.8618,0.0,0.8399,long_nclose,0.0,0.0,9.0
1656570600000.0,313842,1656570600000.0,0.0,-0.013552544000000001,1693.792238087998,1692.8823180879979,75.2,0.9011,75.2,0.9011,long_ientry_normal,67.76272,0.040006512296037286,1428.0
1656570660000.0,313843,1656570660000.0,0.0,-0.01355632,1693.778681767998,1692.651161767998,77.2,0.878,152.4,0.8893984251968503,long_rentry,135.54432,0.08002481165869693,1.0
1656573720000.0,313894,1656573720000.0,0.365840000000002,-0.009109455999999998,1694.135412311998,1695.009332311998,-50.8,0.8966,101.6,0.8893984251968503,long_nclose,90.36287999999999,0.05333864066785616,51.0
1656573900000.0,313897,1656573900000.0,0.243413228346458,-0.006061016,1694.3727645243443,1695.023751295998,-33.8,0.8966,67.8,0.8893984251968503,long_nclose,60.30121322834645,0.03558910677207126,3.0
1656574020000.0,313899,1656574020000.0,0.5153333858267732,-0.006133188,1694.8819647221712,1695.478658107998,-33.9,0.9046,33.9,0.8893984251968503,long_nclose,30.150606614173224,0.017789207296872486,2.0
1656574440000.0,313906,1656574440000.0,0.0,-0.00749591,1694.8744688121712,1695.085312197998,41.9,0.8945,75.8,0.8922184249890925,long_ientry_partial,67.63015661417322,0.03990275259829175,7.0
1656574800000.0,313912,1656574800000.0,0.1809756902748674,-0.004532976,1695.050911526446,1695.4446592219979,-25.2,0.8994,50.6,0.8922184249890925,long_nclose,45.14625230444808,0.026634157120267545,6.0
1656574980000.0,313915,1656574980000.0,0.38409384777595834,-0.004591444,1695.4304139302221,1695.829687777998,-25.3,0.9074,25.3,0.8922184249890925,long_nclose,22.57312615222404,0.013314097686791333,3.0
1656575100000.0,313917,1656575100000.0,0.1912878451374338,-0.002286648,1695.6194151273594,1695.845241129998,-12.6,0.9074,12.7,0.8922184249890925,long_nclose,11.331173997361475,0.006682616332575067,2.0
1656575160000.0,313918,1656575160000.0,0.2956760026385245,-0.0023253699999999998,1695.912765759998,1695.912765759998,-12.7,0.9155,0.0,0.8922184249890925,long_nclose,0.0,0.0,1.0
1656580140000.0,314001,1656580140000.0,0.0,-0.013572243999999999,1695.899193515998,1695.868673515998,76.3,0.8894,76.3,0.8894,long_ientry_normal,67.86121999999999,0.04001489018890782,83.0
1656580200000.0,314002,1656580200000.0,0.1828799999999996,-0.004554727999999999,1696.077518787998,1696.311658787998,-25.4,0.8966,50.9,0.8894,long_nclose,45.27046,0.026691268234219547,1.0
1656580380000.0,314005,1656580380000.0,0.12167999999999972,-0.003030508,1696.1961682799981,1696.4885682799982,-16.9,0.8966,34.0,0.8894,long_nclose,30.2396,0.017827890762578485,3.0
1656580500000.0,314007,1656580500000.0,0.25839999999999985,-0.00307564,1696.4514926399982,1696.7676926399981,-17.0,0.9046,17.0,0.8894,long_nclose,15.1198,0.008912603788317427,2.0
1656580680000.0,314010,1656580680000.0,0.12919999999999993,-0.00153782,1696.5791548199982,1696.711754819998,-8.5,0.9046,8.5,0.8894,long_nclose,7.5599,0.004455966571628709,3.0
1656580920000.0,314014,1656580920000.0,0.020159999999999956,-0.0005020959999999999,1696.5988127239982,1696.6421327239982,-2.8,0.8966,5.7,0.8894,long_nclose,5.06958,0.002988084137498873,4.0
1656581040000.0,314016,1656581040000.0,0.04255999999999997,-0.0005065759999999999,1696.6408661479984,1696.6948061479984,-2.8,0.9046,2.9,0.8894,long_nclose,2.5792599999999997,0.0015202156516811202,2.0
1656581040000.0,314016,1656581040000.0,0.06727999999999999,-0.000529308,1696.7076168399983,1696.7076168399983,-2.9,0.9126,0.0,0.8894,long_nclose,0.0,0.0,0.0
1656596640000.0,314276,1656596640000.0,0.0,-0.013580364000000001,1696.6940364759982,1696.8388164759983,76.2,0.8911,76.2,0.8911,long_ientry_normal,67.90182,0.04002007347242807,260.0
1656596700000.0,314277,1656596700000.0,0.1828799999999996,-0.004563364,1696.8723531119983,1697.4260731119984,-25.4,0.8983,50.8,0.8911,long_nclose,45.26788,0.02667724529601797,1.0
1656596820000.0,314279,1656596820000.0,0.38607999999999976,-0.004604004,1697.2538291079984,1697.5814891079983,-25.4,0.9063,25.4,0.8911,long_nclose,22.63394,0.013335624649552505,2.0
1656597120000.0,314284,1656597120000.0,0.19303999999999988,-0.002302002,1697.4445671059984,1697.6083971059984,-12.7,0.9063,12.7,0.8911,long_nclose,11.31697,0.0066670630778208504,5.0
1656597660000.0,314293,1656597660000.0,0.09575999999999994,-0.0011419380000000001,1697.5391851679983,1697.6601451679983,-6.3,0.9063,6.4,0.8911,long_nclose,5.7030400000000006,0.0033595925501039878,9.0
1656597840000.0,314296,1656597840000.0,0.14848,-0.0011703040000000003,1697.6864948639984,1697.6864948639984,-6.4,0.9143,0.0,0.8911,long_nclose,0.0,0.0,3.0
1656649560000.0,315158,1656649560000.0,0.0,-0.013586816,1697.6729080479984,1697.7588280479983,71.6,0.9488,71.6,0.9488,long_ientry_normal,67.93408,0.04001600053694165,862.0
1656649860000.0,315163,1656649860000.0,0.18088000000000123,-0.004552464000000001,1697.8492355839983,1698.3845955839984,-23.8,0.9564,47.8,0.9488,long_nclose,45.352639999999994,0.02671181813407616,5.0
1656649980000.0,315165,1656649980000.0,0.3871799999999998,-0.0046127,1698.2318028839982,1698.571182883998,-23.9,0.965,23.9,0.9488,long_nclose,22.676319999999997,0.01335290032932504,2.0
1656650580000.0,315175,1656650580000.0,0.0,-0.009046782000000001,1698.2227561019981,1698.3325261019982,47.7,0.9483,71.6,0.948466899441341,long_ientry_partial,67.91023000000001,0.039989000121442964,10.0
1656659580000.0,315325,1656659580000.0,0.18166779329608315,-0.0045510360000000005,1698.3998728592942,1698.7599550659982,-23.8,0.9561,47.8,0.948466899441341,long_nclose,45.336717793296096,0.026693783082408454,150.0
1656659640000.0,315326,1656659640000.0,0.1213662988826774,-0.003040398,1698.518198760177,1698.6947046679982,-15.9,0.9561,31.9,0.948466899441341,long_nclose,30.256094092178778,0.017813229269055833,1.0
1656659760000.0,315328,1656659760000.0,0.08091086592178494,-0.002026932,1698.5970826940988,1698.7362377359982,-10.6,0.9561,21.3,0.948466899441341,long_nclose,20.202344958100564,0.011893547424477012,2.0
1656659820000.0,315329,1656659820000.0,0.054195013966478585,-0.001357662,1698.6499200460655,1698.7568900739984,-7.1,0.9561,14.2,0.948466899441341,long_nclose,13.468229972067041,0.007928784979839634,1.0
1656659880000.0,315330,1656659880000.0,0.03587557262569709,-0.000898734,1698.6848968846912,1698.7849613399985,-4.7,0.9561,9.5,0.948466899441341,long_nclose,9.01043554469274,0.005304359602665249,1.0
1656660000000.0,315332,1656660000000.0,0.07629557262569735,-0.000906818,1698.7602856393169,1698.8348445219983,-4.7,0.9647,4.8,0.948466899441341,long_nclose,4.552641117318436,0.002679978544238854,2.0
1656660120000.0,315334,1656660120000.0,0.038959441340781616,-0.00046305600000000005,1698.7987820246576,1698.8360614659985,-2.4,0.9647,2.4,0.948466899441341,long_nclose,2.276320558659218,0.001339958906696566,2.0
1656660180000.0,315335,1656660180000.0,0.019479720670390808,-0.00023152800000000002,1698.818030217328,1698.8390699379984,-1.2,0.9647,1.2,0.948466899441341,long_nclose,1.138160279329609,0.0006699718622506058,1.0
1656660300000.0,315337,1656660300000.0,0.009739860335195404,-0.00011576400000000001,1698.8276543136633,1698.8363741739986,-0.6,0.9647,0.6,0.948466899441341,long_nclose,0.5690801396648045,0.000334984033383137,2.0
1656660360000.0,315338,1656660360000.0,0.004869930167597702,-5.7882000000000006e-05,1698.832466361831,1698.8389262919986,-0.3,0.9647,0.3,0.948466899441341,long_nclose,0.28454006983240226,0.00016749154226005863,1.0
1656660840000.0,315346,1656660840000.0,0.007419930167597687,-5.8392e-05,1698.8398278999985,1698.8398278999985,-0.3,0.9732,0.0,0.948466899441341,long_nclose,0.0,0.0,8.0
1656662400000.0,315372,1656662400000.0,0.0,-0.013586596000000001,1698.8262413039984,1698.3280613039983,72.2,0.9409,72.2,0.9409,long_ientry_normal,67.93298,0.0399881861654406,26.0
1656663060000.0,315383,1656663060000.0,0.18240000000000123,-0.0045528,1699.0040885039982,1699.4427085039981,-24.0,0.9485,48.2,0.9409,long_nclose,45.35138,0.02669291987397903,11.0
1656663240000.0,315386,1656663240000.0,0.3880100000000001,-0.004612740000000001,1699.387485763998,1699.871895763998,-24.1,0.957,24.1,0.9409,long_nclose,22.67569,0.013343448854341558,3.0
1656663600000.0,315392,1656663600000.0,0.19320000000000004,-0.0022968000000000003,1699.578388963998,1699.761098963998,-12.0,0.957,12.1,0.9409,long_nclose,11.384889999999999,0.006698655427679226,6.0
1656663660000.0,315393,1656663660000.0,0.09660000000000002,-0.0011484000000000002,1699.673840563998,1699.784250563998,-6.0,0.957,6.1,0.9409,long_nclose,5.739489999999999,0.0033768184595319066,1.0
1656664020000.0,315399,1656664020000.0,0.015200000000000102,-0.0003794,1699.6886611639982,1699.7095711639981,-2.0,0.9485,4.1,0.9409,long_nclose,3.8576899999999994,0.0022696450756799994,6.0
1656664260000.0,315403,1656664260000.0,0.009880000000000068,-0.00024661,1699.6982945539983,1699.7237745539983,-1.3,0.9485,2.8,0.9409,long_nclose,2.6345199999999998,0.0015499927301458516,4.0
1656665220000.0,315419,1656665220000.0,0.0,-0.01306392,1699.6852306339983,1699.8595106339983,69.6,0.9385,72.4,0.9385928176795578,long_ientry_partial,67.95411999999999,0.039980414476304224,16.0
1656668520000.0,315474,1656668520000.0,0.0,-0.013589470000000001,1699.6716411639984,1698.1473711639985,74.3,0.9145,146.7,0.9263903885480572,long_rentry,135.90147,0.07995748514514815,55.0
1656683100000.0,315717,1656683100000.0,0.3672199999999996,-0.009133542,1700.0297276219985,1700.9695476219986,-48.9,0.9339,97.8,0.9263903885480572,long_nclose,90.60097999999999,0.05329376217834299,243.0
1656683280000.0,315720,1656683280000.0,0.2448133333333331,-0.006089028,1700.2684519273319,1700.8949985939985,-32.6,0.9339,65.2,0.9263903885480572,long_nclose,60.40065333333333,0.03552418635120027,3.0
1656683400000.0,315722,1656683400000.0,0.1629585685071573,-0.004053126,1700.427357369839,1700.6278754679986,-21.7,0.9339,43.5,0.9263903885480572,long_nclose,40.29798190184049,0.023698737689195958,2.0
1656683520000.0,315724,1656683520000.0,0.10888936605316962,-0.00270831,1700.5335384258922,1700.7542171579985,-14.5,0.9339,29.0,0.9263903885480572,long_nclose,26.86532126789366,0.015798171962407567,2.0
1656683820000.0,315729,1656683820000.0,0.07209226993865023,-0.001793088,1700.6038376078307,1700.7514640699983,-9.6,0.9339,19.4,0.9263903885480572,long_nclose,17.97197353783231,0.010567995402805126,5.0
1656692700000.0,315877,1656692700000.0,0.048061513292433494,-0.001195392,1700.650703729123,1700.7366286779984,-6.4,0.9339,13.0,0.9263903885480572,long_nclose,12.043075051124744,0.007081451249640588,148.0
1656692760000.0,315878,1656692760000.0,0.03229132924335375,-0.000803154,1700.6821919043664,1700.7570955239983,-4.3,0.9339,8.7,0.9263903885480572,long_nclose,8.059596380368097,0.004739037322042653,1.0
1656693540000.0,315891,1656693540000.0,0.021777873210633923,-0.000541662,1700.703428115577,1700.7475638619983,-2.9,0.9339,5.8,0.9263903885480572,long_nclose,5.373064253578732,0.0031593187646668207,13.0
1656693660000.0,315893,1656693660000.0,0.01426826175869119,-0.000354882,1700.7173414953356,1700.7548189799982,-1.9,0.9339,3.9,0.9263903885480572,long_nclose,3.612922515337423,0.0021243521349413675,2.0
1656694260000.0,315903,1656694260000.0,0.030038261758691353,-0.000358036,1700.7470217210941,1700.784240943998,-1.9,0.9422,2.0,0.9263903885480572,long_nclose,1.8527807770961144,0.0010893923396209553,10.0
1656694500000.0,315907,1656694500000.0,0.015809611451942818,-0.00018844,1700.762642892546,1700.7802525039979,-1.0,0.9422,1.0,0.9263903885480572,long_nclose,0.9263903885480572,0.000544691166882942,4.0
1656697140000.0,315951,1656697140000.0,0.007904805725971409,-9.422e-05,1700.770453478272,1700.778758283998,-0.5,0.9422,0.5,0.9263903885480572,long_nclose,0.4631951942740286,0.0002723443327268186,44.0
1656697560000.0,315958,1656697560000.0,0.0031619222903885636,-3.768800000000001e-05,1700.7735777125624,1700.777960595998,-0.2,0.9422,0.3,0.9263903885480572,long_nclose,0.27791711656441714,0.00016340629946650444,7.0
1656697680000.0,315960,1656697680000.0,0.0015809611451942818,-1.8844000000000005e-05,1700.7751398297078,1700.7788617519982,-0.1,0.9422,0.2,0.9263903885480572,long_nclose,0.18527807770961147,0.00010893743292141645,2.0
1656698280000.0,315970,1656698280000.0,0.0015809611451942818,-1.8844000000000005e-05,1700.776701946853,1700.7783629079984,-0.1,0.9422,0.1,0.9263903885480572,long_nclose,0.09263903885480573,5.446866643267352e-05,10.0
1656698820000.0,315979,1656698820000.0,0.0015809611451942818,-1.8844000000000005e-05,1700.7782640639984,1700.7782640639984,-0.1,0.9422,0.0,0.9263903885480572,long_nclose,0.0,0.0,9.0
1656716220000.0,316269,1656716220000.0,0.0,-0.013609132,1700.7646549319984,1699.9535949319984,75.8,0.8977,75.8,0.8977,long_ientry_normal,68.04566,0.04000886295624521,290.0
1656717900000.0,316297,1656717900000.0,0.1814399999999996,-0.004560696,1700.9415342359985,1701.3109142359986,-25.2,0.9049,50.6,0.8977,long_nclose,45.42362000000001,0.026704986083135807,28.0
1656718320000.0,316304,1656718320000.0,0.12095999999999973,-0.0030404640000000005,1701.0594537719985,1701.2047937719985,-16.8,0.9049,33.8,0.8977,long_nclose,30.34226,0.01783727190294133,7.0
1656718380000.0,316305,1656718380000.0,0.08063999999999982,-0.0020269759999999998,1701.1380667959984,1701.2578467959984,-11.2,0.9049,22.6,0.8977,long_nclose,20.288020000000003,0.011926145441099554,1.0
1656718620000.0,316309,1656718620000.0,0.05399999999999988,-0.0013573500000000002,1701.1907094459984,1701.3009394459984,-7.5,0.9049,15.1,0.8977,long_nclose,13.55527,0.007968107234969761,4.0
1656719100000.0,316317,1656719100000.0,0.03599999999999992,-0.0009049,1701.2258045459985,1701.3298345459984,-5.0,0.9049,10.1,0.8977,long_nclose,9.06677,0.005329551183488911,8.0
1656719520000.0,316324,1656719520000.0,0.0,-0.011813391999999999,1701.2139911539984,1701.0506611539984,66.1,0.8936,76.2,0.8941434383202099,long_ientry_partial,68.13373,0.040050064456489856,7.0
1656720300000.0,316337,1656720300000.0,0.18431666666666732,-0.004579112,1701.393728708665,1701.6404420419985,-25.4,0.9014,50.8,0.8941434383202099,long_nclose,45.422486666666664,0.026697222342027628,13.0
1656720420000.0,316339,1656720420000.0,0.12263589238845188,-0.003046732,1701.5133178690535,1701.8813553099983,-16.9,0.9014,33.9,0.8941434383202099,long_nclose,30.311462559055116,0.01781441393418929,2.0
1656720600000.0,316342,1656720600000.0,0.257835892388452,-0.003073772,1701.7680799894417,1702.0206415379982,-16.9,0.9094,17.0,0.8941434383202099,long_nclose,15.200438451443569,0.008932144532607449,3.0
1656721440000.0,316356,1656721440000.0,0.04063674540682429,-0.001009568,1701.8077071668486,1701.908671969998,-5.6,0.9014,11.4,0.8941434383202099,long_nclose,10.193235196850393,0.005989651565170065,14.0
1656721560000.0,316358,1656721560000.0,0.027574934383202198,-0.000685064,1701.8345970372318,1701.9095069059981,-3.8,0.9014,7.6,0.8941434383202099,long_nclose,6.795490131233595,0.003993037950376635,2.0
1656721920000.0,316364,1656721920000.0,0.01814140419947513,-0.0004507,1701.8522877414312,1701.892356205998,-2.5,0.9014,5.1,0.8941434383202099,long_nclose,4.5601315354330705,0.0026795107708700912,6.0
1656722220000.0,316369,1656722220000.0,0.012336154855643088,-0.00030647599999999997,1701.8643174202866,1701.908029729998,-1.7,0.9014,3.4,0.8941434383202099,long_nclose,3.0400876902887135,0.0017863278871120157,5.0
1656722460000.0,316373,1656722460000.0,0.007982217847769058,-0.00019830800000000004,1701.8721013301342,1701.8855714219978,-1.1,0.9014,2.3,0.8941434383202099,long_nclose,2.0565299081364827,0.001208392749683809,4.0
1656722520000.0,316374,1656722520000.0,0.005079593175853036,-0.000126196,1701.87705472731,1701.8912252259977,-0.7,0.9014,1.6,0.8941434383202099,long_nclose,1.430629501312336,0.0008406185965892609,1.0
1656722820000.0,316379,1656722820000.0,0.003628280839895026,-9.014e-05,1701.8805928681497,1701.8903350859975,-0.5,0.9014,1.1,0.8941434383202099,long_nclose,0.983557782152231,0.0005779240836718504,5.0
1656723540000.0,316391,1656723540000.0,0.0,-0.013412152000000002,1701.8671807161497,1701.9078629339974,75.4,0.8894,76.5,0.8894682063026436,long_ientry_partial,68.04431778215223,0.03998215521937442,12.0
1656724440000.0,316406,1656724440000.0,0.181860739282588,-0.00457266,1702.0444687954325,1702.5305902739976,-25.5,0.8966,51.0,0.8894682063026436,long_nclose,45.36287852143482,0.026651993736414505,15.0
1656724560000.0,316408,1656724560000.0,0.3884107392825879,-0.00461397,1702.428265564715,1702.7988263039977,-25.5,0.9047,25.5,0.8894682063026436,long_nclose,22.68143926071741,0.013322992644975684,2.0
1656724860000.0,316413,1656724860000.0,0.19344377995642612,-0.002297938,1702.6194114066714,1702.8182183659976,-12.7,0.9047,12.8,0.8894682063026436,long_nclose,11.385193040673839,0.006686869046833908,5.0
1656725280000.0,316420,1656725280000.0,0.0974834796630809,-0.001158016,1702.7157368703342,1702.8343403499973,-6.4,0.9047,6.4,0.8894682063026436,long_nclose,5.692596520336919,0.0033432453797603116,7.0
1656725700000.0,316427,1656725700000.0,0.04874173983154045,-0.000579008,1702.7638996021658,1702.8168013419972,-3.2,0.9047,3.2,0.8894682063026436,long_nclose,2.8462982601684597,0.0016715754079784457,7.0
1656725820000.0,316429,1656725820000.0,0.024370869915770223,-0.000289504,1702.7879809680817,1702.8144318379975,-1.6,0.9047,1.6,0.8894682063026436,long_nclose,1.4231491300842298,0.0008357758840153021,2.0
1656726300000.0,316437,1656726300000.0,0.012185434957885112,-0.000144752,1702.8000216510395,1702.8124470859973,-0.8,0.9047,0.8,0.8894682063026436,long_nclose,0.7115745650421149,0.0004178849870768561,8.0
1656727800000.0,316462,1656727800000.0,0.0014263587394712784,-3.5864e-05,1702.801412145779,1702.8071312219975,-0.2,0.8966,0.6,0.8894682063026436,long_nclose,0.5336809237815862,0.0003134134843763549,25.0
1656728040000.0,316466,1656728040000.0,0.004569538109206917,-5.4282e-05,1702.8059274018883,1702.8102869399975,-0.3,0.9047,0.3,0.8894682063026436,long_nclose,0.2668404618907931,0.0001567063266557532,4.0
1656728640000.0,316476,1656728640000.0,0.0007131793697356392,-1.7932e-05,1702.806622649258,1702.8081290079976,-0.1,0.8966,0.2,0.8894682063026436,long_nclose,0.17789364126052873,0.00010447084178223274,10.0
1656728940000.0,316481,1656728940000.0,0.0007131793697356392,-1.7932e-05,1702.8073178966279,1702.8078710759976,-0.1,0.8966,0.1,0.8894682063026436,long_nclose,0.08894682063026436,5.2235399563665754e-05,5.0
1656729060000.0,316483,1656729060000.0,0.0,-0.013598208,1702.7937196886278,1702.7702328679975,76.8,0.8853,76.9,0.8853054202942816,long_ientry_partial,68.07998682063027,0.039981347143492725,2.0
1656732540000.0,316541,1656732540000.0,0.0,-0.013629080000000002,1702.7800906086277,1701.5641037879975,79.0,0.8626,155.9,0.8737997871753064,long_rentry,136.22538682063026,0.08000174982780013,58.0
1656735840000.0,316596,1656735840000.0,0.36331104560160055,-0.009142704000000001,1703.1342589502294,1703.4670810839975,-51.9,0.8808,104.0,0.8737997871753064,long_nclose,90.87517786623187,0.05335761252447891,55.0
1656736500000.0,316607,1656736500000.0,0.24220736373440038,-0.006095136,1703.3703711779638,1703.9394659479974,-34.6,0.8808,69.4,0.8737997871753064,long_nclose,60.64170522996627,0.0356010097721904,11.0
1656736800000.0,316612,1656736800000.0,0.16170491625042338,-0.004069296000000001,1703.5280067982144,1703.9076766519977,-23.1,0.8808,46.3,0.8737997871753064,long_nclose,40.456930146216685,0.023748908139324107,5.0
1656737280000.0,316620,1656737280000.0,0.10780327750028225,-0.002712864,1703.6330972117148,1703.8555837879978,-15.4,0.8808,30.9,0.8737997871753064,long_nclose,27.000413423716967,0.015848725566501222,8.0
1656737640000.0,316626,1656737640000.0,0.07210219209434462,-0.0018144480000000002,1703.703384955809,1703.8517093399978,-10.3,0.8808,20.6,0.8737997871753064,long_nclose,18.00027561581131,0.010565381142491658,6.0
1656738840000.0,316646,1656738840000.0,0.047601447207916835,-0.001197888,1703.749788515017,1703.8491514519976,-6.8,0.8808,13.8,0.8737997871753064,long_nclose,12.058437063019229,0.007077586828949411,20.0
1656739080000.0,316650,1656739080000.0,0.0322009789935908,-0.000810336,1703.7811791580104,1703.8566211159975,-4.6,0.8808,9.2,0.8737997871753064,long_nclose,8.038958042012817,0.004718304287165315,4.0
1656740280000.0,316670,1656740280000.0,0.021000638474080957,-0.0005284800000000001,1703.8016513164846,1703.8462926359978,-3.0,0.8808,6.2,0.8737997871753064,long_nclose,5.417558680486899,0.003179688595970598,20.0
1656740820000.0,316679,1656740820000.0,0.014000425649387305,-0.00035232000000000004,1703.8152994221339,1703.8497403159977,-2.0,0.8808,4.2,0.8737997871753064,long_nclose,3.669959106136287,0.002153965343180678,9.0
1656741000000.0,316682,1656741000000.0,0.009800297954571113,-0.00024662400000000003,1703.8248530960884,1703.8422136919976,-1.4,0.8808,2.8,0.8737997871753064,long_nclose,2.446639404090858,0.0014359688436548928,3.0
1656741120000.0,316684,1656741120000.0,0.006300191542224287,-0.00015854400000000002,1703.8309947436308,1703.8465751479978,-0.9,0.8808,1.9,0.8737997871753064,long_nclose,1.660219595633082,0.0009744039172634544,2.0
1656742080000.0,316700,1656742080000.0,0.004200127694816191,-0.000105696,1703.8350891753255,1703.8444494519977,-0.6,0.8808,1.3,0.8737997871753064,long_nclose,1.1359397233278983,0.0006666958149557216,16.0
1656742560000.0,316708,1656742560000.0,0.002800085129877461,-7.046400000000001e-05,1703.8378187964554,1703.8442989879977,-0.4,0.8808,0.9,0.8737997871753064,long_nclose,0.7864198084577757,0.0004615579016864887,8.0
1656742860000.0,316713,1656742860000.0,0.0021000638474080956,-5.2848e-05,1703.8398660123028,1703.8441861399976,-0.3,0.8808,0.6,0.8737997871753064,long_nclose,0.5242798723051838,0.0003077048980736774,5.0
1656744780000.0,316745,1656744780000.0,0.0014000425649387306,-3.5232000000000004e-05,1703.8412308228676,1703.8429109079975,-0.2,0.8808,0.4,0.8737997871753064,long_nclose,0.34951991487012257,0.00020513643439730735,32.0
1656744960000.0,316748,1656744960000.0,0.0007000212824693653,-1.7616000000000002e-05,1703.8419132281501,1703.8440732919976,-0.1,0.8808,0.3,0.8737997871753064,long_nclose,0.2621399361525919,0.0001538522641786254,3.0
1656745800000.0,316762,1656745800000.0,0.0007000212824693653,-1.7616000000000002e-05,1703.8425956334327,1703.8440356759977,-0.1,0.8808,0.2,0.8737997871753064,long_nclose,0.17475995743506129,0.00010256813503954646,14.0
1656746280000.0,316770,1656746280000.0,0.0007000212824693653,-1.7616000000000002e-05,1703.8432780387152,1703.8441980599978,-0.1,0.8808,0.1,0.8737997871753064,long_nclose,0.08737997871753064,5.128404698002111e-05,8.0
1656747780000.0,316795,1656747780000.0,0.0007000212824693653,-1.7616000000000002e-05,1703.8439604439977,1703.8439604439977,-0.1,0.8808,0.0,0.8737997871753064,long_nclose,0.0,0.0,25.0
1656775740000.0,317261,1656775740000.0,0.0,-0.013633482,1703.8303269619978,1703.9658169619977,79.7,0.8553,79.7,0.8553,long_ientry_normal,68.16741,0.04000833235639455,466.0
1656776040000.0,317266,1656776040000.0,0.18285000000000046,-0.00456966,1704.0086073019977,1704.4714473019976,-26.5,0.8622,53.2,0.8553,long_nclose,45.50196,0.026702893286463185,5.0
1656776580000.0,317275,1656776580000.0,0.1221300000000003,-0.003052188,1704.1276851139976,1704.4720351139977,-17.7,0.8622,35.5,0.8553,long_nclose,30.363149999999997,0.017817414895157258,9.0
1656777180000.0,317285,1656777180000.0,0.258420000000001,-0.003079446,1704.3830256679976,1704.6446856679975,-17.7,0.8699,17.8,0.8553,long_nclose,15.22434,0.008932463988857865,10.0
1656777600000.0,317292,1656777600000.0,0.12994000000000053,-0.001548422,1704.5114172459976,1704.6244472459975,-8.9,0.8699,8.9,0.8553,long_nclose,7.61217,0.0044658955774547334,7.0
1656777900000.0,317297,1656777900000.0,0.06424000000000026,-0.0007655120000000001,1704.5748917339974,1704.6455417339973,-4.4,0.8699,4.5,0.8553,long_nclose,3.8488499999999997,0.0022579530055641703,5.0
1656778560000.0,317308,1656778560000.0,0.03212000000000013,-0.00038275600000000005,1704.6066289779976,1704.6381389779976,-2.2,0.8699,2.3,0.8553,long_nclose,1.9671899999999998,0.0011540433825365532,11.0
1656779040000.0,317316,1656779040000.0,0.016060000000000064,-0.00019137800000000002,1704.6224975999976,1704.6401375999976,-1.1,0.8699,1.2,0.8553,long_nclose,1.02636,0.0006021039857476074,8.0
1656779340000.0,317321,1656779340000.0,0.026760000000000117,-0.00021062400000000002,1704.6490469759976,1704.6490469759976,-1.2,0.8776,0.0,0.8553,long_nclose,0.0,0.0,5.0
1657270080000.0,325500,1657270080000.0,0.0,-0.013627744000000002,1704.6354192319977,1704.5935992319978,69.7,0.9776,69.7,0.9776,long_ientry_normal,68.13872,0.039972606007857715,8179.0
1657275540000.0,325591,1657275540000.0,0.18328000000000041,-0.004572720000000001,1704.8141265119978,1705.1582265119978,-23.2,0.9855,46.5,0.9776,long_nclose,45.458400000000005,0.026664725082379874,91.0
1657275660000.0,325593,1657275660000.0,0.12245000000000028,-0.00305505,1704.9335214619978,1705.1629214619977,-15.5,0.9855,31.0,0.9776,long_nclose,30.305600000000002,0.017775238517225376,2.0
1657275720000.0,325594,1657275720000.0,0.08137000000000019,-0.00203013,1705.0128613319978,1705.1867413319978,-10.3,0.9855,20.7,0.9776,long_nclose,20.23632,0.011868719854811471,1.0
1657280520000.0,325674,1657280520000.0,0.05451000000000013,-0.0013599900000000002,1705.0660113419976,1705.1957313419975,-6.9,0.9855,13.8,0.9776,long_nclose,13.49088,0.007912233256812035,80.0
1657282260000.0,325703,1657282260000.0,0.03634000000000008,-0.00090666,1705.1014446819977,1705.1787246819977,-4.6,0.9855,9.2,0.9776,long_nclose,8.99392,0.005274712556282755,29.0
1657282620000.0,325709,1657282620000.0,0.023700000000000054,-0.0005913,1705.1245533819977,1705.1766333819976,-3.0,0.9855,6.2,0.9776,long_nclose,6.061120000000001,0.003554649417239453,6.0
1657284240000.0,325736,1657284240000.0,0.0,-0.012444398000000002,1705.1121089839976,1705.1056989839976,64.7,0.9617,70.9,0.9630904090267982,long_ientry_partial,68.28311,0.040046111713256755,27.0
1657284480000.0,325740,1657284480000.0,0.18430634696756187,-0.004582648000000001,1705.2918326829652,1705.6186563359977,-23.6,0.9709,47.3,0.9630904090267982,long_nclose,45.55417634696755,0.026713419646944757,4.0
1657284600000.0,325742,1657284600000.0,0.12261057827926786,-0.003048626,1705.4113946352445,1705.7245377099978,-15.7,0.9709,31.6,0.9630904090267982,long_nclose,30.433656925246826,0.017845346302354227,2.0
1657286160000.0,325768,1657286160000.0,0.08200070521861863,-0.0020388900000000002,1705.4913564504632,1705.7004488199977,-10.5,0.9709,21.1,0.9630904090267982,long_nclose,20.321207630465445,0.011915163072276575,26.0
1657286940000.0,325781,1657286940000.0,0.05466713681241242,-0.00135926,1705.5446643272755,1705.6843895599977,-7.0,0.9709,14.1,0.9630904090267982,long_nclose,13.579574767277855,0.007962016504935153,13.0
1657287420000.0,325789,1657287420000.0,0.03670507757404834,-0.000912646,1705.5804567588496,1705.6736069139977,-4.7,0.9709,9.4,0.9630904090267982,long_nclose,9.053049844851904,0.005307899612109536,8.0
1657287780000.0,325795,1657287780000.0,0.07712507757404859,-0.00092073,1705.6566611064236,1705.7361361839976,-4.7,0.9795,4.7,0.9630904090267982,long_nclose,4.526524922425952,0.002653831234411321,6.0
1657288320000.0,325804,1657288320000.0,0.0,-0.01274539,1705.6439157164236,1705.8136407939976,66.5,0.9583,71.2,0.9586162208205893,long_ientry_partial,68.25347492242597,0.04001625092641765,9.0
1657288980000.0,325815,1657288980000.0,0.18210556655203514,-0.004580262,1705.8214410209757,1706.2196705319977,-23.7,0.9663,47.5,0.9586162208205893,long_nclose,45.53427048897799,0.026693456533014744,11.0
1657289100000.0,325817,1657289100000.0,0.12140371103469011,-0.003053508000000001,1705.9397912240104,1706.1738570239977,-15.8,0.9663,31.7,0.9586162208205893,long_nclose,30.38813420001268,0.01781313406038159,2.0
1657289340000.0,325821,1657289340000.0,0.08067968138381304,-0.0020292300000000004,1706.0184416753941,1706.2173777939977,-10.5,0.9663,21.2,0.9586162208205893,long_nclose,20.32266388139649,0.011912335403267173,4.0
1657289460000.0,325823,1657289460000.0,0.05378645425587536,-0.00135282,1706.07087530965,1706.2183249739978,-7.0,0.9663,14.2,0.9586162208205893,long_nclose,13.612350335652367,0.007978771886122105,2.0
1657290360000.0,325838,1657290360000.0,0.11632483217381594,-0.0013844999999999999,1706.1858156418239,1706.3092404739978,-7.1,0.975,7.1,0.9586162208205893,long_nclose,6.806175167826184,0.00398911719077085,15.0
1657291080000.0,325850,1657291080000.0,0.1773848321738163,-0.001396712,1706.3618037619976,1706.3618037619976,-7.1,0.9836,0.0,0.9586162208205893,long_nclose,0.0,0.0,12.0
1657420140000.0,328001,1657420140000.0,0.0,-0.013645645999999999,1706.3481581159976,1706.2544281159976,72.1,0.9463,72.1,0.9463,long_ientry_normal,68.22823,0.039984940749332024,2151.0
1657422720000.0,328044,1657422720000.0,0.0,-0.013645600000000003,1706.3345125159976,1704.1441825159977,74.0,0.922,146.1,0.9339919917864477,long_rentry,136.45623,0.07997038622795873,43.0
1657461900000.0,328697,1657461900000.0,0.0,-0.013734527999999998,1706.3207779879976,1701.6163079879977,76.1,0.9024,222.2,0.9231722322232223,long_rentry,205.12886999999998,0.12021706155502425,653.0
1657502580000.0,329375,1657502580000.0,0.0,-0.02037888,1706.3003991079977,1696.5265291079977,115.2,0.8845,337.4,0.909968197984588,long_rentry,307.02326999999997,0.17993506311110427,678.0
1657580580000.0,330675,1657580580000.0,0.0,-0.030128000000000005,1706.2702711079976,1689.7834011079976,175.0,0.8608,512.4,0.8931757806401248,long_rentry,457.66326999999995,0.2682243708687534,1300.0
1657669920000.0,332164,1657669920000.0,0.0,-0.044047746,1706.2262233619977,1671.0348233619977,265.7,0.8289,778.1,0.8712273486698368,long_rentry,677.902,0.39731073800064,1489.0
1657751580000.0,333525,1657751580000.0,1.8339384899113218,-0.045548638,1708.0146132139091,1713.6034647239978,-259.3,0.8783,518.8,0.8712273486698368,long_nclose,451.99274848991126,0.26463049261587573,1361.0
1657751580000.0,333525,1657751580000.0,3.8564784899113294,-0.04595314600000001,1711.8251385578203,1714.6206415779977,-259.3,0.8861,259.5,0.8712273486698368,long_nclose,226.08349697982263,0.13207160701606102,0.0
1657751820000.0,333529,1657751820000.0,0.6117843400591181,-0.015194590000000001,1712.4217283078794,1713.0743969879977,-86.5,0.8783,173.0,0.8712273486698368,long_nclose,150.72233131988176,0.08801706310326793,4.0
1657754100000.0,333567,1657754100000.0,0.4073847166174012,-0.010118016,1712.8189950084968,1713.7159589719977,-57.6,0.8783,115.4,0.8712273486698368,long_nclose,100.53963603649916,0.05869834251575451,38.0
1657754460000.0,333573,1657754460000.0,0.27158981107826746,-0.006745344,1713.0838394755751,1713.6823336279977,-38.4,0.8783,77.0,0.8712273486698368,long_nclose,67.08450584757743,0.039160083296398356,6.0
1657755600000.0,333592,1657755600000.0,0.18105987405217833,-0.004496896,1713.2604024536272,1713.5571167319977,-25.6,0.8783,51.4,0.8712273486698368,long_nclose,44.78108572162961,0.026137933064639133,19.0
1657755660000.0,333593,1657755660000.0,0.120942337745791,-0.0030037860000000005,1713.3783410053732,1713.6449429459979,-17.1,0.8783,34.3,0.8712273486698368,long_nclose,29.8830980593754,0.017441038761958814,1.0
1657755900000.0,333597,1657755900000.0,0.08062822516386066,-0.0020025240000000003,1713.4569667065368,1713.6120604219975,-11.4,0.8783,22.9,0.8712273486698368,long_nclose,19.95110628453926,0.011643774353369144,4.0
1657756140000.0,333601,1657756140000.0,0.053752150109240435,-0.0013350159999999999,1713.509383840646,1713.6742054059976,-7.6,0.8783,15.3,0.8712273486698368,long_nclose,13.329778434648503,0.007779226983146859,4.0
1657757400000.0,333622,1657757400000.0,0.036070521783832396,-0.0008958659999999998,1713.5445584964298,1713.6238395399973,-5.1,0.8783,10.2,0.8712273486698368,long_nclose,8.886518956432335,0.005186044863770521,21.0
1657759320000.0,333654,1657759320000.0,0.024047014522554932,-0.000597244,1713.5680082669523,1713.6140622959974,-3.4,0.8783,6.8,0.8712273486698368,long_nclose,5.92434597095489,0.003457315929320239,32.0
1657761060000.0,333683,1657761060000.0,0.015559832926359075,-0.000386452,1713.5831816478787,1713.6143358439974,-2.2,0.8783,4.6,0.8712273486698368,long_nclose,4.007645803881249,0.0023387518311350775,29.0
1657761120000.0,333684,1657761120000.0,0.010608976995244823,-0.00026349,1713.593527134874,1713.6176223539974,-1.5,0.8783,3.1,0.8712273486698368,long_nclose,2.700804780876494,0.0015761058489712177,1.0
1657761300000.0,333687,1657761300000.0,0.0070726513301632155,-0.00017566,1713.6004241262042,1713.6167466939976,-1.0,0.8783,2.1,0.8712273486698368,long_nclose,1.8295774322066574,0.0010676803100930557,3.0
1657761720000.0,333694,1657761720000.0,0.0049508559311142505,-0.000122962,1713.6052520201354,1713.6161337319977,-0.7,0.8783,1.4,0.8712273486698368,long_nclose,1.2197182881377713,0.0007117848680143047,7.0
1657763220000.0,333719,1657763220000.0,0.0028290605320652864,-7.0264e-05,1713.6080108166675,1713.6167834679977,-0.4,0.8783,1.0,0.8712273486698368,long_nclose,0.8712273486698368,0.0005084169443481004,25.0
1657763700000.0,333727,1657763700000.0,0.0021217953990489645,-5.2698e-05,1713.6100799140665,1713.6162207699977,-0.3,0.8783,0.7,0.8712273486698368,long_nclose,0.6098591440688856,0.0003558914313222694,8.0
1657765980000.0,333765,1657765980000.0,0.0014145302660326432,-3.5132e-05,1713.6114593123325,1713.6153456379975,-0.2,0.8783,0.5,0.8712273486698368,long_nclose,0.4356136743349184,0.0002542079606013658,38.0
1657766100000.0,333767,1657766100000.0,0.0007072651330163216,-1.7566e-05,1713.6121490114656,1713.6156580719976,-0.1,0.8783,0.4,0.8712273486698368,long_nclose,0.34849093946793475,0.0002033662866296608,2.0
1657767720000.0,333794,1657767720000.0,0.0007072651330163216,-1.7566e-05,1713.6128387105987,1713.6148705059977,-0.1,0.8783,0.3,0.8712273486698368,long_nclose,0.261368204600951,0.0001525246535837211,27.0
1657767900000.0,333797,1657767900000.0,0.0007072651330163216,-1.7566e-05,1713.6135284097318,1713.6146829399977,-0.1,0.8783,0.2,0.8712273486698368,long_nclose,0.17424546973396737,0.00010168306146349739,3.0
1657768620000.0,333809,1657768620000.0,0.0007072651330163216,-1.7566e-05,1713.6142181088649,1713.6149953739978,-0.1,0.8783,0.1,0.8712273486698368,long_nclose,0.08712273486698369,5.084151026894014e-05,12.0
1657769340000.0,333821,1657769340000.0,0.0007072651330163216,-1.7566e-05,1713.614907807998,1713.614907807998,-0.1,0.8783,0.0,0.8712273486698368,long_nclose,0.0,0.0,12.0
1657933080000.0,336550,1657933080000.0,0.0,-0.013708815999999999,1713.601198991998,1713.422718991998,77.6,0.8833,77.6,0.8833,long_ientry_normal,68.54408,0.04000001869765269,2729.0
1657934280000.0,336570,1657934280000.0,0.18317999999999987,-0.004594464,1713.779784527998,1714.178644527998,-25.8,0.8904,51.8,0.8833,long_nclose,45.75494,0.0266982610094223,20.0
1657934580000.0,336575,1657934580000.0,0.12211999999999991,-0.003062976,1713.898841551998,1714.165261551998,-17.2,0.8904,34.6,0.8833,long_nclose,30.56218,0.01783196257506355,5.0
1657936800000.0,336612,1657936800000.0,0.2612300000000001,-0.003108464,1714.156963087998,1714.411273087998,-17.3,0.8984,17.3,0.8833,long_nclose,15.28109,0.008914638699405692,37.0
1657937160000.0,336618,1657937160000.0,0.12986,-0.001545248,1714.2852778399981,1714.4218678399982,-8.6,0.8984,8.7,0.8833,long_nclose,7.684709999999999,0.004482748641277923,6.0
1657941960000.0,336698,1657941960000.0,0.06493,-0.000772624,1714.349435215998,1714.422915215998,-4.3,0.8984,4.4,0.8833,long_nclose,3.8865200000000004,0.0022670523990987413,80.0
1657942140000.0,336701,1657942140000.0,0.033220000000000006,-0.000395296,1714.382259919998,1714.416799919998,-2.2,0.8984,2.2,0.8833,long_nclose,1.9432600000000002,0.001133504496302174,3.0
1657942920000.0,336714,1657942920000.0,0.016610000000000003,-0.000197648,1714.3986722719978,1714.415942271998,-1.1,0.8984,1.1,0.8833,long_nclose,0.9716300000000001,0.0005667468224951158,13.0
1657947600000.0,336792,1657947600000.0,0.007550000000000001,-8.984000000000001e-05,1714.4061324319978,1714.4161524319977,-0.5,0.8984,0.6,0.8833,long_nclose,0.52998,0.000309133285266653,78.0
1657948320000.0,336804,1657948320000.0,0.00453,-5.3904e-05,1714.4106085279977,1714.4153185279977,-0.3,0.8984,0.3,0.8833,long_nclose,0.26499,0.00015456623908056768,12.0
1657948980000.0,336815,1657948980000.0,0.0015100000000000003,-1.7968e-05,1714.4121005599977,1714.4152405599978,-0.1,0.8984,0.2,0.8833,long_nclose,0.17666,0.00010304406970896645,11.0
1657951260000.0,336853,1657951260000.0,0.0007099999999999996,-1.7808000000000003e-05,1714.4127927519978,1714.413562751998,-0.1,0.8904,0.1,0.8833,long_nclose,0.08833,5.152201405252672e-05,38.0
1657951920000.0,336864,1657951920000.0,0.0007099999999999996,-1.7808000000000003e-05,1714.413484943998,1714.413484943998,-0.1,0.8904,0.0,0.8833,long_nclose,0.0,0.0,11.0
1658335260000.0,343253,1658335260000.0,0.0,-0.013710276,1714.399774667998,1714.3797946679979,66.6,1.0293,66.6,1.0293,long_ientry_normal,68.55138,0.039985644546223366,6389.0
1658347560000.0,343458,1658347560000.0,0.0,-0.013719672,1714.386054995998,1712.5063149959979,68.4,1.0029,135.0,1.015924,long_rentry,137.14974,0.07999933247259187,205.0
1658348160000.0,343468,1658348160000.0,0.0,-0.013742400000000002,1714.372312595998,1709.8205725959979,70.0,0.9816,205.0,1.0042036097560976,long_rentry,205.86174,0.12007994907959794,10.0
1658371500000.0,343857,1658371500000.0,0.0,-0.020454246,1714.3518583499979,1705.6894883499979,106.3,0.9621,311.3,0.9898264375200772,long_rentry,308.13297,0.17973729750937298,389.0
1658375820000.0,343929,1658375820000.0,0.0,-0.030226992,1714.3216313579978,1698.9190013579978,161.4,0.9364,472.7,0.9715843664057543,long_rentry,459.26793000000004,0.26790067954529134,72.0
1658419800000.0,344662,1658419800000.0,1.230962291093706,-0.030851100000000003,1715.5217425490914,1717.2287502579977,-157.5,0.9794,315.2,0.9715843664057543,long_nclose,306.24339229109376,0.17851326782722504,733.0
1658420040000.0,344666,1658420040000.0,0.820641527395804,-0.020567400000000003,1716.3218166764873,1717.6703828579978,-105.0,0.9794,210.2,0.9715843664057543,long_nclose,204.22703381848953,0.11899110751499856,4.0
1658420100000.0,344667,1658420100000.0,0.5470943515972027,-0.013711600000000003,1716.8551994280845,1718.0350712579977,-70.0,0.9794,140.2,0.9715843664057543,long_nclose,136.21612817008673,0.07934048731393469,1.0
1658420280000.0,344670,1658420280000.0,0.36499008885127665,-0.009147596000000003,1717.2110419209357,1717.9979036619977,-46.7,0.9794,93.5,0.9715843664057543,long_nclose,90.84313825893803,0.05290155725840054,3.0
1658420820000.0,344679,1658420820000.0,0.2430662047810429,-0.006091868000000001,1717.4480162577167,1718.1603517939977,-31.1,0.9794,62.4,0.9715843664057543,long_nclose,60.626864463719066,0.03530055284923484,9.0
1658422560000.0,344708,1658422560000.0,0.518407768140465,-0.006166368,1717.960257657857,1718.5036254259976,-31.2,0.9882,31.2,0.9715843664057543,long_nclose,30.313432231859533,0.017645013670564577,29.0
1658422680000.0,344710,1658422680000.0,0.2592038840702325,-0.003083184,1718.2163783579274,1718.4880622419976,-15.6,0.9882,15.6,0.9715843664057543,long_nclose,15.156716115929767,0.008821191735126402,2.0
1658422860000.0,344713,1658422860000.0,0.12960194203511624,-0.001541592,1718.3444387079626,1718.4880806499978,-7.8,0.9882,7.8,0.9715843664057543,long_nclose,7.578358057964883,0.004410267166030528,3.0
1658422980000.0,344715,1658422980000.0,0.06480097101755812,-0.000770796,1718.40846888298,1718.4763898539977,-3.9,0.9882,3.9,0.9715843664057543,long_nclose,3.7891790289824416,0.0022050514168179863,2.0
1658423340000.0,344721,1658423340000.0,0.03156970382906677,-0.000375516,1718.439663070809,1718.4824943379977,-1.9,0.9882,2.0,0.9715843664057543,long_nclose,1.9431687328115086,0.001130775071461697,6.0
1658423340000.0,344721,1658423340000.0,0.050631267188491424,-0.00039876,1718.4898955779975,1718.4898955779975,-2.0,0.9969,0.0,0.9715843664057543,long_nclose,0.0,0.0,0.0
1658504220000.0,346069,1658504220000.0,0.0,-0.013757264000000002,1718.4761383139974,1718.4690183139974,71.2,0.9661,71.2,0.9661,long_ientry_normal,68.78632,0.04002750952799757,1348.0
1658519040000.0,346316,1658519040000.0,0.0,-0.01374298,1718.4623953339974,1716.7975753339974,73.0,0.9413,144.2,0.9535452149791956,long_rentry,137.50122,0.08001409886730486,247.0
1658552220000.0,346869,1658552220000.0,0.36742968099861173,-0.009227520000000001,1718.820597494996,1719.6339478139973,-48.0,0.9612,96.2,0.9535452149791956,long_nclose,91.73104968099862,0.05336860043141627,553.0
1658552460000.0,346873,1658552460000.0,0.24495312066574115,-0.0061516800000000005,1719.0593989356619,1719.6663961339975,-32.0,0.9612,64.2,0.9535452149791956,long_nclose,61.21760280166436,0.035611103862709236,4.0
1658554200000.0,346902,1658554200000.0,0.1638123994452144,-0.0041139359999999995,1719.219097399107,1719.5381621979975,-21.4,0.9612,42.8,0.9535452149791956,long_nclose,40.81173520110957,0.023738530628731932,29.0
1658572920000.0,347214,1658572920000.0,0.0,-0.0059087,1719.2131886991071,1717.5579534979977,32.2,0.9175,75.0,0.938069802681461,long_ientry_partial,70.35523520110958,0.04092292664084663,312.0
1658574780000.0,347245,1658574780000.0,0.0,-0.013761828,1719.199426871107,1716.9583516699975,75.3,0.9138,150.3,0.9259106799807688,long_rentry,139.16437520110955,0.08094719729774728,31.0
1658599500000.0,347657,1658599500000.0,0.0,-0.01393631,1719.1854905611071,1714.5785653599976,77.9,0.8945,228.2,0.9151881034229166,long_rentry,208.84592520110954,0.12147957643182905,412.0
1658615700000.0,347927,1658615700000.0,0.5633041398583392,-0.01402352,1719.7347711809655,1720.9237418399975,-76.0,0.9226,152.2,0.9151881034229166,long_nclose,139.2916293409679,0.080995995240193,270.0
1658617200000.0,347952,1658617200000.0,0.37578315645812893,-0.009355164000000001,1720.1011991734235,1720.9956066759976,-50.7,0.9226,101.5,0.9151881034229166,long_nclose,92.89159249742603,0.05400356243113144,25.0
1658620920000.0,348014,1658620920000.0,0.7915231564581282,-0.009438312,1720.8832840178818,1721.7373283639977,-50.7,0.9308,50.8,0.9151881034229166,long_nclose,46.491555653884156,0.02701610044426526,62.0
1658621220000.0,348019,1658621220000.0,0.3965421730579182,-0.004728464,1721.2750977269397,1721.6767198999976,-25.4,0.9308,25.4,0.9151881034229166,long_nclose,23.245777826942078,0.013504975385770526,5.0
1658624100000.0,348067,1658624100000.0,0.06225993124750065,-0.001549968,1721.3358076901873,1721.4686099319977,-8.4,0.9226,17.0,0.9151881034229166,long_nclose,15.558197758189582,0.009038444264438266,48.0
1658624340000.0,348071,1658624340000.0,0.04150662083166709,-0.001033312,1721.376280999019,1721.4653366199977,-5.6,0.9226,11.4,0.9151881034229166,long_nclose,10.433144379021249,0.006060931880022341,4.0
1658624520000.0,348074,1658624520000.0,0.028165206992916955,-0.000701176,1721.403745030012,1721.4631154439978,-3.8,0.9226,7.6,0.9151881034229166,long_nclose,6.955429586014166,0.004040556787503039,3.0
1658625480000.0,348090,1658625480000.0,0.018529741442708525,-0.0004613,1721.4218134714547,1721.471854143998,-2.5,0.9226,5.1,0.9151881034229166,long_nclose,4.667459327456874,0.0027113978055409785,16.0
1658630100000.0,348167,1658630100000.0,0.012600224181041796,-0.000313684,1721.4341000116358,1721.4606604599978,-1.7,0.9226,3.4,0.9151881034229166,long_nclose,3.111639551637916,0.0018075856354982647,77.0
1658631180000.0,348185,1658631180000.0,0.008153086234791752,-0.00020297200000000002,1721.4420501258708,1721.462317487998,-1.1,0.9226,2.3,0.9151881034229166,long_nclose,2.104932637872708,0.001222772870988481,18.0
1658631360000.0,348188,1658631360000.0,0.017173086234791735,-0.00020477600000000005,1721.4590184361057,1721.4779927119982,-1.1,0.9308,1.2,0.9151881034229166,long_nclose,1.0982257241074997,0.0006379621660149686,3.0
1658631780000.0,348195,1658631780000.0,0.009367137946250036,-0.000111696,1721.468273878052,1721.4783610159984,-0.6,0.9308,0.6,0.9151881034229166,long_nclose,0.5491128620537499,0.00031897936801166324,7.0
1658637360000.0,348288,1658637360000.0,0.0014823793154166822,-3.6904000000000004e-05,1721.4697193533675,1721.4728441119983,-0.2,0.9226,0.4,0.9151881034229166,long_nclose,0.36607524136916664,0.00021265273344841338,93.0
1658637540000.0,348291,1658637540000.0,0.0007411896577083411,-1.8452000000000002e-05,1721.4704420910252,1721.4727856599984,-0.1,0.9226,0.3,0.9151881034229166,long_nclose,0.27455643102687494,0.00015948948312663352,3.0
1658638320000.0,348304,1658638320000.0,0.0007411896577083411,-1.8452000000000002e-05,1721.471164828683,1721.4727272079983,-0.1,0.9226,0.2,0.9151881034229166,long_nclose,0.18303762068458332,0.00010632627744467554,13.0
1658638920000.0,348314,1658638920000.0,0.0007411896577083411,-1.8452000000000002e-05,1721.4718875663407,1721.4726687559985,-0.1,0.9226,0.1,0.9151881034229166,long_nclose,0.09151881034229166,5.31631164024831e-05,10.0
1658639160000.0,348318,1658639160000.0,0.0007411896577083411,-1.8452000000000002e-05,1721.4726103039984,1721.4726103039984,-0.1,0.9226,0.0,0.9151881034229166,long_nclose,0.0,0.0,4.0
1658710020000.0,349499,1658710020000.0,0.0,-0.013764520000000002,1721.4588457839984,1721.2432457839984,77.0,0.8938,77.0,0.8938,long_ientry_normal,68.82260000000001,0.039979230504727147,1181.0
1658715660000.0,349593,1658715660000.0,0.0,-0.013777638,1721.4450681459984,1719.6973781459985,79.1,0.8709,156.1,0.8821959641255606,long_rentry,137.71079,0.07999720266898493,94.0
1658725680000.0,349760,1658725680000.0,0.36940986547084975,-0.00924872,1721.8052292914692,1722.6176294259983,-52.0,0.8893,104.1,0.8821959641255606,long_nclose,91.83659986547084,0.05333739165333005,167.0
1658725980000.0,349765,1658725980000.0,0.24651004484304784,-0.006171742000000001,1722.0455675943122,1722.5871676839984,-34.7,0.8893,69.4,0.8821959641255606,long_nclose,61.224399910313906,0.03555329839258786,5.0
1658735100000.0,349917,1658735100000.0,0.16410322869955057,-0.004108566000000001,1722.2055622570117,1722.5668891179982,-23.1,0.8893,46.3,0.8821959641255606,long_nclose,40.84567313901345,0.02371707189557775,152.0
1658736300000.0,349937,1658736300000.0,0.10940215246636704,-0.0027390440000000004,1722.312225365478,1722.5842700739981,-15.4,0.8893,30.9,0.8821959641255606,long_nclose,27.25985529147982,0.015827475930326875,20.0
1658738220000.0,349969,1658738220000.0,0.07317156950672601,-0.0018319580000000003,1722.3835649769849,1722.5649281159983,-10.3,0.8893,20.6,0.8821959641255606,long_nclose,18.17323686098655,0.01055121358013503,32.0
1658739000000.0,349982,1658739000000.0,0.1555715695067261,-0.0018484380000000002,1722.5372881084916,1722.7000696779983,-10.3,0.8973,10.3,0.8821959641255606,long_nclose,9.086618430493274,0.005275135982961064,13.0
1658739180000.0,349985,1658739180000.0,0.07703058295964106,-0.000915246,1722.6134034454512,1722.7007844319983,-5.1,0.8973,5.2,0.8821959641255606,long_nclose,4.587419013452915,0.0026630577727292026,3.0
1658739420000.0,349989,1658739420000.0,0.039270493273542505,-0.00046659600000000006,1722.6522073427248,1722.6958978359983,-2.6,0.8973,2.6,0.8821959641255606,long_nclose,2.2937095067264575,0.0013314988927826683,4.0
1658739720000.0,349994,1658739720000.0,0.019635246636771252,-0.00023329800000000003,1722.6716092913616,1722.6921545379985,-1.3,0.8973,1.3,0.8821959641255606,long_nclose,1.1468547533632287,0.0006657419482492075,5.0
1658739900000.0,349997,1658739900000.0,0.009062421524663656,-0.000107676,1722.6805640368864,1722.6937268619986,-0.6,0.8973,0.7,0.8821959641255606,long_nclose,0.6175371748878924,0.0003584745702597185,3.0
1658743800000.0,350062,1658743800000.0,0.0014208071748878837,-3.5572000000000004e-05,1722.6819492720613,1722.6863512899986,-0.2,0.8893,0.5,0.8821959641255606,long_nclose,0.4410979820627803,0.00025605305857484095,65.0
1658744940000.0,350081,1658744940000.0,0.0030208071748878853,-3.5892e-05,1722.6849341872362,1722.6896753979986,-0.2,0.8973,0.3,0.8821959641255606,long_nclose,0.26465878923766817,0.0001536315689453303,19.0
1658745660000.0,350093,1658745660000.0,0.0015104035874439427,-1.7946e-05,1722.6864266448235,1722.6891874519984,-0.1,0.8973,0.2,0.8821959641255606,long_nclose,0.1764391928251121,0.00010242095723059274,12.0
1658745720000.0,350094,1658745720000.0,0.0015104035874439427,-1.7946e-05,1722.687919102411,1722.6896995059983,-0.1,0.8973,0.1,0.8821959641255606,long_nclose,0.08821959641255606,5.121043424889285e-05,1.0
1658745900000.0,350097,1658745900000.0,0.0015104035874439427,-1.7946e-05,1722.6894115599982,1722.6894115599982,-0.1,0.8973,0.0,0.8821959641255606,long_nclose,0.0,0.0,3.0
1658777160000.0,350618,1658777160000.0,0.0,-0.013773996,1722.6756375639982,1722.5314575639982,80.1,0.8598,80.1,0.8598,long_ientry_normal,68.86998,0.03997849536978864,521.0
1658779260000.0,350653,1658779260000.0,0.18423000000000045,-0.004628178,1722.8552393859982,1723.186319385998,-26.7,0.8667,53.4,0.8598,long_nclose,45.91332,0.02664955183139059,35.0
1658779320000.0,350654,1658779320000.0,0.12282000000000032,-0.0030854520000000002,1722.9749739339982,1723.266893933998,-17.8,0.8667,35.6,0.8598,long_nclose,30.608880000000003,0.01776513325095605,1.0
1658779920000.0,350664,1658779920000.0,0.08142000000000021,-0.0020454120000000004,1723.0543485219982,1723.2257085219983,-11.8,0.8667,23.8,0.8598,long_nclose,20.463240000000003,0.011876143092963354,10.0
1658780040000.0,350666,1658780040000.0,0.05451000000000014,-0.0013693860000000002,1723.107489135998,1723.221969135998,-7.9,0.8667,15.9,0.8598,long_nclose,13.67082,0.007933817295898838,2.0
1658780640000.0,350676,1658780640000.0,0.03657000000000009,-0.0009187020000000001,1723.143140433998,1723.219460433998,-5.3,0.8667,10.6,0.8598,long_nclose,9.11388,0.005289102098450475,10.0
1658780820000.0,350679,1658780820000.0,0.02415000000000006,-0.0006066900000000001,1723.166683743998,1723.217803743998,-3.5,0.8667,7.1,0.8598,long_nclose,6.1045799999999995,0.0035426520589037372,3.0
1658781000000.0,350682,1658781000000.0,0.015870000000000037,-0.000398682,1723.182155061998,1723.216715061998,-2.3,0.8667,4.8,0.8598,long_nclose,4.12704,0.0023950108744316204,3.0
1658781420000.0,350689,1658781420000.0,0.011040000000000029,-0.00027734400000000006,1723.192917717998,1723.215957717998,-1.6,0.8667,3.2,0.8598,long_nclose,2.75136,0.0015966639438395503,7.0
1658781720000.0,350694,1658781720000.0,0.006900000000000017,-0.00017334000000000002,1723.199644377998,1723.215484377998,-1.0,0.8667,2.2,0.8598,long_nclose,1.8915600000000001,0.0010977021763968464,5.0
1658782140000.0,350701,1658782140000.0,0.004830000000000011,-0.000121338,1723.204353039998,1723.215153039998,-0.7,0.8667,1.5,0.8598,long_nclose,1.2897,0.0007484312569921092,7.0
1658783580000.0,350725,1658783580000.0,0.0034500000000000086,-8.667000000000001e-05,1723.207716369998,1723.214916369998,-0.5,0.8667,1.0,0.8598,long_nclose,0.8598,0.0004989531974770871,24.0
1658784360000.0,350738,1658784360000.0,0.002070000000000005,-5.200200000000001e-05,1723.209734367998,1723.214774367998,-0.3,0.8667,0.7,0.8598,long_nclose,0.60186,0.00034926682921782433,13.0
1658784780000.0,350745,1658784780000.0,0.0013800000000000036,-3.466800000000001e-05,1723.211079699998,1723.214679699998,-0.2,0.8667,0.5,0.8598,long_nclose,0.4299,0.0002494761118149515,7.0
1658790720000.0,350844,1658790720000.0,0.0,-0.01370682,1723.197372879998,1722.9378728799982,81.0,0.8461,81.5,0.8461840490797545,long_ientry_partial,68.964,0.04002095237920409,99.0
1658793060000.0,350883,1658793060000.0,0.0,-0.013785639999999998,1723.1835872399981,1721.3337872399982,83.6,0.8245,165.1,0.8352041187159298,long_rentry,137.8922,0.08002176960196113,39.0
1658801460000.0,351023,1658801460000.0,0.0,-0.013815840000000001,1723.1697713999981,1718.0118713999982,85.6,0.807,250.7,0.8255739928201038,long_rentry,206.97140000000002,0.1201108581610302,140.0
1658841060000.0,351683,1658841060000.0,0.0,-0.020566,1723.1492053999982,1714.100805399998,130.0,0.791,380.7,0.8137677961649594,long_rentry,309.80140000000006,0.17978791333283597,660.0
1658944920000.0,353414,1658944920000.0,0.828936666666653,-0.020819214000000003,1723.9573228526647,1727.315656185998,-126.9,0.8203,253.8,0.8137677961649594,long_nclose,206.53426666666672,0.11980242429952417,1731.0
1658944980000.0,353415,1658944980000.0,1.7679966666666482,-0.021007026,1725.7043124933314,1727.891079159998,-126.9,0.8277,126.9,0.8137677961649594,long_nclose,103.26713333333336,0.05984057209901213,1.0
1658944980000.0,353415,1658944980000.0,2.694366666666645,-0.0211923,1728.377486859998,1728.377486859998,-126.9,0.835,0.0,0.8137677961649594,long_nclose,0.0,0.0,0.0
1659246900000.0,358447,1659246900000.0,0.0,-0.013830392,1728.363656467998,1728.128096467998,60.4,1.1449,60.4,1.1449,long_ientry_normal,69.15196,0.040010075276238836,5032.0
1659247380000.0,358455,1659247380000.0,0.1849199999999975,-0.004639482,1728.543936985998,1728.950966985998,-20.1,1.1541,40.3,1.1449,long_nclose,46.139469999999996,0.026692679898233762,8.0
1659247620000.0,358459,1659247620000.0,0.12327999999999832,-0.003092988,1728.664123997998,1728.801313997998,-13.4,1.1541,26.9,1.1449,long_nclose,30.79781,0.017815959487128028,4.0
1659248280000.0,358470,1659248280000.0,0.08187999999999888,-0.002054298,1728.743949699998,1728.925749699998,-8.9,1.1541,18.0,1.1449,long_nclose,20.6082,0.011920909399900603,11.0
1659250680000.0,358510,1659250680000.0,0.05519999999999925,-0.00138492,1728.797764779998,1728.942964779998,-6.0,1.1541,12.0,1.1449,long_nclose,13.738800000000001,0.00794702554566778,40.0
1659251040000.0,358516,1659251040000.0,0.11700000000000044,-0.00139728,1728.913367499998,1729.027967499998,-6.0,1.1644,6.0,1.1449,long_nclose,6.869400000000001,0.003973247086366812,6.0
1659251100000.0,358517,1659251100000.0,0.05850000000000022,-0.00069864,1728.971168859998,1729.034468859998,-3.0,1.1644,3.0,1.1449,long_nclose,3.4347000000000003,0.0019865571282282743,1.0
1659251400000.0,358522,1659251400000.0,0.009199999999999875,-0.00023082,1728.9801380399979,1729.004338039998,-1.0,1.1541,2.0,1.1449,long_nclose,2.2898,0.001324364548568937,5.0
1659252660000.0,358543,1659252660000.0,0.005519999999999925,-0.000138492,1728.985519547998,1728.999659547998,-0.6,1.1541,1.4,1.1449,long_nclose,1.60286,0.0009270522985172423,21.0
1659252840000.0,358546,1659252840000.0,0.0036799999999999502,-9.2328e-05,1728.989107219998,1728.999207219998,-0.4,1.1541,1.0,1.1449,long_nclose,1.1449,0.0006621788391951518,3.0
1659253020000.0,358549,1659253020000.0,0.0027599999999999626,-6.9246e-05,1728.991797973998,1729.002367973998,-0.3,1.1541,0.7,1.1449,long_nclose,0.80143,0.00046352446607271443,3.0
1659253500000.0,358557,1659253500000.0,0.0018399999999999751,-4.6164e-05,1728.993591809998,1728.995641809998,-0.2,1.1541,0.5,1.1449,long_nclose,0.57245,0.0003310885608319291,8.0
1659253800000.0,358562,1659253800000.0,0.0009199999999999876,-2.3082e-05,1728.9944887279978,1728.9985287279978,-0.1,1.1541,0.4,1.1449,long_nclose,0.45796000000000003,0.00026487071126346745,5.0
1659254520000.0,358574,1659254520000.0,0.0009199999999999876,-2.3082e-05,1728.9953856459977,1728.9996156459977,-0.1,1.1541,0.3,1.1449,long_nclose,0.34347,0.00019865293039615065,12.0
1659254940000.0,358581,1659254940000.0,0.0019500000000000073,-2.3288000000000005e-05,1728.9973123579978,1729.0013323579979,-0.1,1.1644,0.2,1.1449,long_nclose,0.22898000000000002,0.00013243513935121059,7.0
1659256620000.0,358609,1659256620000.0,0.0009199999999999876,-2.3082e-05,1728.9982092759976,1728.9989192759977,-0.1,1.1541,0.1,1.1449,long_nclose,0.11449000000000001,6.621753532523418e-05,28.0
1659258060000.0,358633,1659258060000.0,0.0,-0.013801599999999999,1728.9844076759975,1728.5571176759975,60.8,1.135,60.9,1.1350162561576356,long_ientry_partial,69.12249,0.03997866591111167,24.0
1659258600000.0,358642,1659258600000.0,0.18643000000000004,-0.004645452000000001,1729.1661922239975,1729.4903322239975,-20.3,1.1442,40.6,1.1350162561576356,long_nclose,46.08166000000001,0.02664964201083024,9.0
1659258960000.0,358648,1659258960000.0,0.1239805418719212,-0.0030893400000000003,1729.2870834258695,1729.5847428839975,-13.5,1.1442,27.1,1.1350162561576356,long_nclose,30.758940541871926,0.01778706429758081,6.0
1659260760000.0,358678,1659260760000.0,0.0826536945812808,-0.00205956,1729.3676775604508,1729.4940833239975,-9.0,1.1442,18.1,1.1350162561576356,long_nclose,20.543794236453206,0.011879367530121476,30.0
1659261060000.0,358683,1659261060000.0,0.0551024630541872,-0.0013730400000000003,1729.421406983505,1729.5543102839977,-6.0,1.1442,12.1,1.1350162561576356,long_nclose,13.73369669950739,0.007941208917647208,5.0
1659261240000.0,358686,1659261240000.0,0.036734975369458134,-0.0009153600000000002,1729.4572265988745,1729.5380949239977,-4.0,1.1442,8.1,1.1350162561576356,long_nclose,9.193631674876848,0.005315905784473727,3.0
1659262380000.0,358705,1659262380000.0,0.07753497536945808,-0.0009235200000000002,1729.533838054244,1729.6157714039975,-4.0,1.1544,4.1,1.1350162561576356,long_nclose,4.653566650246305,0.0026906479352156822,19.0
1659262560000.0,358708,1659262560000.0,0.03876748768472904,-0.0004617600000000001,1729.5721437819286,1729.6162096439975,-2.0,1.1544,2.1,1.1350162561576356,long_nclose,2.3835341379310346,0.0013781062249991695,3.0
1659262920000.0,358714,1659262920000.0,0.01938374384236452,-0.00023088000000000004,1729.591296645771,1729.6132787639976,-1.0,1.1544,1.1,1.1350162561576356,long_nclose,1.2485178817733993,0.0007218571718039247,6.0
1659263340000.0,358721,1659263340000.0,0.03254211822660096,-0.000256212,1729.6235825519975,1729.6235825519975,-1.1,1.1646,0.0,1.1350162561576356,long_nclose,0.0,0.0,7.0
1659292320000.0,359204,1659292320000.0,0.0,-0.01383541,1729.6097471419976,1729.7629971419976,61.3,1.1285,61.3,1.1285,long_ientry_normal,69.17705,0.03999575633422971,483.0
1659292380000.0,359205,1659292380000.0,0.18563999999999767,-0.004641408,1729.7907457339975,1730.1383957339974,-20.4,1.1376,40.9,1.1285,long_nclose,46.15565,0.026682793923963846,1.0
1659292440000.0,359206,1659292440000.0,0.12375999999999844,-0.003094272,1729.9114114619974,1730.0888614619973,-13.6,1.1376,27.3,1.1285,long_nclose,30.80805,0.01780903333885938,1.0
1659292500000.0,359207,1659292500000.0,0.0,-0.0076717600000000006,1729.9037397019974,1729.8219897019974,34.0,1.1282,61.3,1.1283336052202286,long_ientry_partial,69.16685000000001,0.039983062879507425,1.0
1659293700000.0,359227,1659293700000.0,0.18495445350733525,-0.004640592,1730.0840535635048,1730.4794091099975,-20.4,1.1374,40.9,1.1283336052202286,long_nclose,46.14884445350735,0.026674336636103444,20.0
1659293880000.0,359230,1659293880000.0,0.12330296900489017,-0.003093728,1730.2042628045097,1730.4681553819973,-13.6,1.1374,27.3,1.1283336052202286,long_nclose,30.803507422512244,0.017803393555731076,3.0
1659294240000.0,359236,1659294240000.0,0.26202296900488997,-0.0031214719999999997,1730.4631643015146,1730.7873939099975,-13.6,1.1476,13.7,1.1283336052202286,long_nclose,15.45817039151713,0.008932967028949546,6.0
1659294300000.0,359237,1659294300000.0,0.4023196084828671,-0.003172098,1730.8623118119974,1730.8623118119974,-13.7,1.1577,0.0,1.1283336052202286,long_nclose,0.0,0.0,1.0
1659304680000.0,359410,1659304680000.0,0.0,-0.013842078,1730.8484697339975,1730.8422797339974,61.9,1.1181,61.9,1.1181,long_ientry_normal,69.21039,0.039986394655701134,173.0
1659307140000.0,359451,1659307140000.0,0.0,-0.013857168,1730.8346125659975,1728.6313825659975,63.6,1.0894,125.5,1.1035556175298806,long_rentry,138.49623000000003,0.08001702126506273,41.0
1659316320000.0,359604,1659316320000.0,0.36969518725099204,-0.009299664000000001,1731.1950080892484,1732.3203029019974,-41.8,1.1124,83.7,1.1035556175298806,long_nclose,92.36760518725102,0.0533548241276405,153.0
1659316740000.0,359611,1659316740000.0,0.7876951872509924,-0.009383264,1731.9733200124995,1732.7880396379974,-41.8,1.1224,41.9,1.1035556175298806,long_nclose,46.238980374502,0.026697282134905114,7.0
1659317160000.0,359618,1659317160000.0,1.204389625498005,-0.009488674,1733.1682209639973,1733.1682209639973,-41.9,1.1323,0.0,1.1035556175298806,long_nclose,0.0,0.0,7.0
1659338940000.0,359981,1659338940000.0,0.0,-0.013867490000000001,1733.1543534739974,1733.1862034739975,63.7,1.0885,63.7,1.0885,long_ientry_normal,69.33745,0.04000650597623778,363.0
1659339540000.0,359991,1659339540000.0,0.18655999999999828,-0.004652552,1733.3362609219976,1733.7400109219975,-21.2,1.0973,42.5,1.0885,long_nclose,46.261250000000004,0.026689137614528808,10.0
1659339900000.0,359997,1659339900000.0,0.39431999999999895,-0.004694103999999999,1733.7258868179977,1734.1412368179977,-21.2,1.1071,21.3,1.0885,long_nclose,23.18505,0.013372961767648746,6.0
1659340680000.0,360010,1659340680000.0,0.6049199999999996,-0.004757994000000001,1734.3260488239976,1734.3260488239976,-21.3,1.1169,0.0,1.0885,long_nclose,0.0,0.0,13.0
1659350280000.0,360170,1659350280000.0,0.0,-0.013869958,1734.3121788659976,1734.8954888659975,64.1,1.0819,64.1,1.0819,long_ientry_normal,69.34979,0.039986912878248515,160.0
1659350760000.0,360178,1659350760000.0,0.1853099999999985,-0.0046459560000000006,1734.4928429099975,1734.8395229099976,-21.3,1.0906,42.8,1.0819,long_nclose,46.30532,0.02669674895995104,8.0
1659351060000.0,360183,1659351060000.0,0.0,-0.004627108,1734.4882158019975,1734.3833558019976,21.4,1.0811,64.2,1.0816333333333334,long_ientry_partial,69.44086000000001,0.04003535992194202,5.0
1659362760000.0,360378,1659362760000.0,0.18546666666666523,-0.004666484,1734.6690159846642,1735.1555093179975,-21.4,1.0903,42.8,1.0816333333333334,long_nclose,46.29390666666667,0.026687458091472563,195.0
1659362880000.0,360380,1659362880000.0,0.12306666666666571,-0.003096452,1734.788986199331,1735.0568728659978,-14.2,1.0903,28.6,1.0816333333333334,long_nclose,30.934713333333338,0.01783197471244429,2.0
1659363660000.0,360393,1659363660000.0,0.0823333333333327,-0.0020715700000000004,1734.8692479626643,1735.0481512959977,-9.5,1.0903,19.1,1.0816333333333334,long_nclose,20.65919666666667,0.011908215383336642,13.0
1659365100000.0,360417,1659365100000.0,0.05459999999999958,-0.0013737780000000002,1734.9224741846642,1735.0807675179976,-6.3,1.0903,12.8,1.0816333333333334,long_nclose,13.844906666666668,0.007980129874779076,24.0
1659365340000.0,360421,1659365340000.0,0.11818666666666644,-0.0014081280000000002,1735.0392527233307,1735.1695993899973,-6.4,1.1001,6.4,1.0816333333333334,long_nclose,6.922453333333334,0.003989796382109396,4.0
1659365640000.0,360426,1659365640000.0,0.1802666666666653,-0.001420544,1735.2180988459975,1735.2180988459975,-6.4,1.1098,0.0,1.0816333333333334,long_nclose,0.0,0.0,5.0
1659374700000.0,360577,1659374700000.0,0.0,-0.01388338,1735.2042154659975,1735.1518154659975,65.5,1.0598,65.5,1.0598,long_ientry_normal,69.4169,0.04000503190418873,151.0
1659385260000.0,360753,1659385260000.0,0.18529999999999897,-0.004657788,1735.3848576779976,1735.7431976779976,-21.8,1.0683,43.7,1.0598,long_nclose,46.31326000000001,0.026687601770346597,176.0
1659385320000.0,360754,1659385320000.0,0.1232499999999993,-0.0030980700000000005,1735.5050096079976,1735.8028496079976,-14.5,1.0683,29.2,1.0598,long_nclose,30.946160000000003,0.01783121329450376,1.0
1659385500000.0,360757,1659385500000.0,0.08244999999999952,-0.0020725020000000004,1735.5853871059978,1735.8427871059978,-9.7,1.0683,19.5,1.0598,long_nclose,20.6661,0.011907279326924786,3.0
1659385800000.0,360762,1659385800000.0,0.05524999999999969,-0.00138879,1735.6392483159977,1735.7848483159978,-6.5,1.0683,13.0,1.0598,long_nclose,13.7774,0.007937939876254532,5.0
1659388380000.0,360805,1659388380000.0,0.03654999999999979,-0.000918738,1735.6748795779977,1735.7549195779977,-4.3,1.0683,8.7,1.0598,long_nclose,9.22026,0.0053122045542548625,43.0
1659394020000.0,360899,1659394020000.0,0.02464999999999986,-0.000619614,1735.6989099639977,1735.7522699639978,-2.9,1.0683,5.8,1.0598,long_nclose,6.14684,0.003541420671934108,94.0
1659394140000.0,360901,1659394140000.0,0.016149999999999907,-0.00040595400000000004,1735.7146540099977,1735.7583340099977,-1.9,1.0683,3.9,1.0598,long_nclose,4.133220000000001,0.002381278507069742,2.0
1659395520000.0,360924,1659395520000.0,0.03439000000000001,-0.00040960200000000007,1735.7486344079978,1735.7850344079977,-1.9,1.0779,2.0,1.0598,long_nclose,2.1196,0.0012211445585972882,23.0
1659397080000.0,360950,1659397080000.0,0.018100000000000005,-0.00021558000000000002,1735.7665188279977,1735.7877188279977,-1.0,1.0779,1.0,1.0598,long_nclose,1.0598,0.0006105659882848672,26.0
1659397320000.0,360954,1659397320000.0,0.009050000000000002,-0.00010779000000000001,1735.7754610379977,1735.7850610379978,-0.5,1.0779,0.5,1.0598,long_nclose,0.5299,0.00030528142141329653,4.0
1659398100000.0,360967,1659398100000.0,0.0036200000000000013,-4.3116000000000005e-05,1735.7790379219978,1735.7853979219979,-0.2,1.0779,0.3,1.0598,long_nclose,0.31794,0.00018316847539570733,13.0
1659398220000.0,360969,1659398220000.0,0.008279999999999954,-6.5244e-05,1735.7872526779977,1735.7872526779977,-0.3,1.0874,0.0,1.0598,long_nclose,0.0,0.0,2.0
1659401700000.0,361027,1659401700000.0,0.0,-0.013889608,1735.7733630699977,1735.5599230699977,66.7,1.0412,66.7,1.0412,long_ientry_normal,69.44803999999999,0.04000985467202344,58.0
1659402300000.0,361037,1659402300000.0,0.18648000000000411,-0.004660224,1735.9551828459978,1736.3467828459977,-22.2,1.0496,44.5,1.0412,long_nclose,46.3334,0.026690435592950663,10.0
1659404820000.0,361079,1659404820000.0,0.0,-0.004649344000000001,1735.9505335019978,1735.745713501998,22.4,1.0378,66.9,1.0400615844544094,long_ientry_partial,69.58012,0.040081856399233576,42.0
1659407580000.0,361125,1659407580000.0,0.0,-0.01388221,1735.9366512919978,1734.1056812919978,68.5,1.0133,135.4,1.0265226735598227,long_rentry,138.99117,0.08006695975717414,46.0
1659414600000.0,361242,1659414600000.0,0.0,-0.013924872000000003,1735.9227264199978,1731.467996419998,70.2,0.9918,205.6,1.0146669747081711,long_rentry,208.61552999999998,0.12017558548255707,117.0
1659415500000.0,361257,1659415500000.0,0.0,-0.020725172,1735.9020012479978,1729.9288112479978,106.6,0.9721,312.2,1.0001325752722612,long_rentry,312.2413899999999,0.17987270581836945,15.0
1659420480000.0,361340,1659420480000.0,0.8390121716848356,-0.020970560000000003,1736.7200428596825,1738.5662406879976,-104.0,1.0082,208.2,1.0001325752722612,long_nclose,208.22760217168477,0.11989704559913829,83.0
1659420960000.0,361348,1659420960000.0,0.559879276105073,-0.013993816000000001,1737.2659283197875,1738.4967268719977,-69.4,1.0082,138.8,1.0001325752722612,long_nclose,138.81840144778985,0.07990624761866442,8.0
1659421500000.0,361357,1659421500000.0,0.37271502242153276,-0.009315768,1737.629327574209,1738.4504511039975,-46.2,1.0082,92.6,1.0001325752722612,long_nclose,92.61227647021138,0.0532980624811975,9.0
1659421800000.0,361362,1659421800000.0,0.24847668161435515,-0.0062105120000000005,1737.8715937438233,1738.5432005919974,-30.8,1.0082,61.8,1.0001325752722612,long_nclose,61.80819315182574,0.03556545453319423,5.0
1659424200000.0,361402,1659424200000.0,0.16618894939141937,-0.004153784000000001,1738.0336289092147,1738.3989668079976,-20.6,1.0082,41.2,1.0001325752722612,long_nclose,41.205462101217165,0.02370809253390431,40.0
1659426540000.0,361441,1659426540000.0,0.1105237187700216,-0.002762468,1738.141390159985,1738.3852443399976,-13.7,1.0082,27.5,1.0001325752722612,long_nclose,27.50364581998718,0.01582359523551513,39.0
1659427380000.0,361455,1659427380000.0,0.0734135650224231,-0.001834924,1738.2129688010075,1738.3761294159979,-9.1,1.0082,18.4,1.0001325752722612,long_nclose,18.402439385009604,0.010586987737010917,14.0
1659427620000.0,361459,1659427620000.0,0.049211290839206695,-0.001230004,1738.2609500878466,1738.3700194119979,-6.1,1.0082,12.3,1.0001325752722612,long_nclose,12.301630675848813,0.007076975798844889,4.0
1659435180000.0,361585,1659435180000.0,0.03307644138372909,-0.0008267239999999999,1738.2931998052302,1738.3659126879977,-4.1,1.0082,8.2,1.0001325752722612,long_nclose,8.201087117232541,0.004717896335411912,126.0
1659435840000.0,361596,1659435840000.0,0.021782046764894772,-0.000544428,1738.314437423995,1738.3632082599977,-2.7,1.0082,5.5,1.0001325752722612,long_nclose,5.500729163997437,0.0031644040028505757,11.0
1659437220000.0,361619,1659437220000.0,0.014521364509929847,-0.000362952,1738.328595836505,1738.3651053079975,-1.8,1.0082,3.7,1.0001325752722612,long_nclose,3.7004905285073666,0.0021287635360601343,23.0
1659437520000.0,361624,1659437520000.0,0.03072136450993006,-0.00036619200000000005,1738.3589510090148,1738.3871991159976,-1.8,1.0172,1.9,1.0001325752722612,long_nclose,1.9002518930172962,0.0010931297543089775,5.0
1659438660000.0,361643,1659438660000.0,0.004840454836643282,-0.000120984,1738.3636704798514,1738.3777981319975,-0.6,1.0082,1.3,1.0001325752722612,long_nclose,1.3001723478539395,0.0007479288539750977,19.0
1659440100000.0,361667,1659440100000.0,0.010240454836643353,-0.00012206400000000003,1738.373788870688,1738.3883960679975,-0.6,1.0172,0.7,1.0001325752722612,long_nclose,0.7000928026905828,0.0004027285772327418,24.0
1659441420000.0,361689,1659441420000.0,0.0051202274183216765,-6.1032000000000015e-05,1738.3788480661062,1738.3851950359974,-0.3,1.0172,0.4,1.0001325752722612,long_nclose,0.4000530301089045,0.00023012994581356726,22.0
1659442200000.0,361702,1659442200000.0,0.0034134849455477847,-4.068800000000001e-05,1738.3822208630518,1738.3857943479973,-0.2,1.0172,0.2,1.0001325752722612,long_nclose,0.20002651505445224,0.00011506474965853332,13.0
1659447180000.0,361785,1659447180000.0,0.0008067424727738804,-2.0164000000000002e-05,1738.3830074415246,1738.3838941839974,-0.1,1.0082,0.1,1.0001325752722612,long_nclose,0.10001325752722612,5.753234879718551e-05,83.0
1659447360000.0,361788,1659447360000.0,0.0008067424727738804,-2.0164000000000002e-05,1738.3837940199974,1738.3837940199974,-0.1,1.0082,0.0,1.0001325752722612,long_nclose,0.0,0.0,3.0
1659569400000.0,363822,1659569400000.0,0.0,-0.013900282000000002,1738.3698937379975,1738.5061837379974,64.9,1.0709,64.9,1.0709,long_ientry_normal,69.50141,0.03998079479537689,2034.0
1659569580000.0,363825,1659569580000.0,0.18575999999999873,-0.0046634400000000005,1738.5509902979975,1738.8584202979976,-21.6,1.0795,43.3,1.0709,long_nclose,46.369969999999995,0.026671619215523797,3.0
1659569700000.0,363827,1659569700000.0,0.12383999999999916,-0.00310896,1738.6717213379975,1738.9058113379974,-14.4,1.0795,28.9,1.0709,long_nclose,30.949009999999998,0.017800375781221737,2.0
1659570180000.0,363835,1659570180000.0,0.08255999999999943,-0.0020726399999999997,1738.7522086979975,1738.9664386979975,-9.6,1.0795,19.3,1.0709,long_nclose,20.66837,0.011886897912541989,8.0
1659571560000.0,363858,1659571560000.0,0.17567999999999984,-0.0020912640000000002,1738.9257974339976,1739.1013674339977,-9.6,1.0892,9.7,1.0709,long_nclose,10.38773,0.005973647648064336,23.0
1659571620000.0,363859,1659571620000.0,0.08783999999999992,-0.0010456320000000001,1739.0125918019976,1739.1110818019977,-4.8,1.0892,4.9,1.0709,long_nclose,5.24741,0.0030174652125793612,1.0
1659571740000.0,363861,1659571740000.0,0.04391999999999996,-0.0005228160000000001,1739.0559889859976,1739.1087389859977,-2.4,1.0892,2.5,1.0709,long_nclose,2.67725,0.0015394846496926422,2.0
1659572400000.0,363872,1659572400000.0,0.06975000000000009,-0.0005494,1739.1251895859978,1739.1251895859978,-2.5,1.0988,0.0,1.0709,long_nclose,0.0,0.0,11.0
1659632160000.0,364868,1659632160000.0,0.0,-0.013905360000000002,1739.1112842259977,1738.9866842259976,62.3,1.116,62.3,1.116,long_ientry_normal,69.52680000000001,0.03997835022440404,996.0
1659632460000.0,364873,1659632460000.0,0.18629999999999786,-0.0046575,1739.2929267259979,1739.7505267259978,-20.7,1.125,41.6,1.116,long_nclose,46.4256,0.026692226068779804,5.0
1659632580000.0,364875,1659632580000.0,0.12419999999999859,-0.003105,1739.4140217259978,1739.636421725998,-13.8,1.125,27.8,1.116,long_nclose,31.024800000000003,0.017836351560058427,2.0
1659632700000.0,364877,1659632700000.0,0.08279999999999904,-0.0020700000000000002,1739.4947517259977,1739.6807517259977,-9.2,1.125,18.6,1.116,long_nclose,20.757600000000004,0.011933120223216232,2.0
1659632880000.0,364880,1659632880000.0,0.055799999999999364,-0.0013950000000000002,1739.5491567259978,1739.6979567259978,-6.2,1.125,12.4,1.116,long_nclose,13.838400000000002,0.007955164673842979,3.0
1659633300000.0,364887,1659633300000.0,0.03689999999999957,-0.0009225,1739.585134225998,1739.693034225998,-4.1,1.125,8.3,1.116,long_nclose,9.262800000000002,0.005324717840912882,7.0
1659633960000.0,364898,1659633960000.0,0.07789999999999961,-0.0009306999999999999,1739.662103525998,1739.746103525998,-4.1,1.135,4.2,1.116,long_nclose,4.687200000000001,0.002694316321830456,11.0
1659635460000.0,364923,1659635460000.0,0.012599999999999854,-0.000315,1739.674388525998,1739.702388525998,-1.4,1.125,2.8,1.116,long_nclose,3.1248,0.0017961981969784587,25.0
1659636360000.0,364938,1659636360000.0,0.026599999999999867,-0.0003178,1739.700670725998,1739.728670725998,-1.4,1.135,1.4,1.116,long_nclose,1.5624,0.0008980855306263644,15.0
1659636600000.0,364942,1659636600000.0,0.003599999999999959,-9e-05,1739.704180725998,1739.706180725998,-0.4,1.125,1.0,1.116,long_nclose,1.116,0.000641488370473583,4.0
1659637560000.0,364958,1659637560000.0,0.002699999999999969,-6.75e-05,1739.706813225998,1739.7138132259981,-0.3,1.125,0.7,1.116,long_nclose,0.7812,0.0004490411798476515,16.0
1659637860000.0,364963,1659637860000.0,0.005699999999999972,-6.81e-05,1739.712445125998,1739.7204451259981,-0.3,1.135,0.4,1.116,long_nclose,0.4464000000000001,0.0002565941292485665,5.0
1659638520000.0,364974,1659638520000.0,0.0008999999999999898,-2.25e-05,1739.7133226259982,1739.7163226259981,-0.1,1.125,0.3,1.116,long_nclose,0.33480000000000004,0.00019244549986812684,11.0
1659638640000.0,364976,1659638640000.0,0.0008999999999999898,-2.25e-05,1739.7142001259983,1739.7164001259982,-0.1,1.125,0.2,1.116,long_nclose,0.22320000000000004,0.00012829693519995114,2.0
1659639000000.0,364982,1659639000000.0,0.0008999999999999898,-2.25e-05,1739.7150776259984,1739.7160776259984,-0.1,1.125,0.1,1.116,long_nclose,0.11160000000000002,6.41484352439415e-05,6.0
1659640140000.0,365001,1659640140000.0,0.0008999999999999898,-2.25e-05,1739.7159551259986,1739.7159551259986,-0.1,1.125,0.0,1.116,long_nclose,0.0,0.0,19.0
1659641580000.0,365025,1659641580000.0,0.0,-0.013925670000000003,1739.7020294559986,1739.6079794559987,62.7,1.1105,62.7,1.1105,long_ientry_normal,69.62835000000001,0.04002314696486999,24.0
1659652500000.0,365207,1659652500000.0,0.18600999999999807,-0.004679091999999999,1739.8833603639985,1740.2386603639984,-20.9,1.1194,41.8,1.1105,long_nclose,46.4189,0.026679317164277478,182.0
1659652620000.0,365209,1659652620000.0,0.12370999999999872,-0.003111932,1740.0039584319986,1740.2690084319986,-13.9,1.1194,27.9,1.1105,long_nclose,30.98295,0.01780625259491951,2.0
1659653100000.0,365217,1659653100000.0,0.08276999999999915,-0.002082084,1740.0846463479986,1740.2799463479987,-9.3,1.1194,18.6,1.1105,long_nclose,20.655300000000004,0.011870284611355144,8.0
1659654180000.0,365235,1659654180000.0,0.05517999999999943,-0.001388056,1740.1384382919987,1740.2562382919987,-6.2,1.1194,12.4,1.1105,long_nclose,13.7702,0.007913278447843432,18.0
1659655500000.0,365257,1659655500000.0,0.03648999999999962,-0.0009179079999999999,1740.1740103839986,1740.2611603839987,-4.1,1.1194,8.3,1.1105,long_nclose,9.217150000000002,0.005296682943774159,22.0
1659655680000.0,365260,1659655680000.0,0.024029999999999753,-0.0006044760000000001,1740.1974359079986,1740.2730359079985,-2.7,1.1194,5.6,1.1105,long_nclose,6.2188,0.0035736174940144997,3.0
1659656340000.0,365271,1659656340000.0,0.016019999999999836,-0.000402984,1740.2130529239987,1740.2681529239987,-1.8,1.1194,3.8,1.1105,long_nclose,4.2199,0.0024249329660580923,11.0
1659656580000.0,365275,1659656580000.0,0.03590999999999984,-0.000429172,1740.2485337519988,1740.289383751999,-1.9,1.1294,1.9,1.1105,long_nclose,2.10995,0.0012124417628158663,4.0
1659657840000.0,365296,1659657840000.0,0.017009999999999924,-0.000203292,1740.265340459999,1740.286840459999,-0.9,1.1294,1.0,1.1105,long_nclose,1.1105,0.0006381210808384341,21.0
1659658020000.0,365299,1659658020000.0,0.028899999999999926,-0.00022788,1740.294012579999,1740.294012579999,-1.0,1.1394,0.0,1.1105,long_nclose,0.0,0.0,3.0
1659828180000.0,368135,1659828180000.0,0.0,-0.013926546,1740.280086033999,1740.3856560339989,62.1,1.1213,62.1,1.1213,long_ientry_normal,69.63273,0.04001236959430427,2836.0
1659829080000.0,368150,1659829080000.0,0.18630000000000246,-0.004679442000000001,1740.461706591999,1740.904686591999,-20.7,1.1303,41.4,1.1213,long_nclose,46.42182,0.026672129483904957,15.0
1659830220000.0,368169,1659830220000.0,0.12420000000000164,-0.0031196280000000006,1740.582786963999,1740.878106963999,-13.8,1.1303,27.6,1.1213,long_nclose,30.94788,0.01778018272487955,19.0
1659830700000.0,368177,1659830700000.0,0.0828000000000011,-0.002079752,1740.6635072119989,1740.841987211999,-9.2,1.1303,18.4,1.1213,long_nclose,20.631919999999997,0.01185290546651714,8.0
1659831780000.0,368195,1659831780000.0,0.054900000000000726,-0.0013789660000000001,1740.717028245999,1740.848638245999,-6.1,1.1303,12.3,1.1213,long_nclose,13.79199,0.00792316601503993,18.0
1659831960000.0,368198,1659831960000.0,0.03690000000000049,-0.0009268459999999999,1740.753001399999,1740.832541399999,-4.1,1.1303,8.2,1.1213,long_nclose,9.194659999999999,0.005282001520379515,3.0
1659833640000.0,368226,1659833640000.0,0.0,-0.012089852000000002,1740.740911547999,1740.860191547999,54.2,1.1153,62.4,1.1160884615384616,long_ientry_partial,69.64392000000001,0.04000820543596424,28.0
1659839520000.0,368324,1659839520000.0,0.18743999999999766,-0.004680416000000001,1740.923671131999,1741.294391131999,-20.8,1.1251,41.6,1.1160884615384616,long_nclose,46.429280000000006,0.026669336955944967,98.0
1659840180000.0,368335,1659840180000.0,0.12435923076922922,-0.0031052760000000006,1741.0449250867682,1741.292665855999,-13.8,1.1251,27.8,1.1160884615384616,long_nclose,31.027259230769236,0.01782105607023491,11.0
1659840480000.0,368340,1659840480000.0,0.0829061538461528,-0.0020701839999999997,1741.1257610566142,1741.328715671999,-9.2,1.1251,18.6,1.1160884615384616,long_nclose,20.759245384615387,0.011922886817789368,5.0
1659841200000.0,368352,1659841200000.0,0.055871538461537765,-0.0013951240000000002,1741.1802374710758,1741.3155405479988,-6.2,1.1251,12.4,1.1160884615384616,long_nclose,13.839496923076926,0.00794834252379161,12.0
1659841800000.0,368362,1659841800000.0,0.036947307692307224,-0.0009225819999999999,1741.2162621967682,1741.306827965999,-4.1,1.1251,8.3,1.1160884615384616,long_nclose,9.263534230769233,0.005320151454984744,10.0
1659842460000.0,368373,1659842460000.0,0.024331153846153544,-0.0006075540000000001,1741.2399857966143,1741.2954904119988,-2.7,1.1251,5.6,1.1160884615384616,long_nclose,6.250095384615385,0.0035894508715614963,11.0
1659843240000.0,368386,1659843240000.0,0.01622076923076903,-0.00040503600000000006,1741.255801529845,1741.297265375999,-1.8,1.1251,3.8,1.1160884615384616,long_nclose,4.241136153846154,0.0024356766823805816,13.0
1659845220000.0,368419,1659845220000.0,0.03612192307692288,-0.00043133799999999997,1741.291492114922,1741.329324037999,-1.9,1.1351,1.9,1.1160884615384616,long_nclose,2.120568076923077,0.0012178133796240493,33.0
1659847560000.0,368458,1659847560000.0,0.005406923076923009,-0.000135012,1741.2967640259988,1741.3096490259989,-0.6,1.1251,1.3,1.1160884615384616,long_nclose,1.4509150000000002,0.0008332382107260018,39.0
1659848040000.0,368466,1659848040000.0,0.00360461538461534,-9.000800000000001e-05,1741.3002786333834,1741.3091990179987,-0.4,1.1251,0.9,1.1160884615384616,long_nclose,1.0044796153846156,0.0005768560584926551,8.0
1659858720000.0,368644,1659858720000.0,0.007604615384615343,-9.0808e-05,1741.307792440768,1741.3182482099987,-0.4,1.1351,0.5,1.1160884615384616,long_nclose,0.5580442307692308,0.00032047420518748593,178.0
1659860100000.0,368667,1659860100000.0,0.000901153846153835,-2.2502000000000002e-05,1741.308671092614,1741.3130357079988,-0.1,1.1251,0.4,1.1160884615384616,long_nclose,0.4464353846153847,0.0002563792347828034,23.0
1659860880000.0,368680,1659860880000.0,0.000901153846153835,-2.2502000000000002e-05,1741.3095497444601,1741.3125232059986,-0.1,1.1251,0.3,1.1160884615384616,long_nclose,0.3348265384615385,0.00019228432906181144,13.0
1659866040000.0,368766,1659866040000.0,0.000901153846153835,-2.2502000000000002e-05,1741.3104283963062,1741.3124107039985,-0.1,1.1251,0.2,1.1160884615384616,long_nclose,0.22321769230769234,0.00012818948802441218,86.0
1659866400000.0,368772,1659866400000.0,0.000901153846153835,-2.2502000000000002e-05,1741.3113070481522,1741.3123982019983,-0.1,1.1251,0.1,1.1160884615384616,long_nclose,0.11160884615384617,6.409471167050767e-05,6.0
1659866820000.0,368779,1659866820000.0,0.000901153846153835,-2.2502000000000002e-05,1741.3121856999983,1741.3121856999983,-0.1,1.1251,0.0,1.1160884615384616,long_nclose,0.0,0.0,7.0
1660037040000.0,371616,1660037040000.0,0.0,-0.01392518,1741.2982605199984,1741.5283605199984,59.0,1.1801,59.0,1.1801,long_ientry_normal,69.6259,0.0399850511417888,2837.0
1660038180000.0,371635,1660038180000.0,0.0,-0.013935576000000002,1741.2843249439984,1738.0853449439983,60.6,1.1498,119.6,1.1647473244147157,long_rentry,139.30378,0.08000059381714135,19.0
1660053300000.0,371887,1660053300000.0,0.0,-0.01395496,1741.2703699839983,1736.4917899839984,62.0,1.1254,181.6,1.1513137665198239,long_rentry,209.07858000000002,0.12007243883781321,252.0
1660053840000.0,371896,1660053840000.0,0.0,-0.020782404,1741.2495875799982,1733.2937875799983,94.2,1.1031,275.8,1.1348462654097171,long_rentry,312.9906,0.1797505666232471,9.0
1660091820000.0,372529,1660091820000.0,0.0,-0.030704960000000007,1741.218882619998,1724.4946826199982,143.0,1.0736,418.8,1.1139336198662846,long_rentry,466.5154,0.26792461571404397,633.0
1660134600000.0,373242,1660134600000.0,1.2517066666666732,-0.031351368,1742.4392379186647,1748.600171251998,-139.6,1.1229,279.2,1.1139336198662846,long_nclose,311.01026666666667,0.1784913125798102,713.0
1660134600000.0,373242,1660134600000.0,2.647706666666674,-0.031630568,1745.0553140173313,1748.1357806839978,-139.6,1.1329,139.6,1.1139336198662846,long_nclose,155.50513333333333,0.08911186486996876,0.0
1660134660000.0,373243,1660134660000.0,4.057666666666674,-0.03191256,1749.081068123998,1749.081068123998,-139.6,1.143,0.0,1.1139336198662846,long_nclose,0.0,0.0,1.0
1660261080000.0,375350,1660261080000.0,0.0,-0.013984235999999999,1749.067083887998,1749.155703887998,63.3,1.1046,63.3,1.1046,long_ientry_normal,69.92117999999999,0.0399762711471148,2107.0
1660261260000.0,375353,1660261260000.0,0.18778999999999807,-0.00469897,1749.250174917998,1749.689054917998,-21.1,1.1135,42.2,1.1046,long_nclose,46.61412000000001,0.026648057932699764,3.0
1660261860000.0,375363,1660261860000.0,0.3966799999999985,-0.004740748,1749.6421141699982,1750.0936541699982,-21.1,1.1234,21.1,1.1046,long_nclose,23.307060000000003,0.013321044235984509,10.0
1660263180000.0,375385,1660263180000.0,0.0,-0.009350896000000001,1749.6327632739983,1749.8022232739984,42.4,1.1027,63.5,1.1033313385826773,long_ientry_partial,70.06154000000001,0.04004356883949603,22.0
1660264080000.0,375400,1660264080000.0,0.1871287559055108,-0.004693484000000001,1749.8151985459037,1750.225149789998,-21.1,1.1122,42.4,1.1033313385826773,long_nclose,46.781248755905516,0.026734965380790343,15.0
1660264260000.0,375403,1660264260000.0,0.1250481259842513,-0.0031364040000000006,1749.9371102678879,1750.2673333859982,-14.1,1.1122,28.3,1.1033313385826773,long_nclose,31.224276881889768,0.017843085159277423,3.0
1660264740000.0,375411,1660264740000.0,0.2660481259842514,-0.0031646040000000005,1750.1999937898722,1750.4934887819982,-14.1,1.1222,14.2,1.1033313385826773,long_nclose,15.667305007874017,0.008951722696529173,8.0
1660264860000.0,375413,1660264860000.0,0.13396749606299185,-0.001593524,1750.332367761935,1750.479115257998,-7.1,1.1222,7.1,1.1033313385826773,long_nclose,7.833652503937008,0.004475522848242542,2.0
1660266060000.0,375433,1660266060000.0,0.06604031496062979,-0.00078554,1750.3976225368958,1750.4756297179981,-3.5,1.1222,3.6,1.1033313385826773,long_nclose,3.9719928188976383,0.00226919459199272,20.0
1660268340000.0,375471,1660268340000.0,0.03396359055118103,-0.00040399200000000004,1750.431182135447,1750.4683857259981,-1.8,1.1222,1.8,1.1033313385826773,long_nclose,1.9859964094488192,0.0011345755432818519,38.0
1660269120000.0,375484,1660269120000.0,0.016981795275590517,-0.00020199600000000002,1750.4479619347226,1750.4656637299981,-0.9,1.1222,0.9,1.1033313385826773,long_nclose,0.9929982047244096,0.0005672823336186902,13.0
1660269360000.0,375488,1660269360000.0,0.0075474645669291185,-8.977600000000002e-05,1750.4554196232893,1750.464253953998,-0.4,1.1222,0.5,1.1033313385826773,long_nclose,0.5516656692913386,0.0003151555093074356,4.0
1660269420000.0,375489,1660269420000.0,0.0037737322834645592,-4.488800000000001e-05,1750.4591484675727,1750.464749065998,-0.2,1.1222,0.3,1.1033313385826773,long_nclose,0.3309994015748032,0.00018909290277615122,1.0
1660269660000.0,375493,1660269660000.0,0.0018868661417322796,-2.2444000000000004e-05,1750.4610128897145,1750.465346621998,-0.1,1.1222,0.2,1.1033313385826773,long_nclose,0.22066626771653547,0.00012606180091509313,4.0
1660269840000.0,375496,1660269840000.0,0.0018868661417322796,-2.2444000000000004e-05,1750.4628773118563,1750.464844177998,-0.1,1.1222,0.1,1.1033313385826773,long_nclose,0.11033313385826773,6.303083332318574e-05,3.0
1660271040000.0,375516,1660271040000.0,0.0018868661417322796,-2.2444000000000004e-05,1750.4647417339982,1750.4647417339982,-0.1,1.1222,0.0,1.1033313385826773,long_nclose,0.0,0.0,20.0
1660483620000.0,379059,1660483620000.0,0.0,-0.013993096,1750.4507486379982,1750.3816686379982,62.8,1.1141,62.8,1.1141,long_ientry_normal,69.96548,0.03996997919218189,3543.0
1660491420000.0,379189,1660491420000.0,0.18809999999999782,-0.004694558000000001,1750.6341540799983,1751.0489640799983,-20.9,1.1231,41.9,1.1141,long_nclose,46.68079,0.026665074419579066,130.0
1660491600000.0,379192,1660491600000.0,0.12509999999999857,-0.0031222180000000004,1750.7561318619983,1751.1173318619983,-13.9,1.1231,28.0,1.1141,long_nclose,31.1948,0.017817901324054253,3.0
1660492020000.0,379199,1660492020000.0,0.08369999999999905,-0.0020889660000000003,1750.8377428959982,1751.0415728959981,-9.3,1.1231,18.7,1.1141,long_nclose,20.83367,0.011899257989229643,7.0
1660493100000.0,379217,1660493100000.0,0.055799999999999364,-0.001392644,1750.8921502519984,1751.0159002519983,-6.2,1.1231,12.5,1.1141,long_nclose,13.926250000000001,0.007953802293302678,18.0
1660493400000.0,379222,1660493400000.0,0.03689999999999957,-0.000920942,1750.9281293099984,1751.0196893099985,-4.1,1.1231,8.4,1.1141,long_nclose,9.358440000000002,0.0053448453099488175,5.0
1660493640000.0,379226,1660493640000.0,0.02519999999999971,-0.000628936,1750.9527003739984,1751.0081403739985,-2.8,1.1231,5.6,1.1141,long_nclose,6.2389600000000005,0.0035631802039354787,4.0
1660493940000.0,379231,1660493940000.0,0.016199999999999815,-0.00040431600000000005,1750.9684960579984,1751.0099160579985,-1.8,1.1231,3.8,1.1141,long_nclose,4.23358,0.0024178504693437774,5.0
1660494480000.0,379240,1660494480000.0,0.010799999999999876,-0.00026954400000000003,1750.9790265139984,1751.0047665139984,-1.2,1.1231,2.6,1.1141,long_nclose,2.8966600000000002,0.001654308793045296,9.0
1660495980000.0,379265,1660495980000.0,0.0,-0.013444444000000002,1750.9655820699984,1750.8530020699984,61.1,1.1002,63.7,1.1007673469387755,long_ientry_partial,70.11888,0.04004583569090215,25.0
1660496400000.0,379272,1660496400000.0,0.0,-0.014006850000000001,1750.9515752199984,1748.8284452199985,65.3,1.0725,129.0,1.0864583720930234,long_rentry,140.15313000000003,0.08004397836210318,7.0
1660504440000.0,379406,1660504440000.0,0.3758899999999905,-0.00941872,1751.3180464999984,1752.2246264999985,-43.0,1.0952,86.0,1.0864583720930234,long_nclose,93.43542000000002,0.05335148586330753,134.0
1660512660000.0,379543,1660512660000.0,0.2500105581395286,-0.006264544,1751.561792514138,1752.1094819559985,-28.6,1.0952,57.4,1.0864583720930234,long_nclose,62.36271055813954,0.035604059659594435,137.0
1660518300000.0,379637,1660518300000.0,0.1669650930232516,-0.004183664,1751.7245739431612,1752.0900182919984,-19.1,1.0952,38.3,1.0864583720930234,long_nclose,41.611355651162796,0.023754508140223746,94.0
1660518900000.0,379647,1660518900000.0,0.11101867441860185,-0.0027818079999999998,1751.8328108095798,1752.1026764839983,-12.7,1.0952,25.6,1.0864583720930234,long_nclose,27.8133343255814,0.01587670590136278,10.0
1660519080000.0,379650,1660519080000.0,0.07430383720930045,-0.0018618399999999998,1751.9052528067891,1752.0684146439985,-8.5,1.0952,17.1,1.0864583720930234,long_nclose,18.578438162790704,0.010604704868043253,3.0
1660519200000.0,379652,1660519200000.0,0.04982727906976619,-0.001248528,1751.953831557859,1752.0626061159985,-5.7,1.0952,11.4,1.0864583720930234,long_nclose,12.385625441860467,0.0070696072115365135,2.0
1660521840000.0,379696,1660521840000.0,0.033218186046510785,-0.0008323519999999999,1751.9862173919055,1752.0587337639986,-3.8,1.0952,7.6,1.0864583720930234,long_nclose,8.257083627906978,0.004712984352239304,44.0
1660522800000.0,379712,1660522800000.0,0.02185406976744131,-0.0005476,1752.007523861673,1752.0561861639985,-2.5,1.0952,5.1,1.0864583720930234,long_nclose,5.540937697674419,0.0031626220904927434,16.0
1660522920000.0,379714,1660522920000.0,0.014860767441860089,-0.000372368,1752.022012261115,1752.0476537959987,-1.7,1.0952,3.4,1.0864583720930234,long_nclose,3.6939584651162796,0.002108397291395301,2.0
1660523460000.0,379723,1660523460000.0,0.009615790697674176,-0.00024094400000000002,1752.0313871078124,1752.0556328519986,-1.1,1.0952,2.3,1.0864583720930234,long_nclose,2.4988542558139537,0.0014262611242022146,9.0
1660523700000.0,379727,1660523700000.0,0.02039579069767421,-0.00024310000000000003,1752.05153979851,1752.0785897519984,-1.1,1.105,1.2,1.0864583720930234,long_nclose,1.303750046511628,0.0007441276794069439,4.0
1660526220000.0,379769,1660526220000.0,0.011124976744185932,-0.0001326,1752.0625321752543,1752.0742571519986,-0.6,1.105,0.6,1.0864583720930234,long_nclose,0.651875023255814,0.0003720615053884439,42.0
1660529520000.0,379824,1660529520000.0,0.01700497674418595,-0.000133776,1752.0794033759985,1752.0794033759985,-0.6,1.1148,0.0,1.0864583720930234,long_nclose,0.0,0.0,55.0
1660544760000.0,380078,1660544760000.0,0.0,-0.014019304,1752.0653840719986,1752.1240640719986,65.2,1.0751,65.2,1.0751,long_ientry_normal,70.09652,0.04000793614053817,254.0
1660546320000.0,380104,1660546320000.0,0.0,-0.014015550000000002,1752.0513685219985,1750.1857985219985,66.9,1.0475,132.1,1.0611224072672218,long_rentry,140.17427,0.08000579921252463,26.0
1660604340000.0,381071,1660604340000.0,0.0,-0.014087622000000003,1752.0372808999984,1747.6465008999985,68.7,1.0253,200.8,1.0488664342629481,long_rentry,210.61238,0.12020998770745973,967.0
1660716000000.0,382932,1660716000000.0,0.5642055478087644,-0.014146674,1752.5873397738073,1753.8103242259986,-66.9,1.0573,133.9,1.0488664342629481,long_nclose,140.44321554780876,0.08013478835578869,1861.0
1660716240000.0,382936,1660716240000.0,0.37613703187250963,-0.009431116,1752.9540456896798,1753.9482731099986,-44.6,1.0573,89.3,1.0488664342629481,long_nclose,93.66377257968126,0.053431961214265786,4.0
1660716480000.0,382940,1660716480000.0,0.250476902390438,-0.006280361999999999,1753.19824223007,1753.7426027479983,-29.7,1.0573,59.6,1.0488664342629481,long_nclose,62.51243948207171,0.035656229841159216,4.0
1660716900000.0,382947,1660716900000.0,0.16698460159362535,-0.004186908,1753.3610399236636,1753.7643558399982,-19.8,1.0573,39.8,1.0488664342629481,long_nclose,41.74488408366533,0.023808493021769656,7.0
1660717500000.0,382957,1660717500000.0,0.11132306772908356,-0.0027912719999999996,1753.4695717193927,1753.7125245679983,-13.2,1.0573,26.6,1.0488664342629481,long_nclose,27.89984715139442,0.015911224010597903,10.0
1660737960000.0,383298,1660737960000.0,0.0,-0.008720772000000002,1753.4608509473926,1752.1868437959981,43.7,0.9978,70.3,1.0171224345859806,long_ientry_partial,71.50370715139444,0.04077861625069135,341.0
1660738740000.0,383311,1660738740000.0,0.0,-0.014031144,1753.4468198033926,1751.4763926519981,70.8,0.9909,141.1,1.0039647565655168,long_rentry,141.6594271513944,0.08078912091971979,13.0
1660743660000.0,383393,1660743660000.0,0.0,-0.014199336,1753.4326204673926,1748.8618133159982,73.2,0.9699,214.3,0.9923290114390779,long_rentry,212.65610715139442,0.121279885334122,82.0
1660744260000.0,383403,1660744260000.0,0.0,-0.02112011,1753.4115003573925,1745.261043205998,111.1,0.9505,325.4,0.9780475020018267,long_rentry,318.2566571513944,0.18150711175700918,10.0
1660744980000.0,383415,1660744980000.0,0.8512107830019896,-0.021374312000000003,1754.2413368283944,1754.665028893998,-108.4,0.9859,217.0,0.9780475020018267,long_nclose,212.2363079343964,0.12098466925771573,12.0
1660761300000.0,383687,1660761300000.0,0.5677356052679321,-0.014256114,1754.7948163196622,1755.9455427799978,-72.3,0.9859,144.7,0.9780475020018267,long_nclose,141.5234735396643,0.08064958491072023,272.0
1660761720000.0,383694,1660761720000.0,0.3784904035119548,-0.009504076,1755.1638026471742,1755.931218703998,-48.2,0.9859,96.5,0.9780475020018267,long_nclose,94.38158394317627,0.05377366135333239,7.0
1660762020000.0,383699,1660762020000.0,0.2520651857413641,-0.006329478,1755.4095383549156,1755.986079225998,-32.1,0.9859,64.4,0.9780475020018267,long_nclose,62.986259128917645,0.03588123326932888,5.0
1660771260000.0,383853,1660771260000.0,0.0,-0.014039935999999998,1755.3954984189156,1753.999559289998,73.6,0.9538,138.0,0.9651155009341859,long_rentry,133.18593912891765,0.07587232578007531,154.0
1660785540000.0,384091,1660785540000.0,0.3580869570274501,-0.00895068,1755.744634695943,1756.562008609998,-46.0,0.9729,92.0,0.9651155009341859,long_nclose,88.79062608594509,0.05057149219272523,238.0
1660785720000.0,384094,1660785720000.0,0.23820567141391247,-0.005954148,1755.9768862193569,1756.4609944619979,-30.6,0.9729,61.4,0.9651155009341859,long_nclose,59.25809175735901,0.033746510117762724,3.0
1660787880000.0,384130,1660787880000.0,0.15880378094260827,-0.003969432,1756.1317205682994,1756.4959850299979,-20.4,0.9729,41.0,0.9651155009341859,long_nclose,39.56973553830162,0.022532327771800916,36.0
1660788120000.0,384134,1660788120000.0,0.10586918729507219,-0.002646288,1756.2349434675946,1756.450978741998,-13.6,0.9729,27.4,0.9651155009341859,long_nclose,26.444164725596693,0.015057304732465956,4.0
1660791420000.0,384189,1660791420000.0,0.0708389414989086,-0.001770678,1756.3040117310936,1756.448298063998,-9.1,0.9729,18.3,0.9651155009341859,long_nclose,17.6616136670956,0.010056125562047488,55.0
1660791660000.0,384193,1660791660000.0,0.0474854443014662,-0.001186938,1756.350310237395,1756.458701125998,-6.1,0.9729,12.2,0.9651155009341859,long_nclose,11.774409111397066,0.006703906984140078,4.0
1660794480000.0,384240,1660794480000.0,0.03113799626325653,-0.00077832,1756.380669913658,1756.4453228059976,-4.0,0.9729,8.2,0.9651155009341859,long_nclose,7.913947107660324,0.004505826808062836,47.0
1660795260000.0,384253,1660795260000.0,0.02101814747769816,-0.000525366,1756.4011626951358,1756.4390274399977,-2.7,0.9729,5.5,0.9651155009341859,long_nclose,5.308135255138022,0.003022165646367983,13.0
1660795320000.0,384254,1660795320000.0,0.014012098318465439,-0.00035024400000000004,1756.4148245494544,1756.4476971959978,-1.8,0.9729,3.7,0.9651155009341859,long_nclose,3.570927353456488,0.002033077439079622,1.0
1660799040000.0,384316,1660799040000.0,0.009341398878976958,-0.00023349599999999997,1756.4239324523335,1756.4436436999981,-1.2,0.9729,2.5,0.9651155009341859,long_nclose,2.4127887523354645,0.0013736938490508434,62.0
1660799400000.0,384322,1660799400000.0,0.0062275992526513065,-0.00015566400000000002,1756.4300043875862,1756.4451080359981,-0.8,0.9729,1.7,0.9651155009341859,long_nclose,1.6406963515881159,0.0009341085881530342,6.0
1660799940000.0,384331,1660799940000.0,0.003892249532907066,-9.729e-05,1756.4337993471192,1756.4432607459983,-0.5,0.9729,1.2,0.9651155009341859,long_nclose,1.158138601121023,0.0006593693434682893,9.0
1660805340000.0,384421,1660805340000.0,0.0031137996263256532,-7.783200000000001e-05,1756.4368353147456,1756.4447429139982,-0.4,0.9729,0.8,0.9651155009341859,long_nclose,0.7720924007473488,0.0004395788025072893,90.0
1660805880000.0,384430,1660805880000.0,0.0015568998131628266,-3.8916000000000005e-05,1756.4383532985587,1756.4430839979982,-0.2,0.9729,0.6,0.9651155009341859,long_nclose,0.5790693005605115,0.00032968381695436683,9.0
1660806240000.0,384436,1660806240000.0,0.0015568998131628266,-3.8916000000000005e-05,1756.4398712823718,1756.443025081998,-0.2,0.9729,0.4,0.9651155009341859,long_nclose,0.3860462003736744,0.00021978902135250615,6.0
1660808880000.0,384480,1660808880000.0,0.0032968998131628346,-3.926400000000001e-05,1756.443128918185,1756.4465058179983,-0.2,0.9816,0.2,0.9651155009341859,long_nclose,0.1930231001868372,0.00010989430685736036,44.0
1660809480000.0,384490,1660809480000.0,0.0016484499065814173,-1.9632000000000004e-05,1756.4447577360916,1756.4464461859982,-0.1,0.9816,0.1,0.9651155009341859,long_nclose,0.0965115500934186,5.494710247409876e-05,10.0
1660815120000.0,384584,1660815120000.0,0.0007784499065814133,-1.9458000000000002e-05,1756.4455167279982,1756.4455167279982,-0.1,0.9729,0.0,0.9651155009341859,long_nclose,0.0,0.0,94.0
1660863480000.0,385390,1660863480000.0,0.0,-0.014052486,1756.4314642419981,1756.348634241998,75.3,0.9331,75.3,0.9331,long_ientry_normal,70.26243,0.04000294428244162,806.0
1660864680000.0,385410,1660864680000.0,0.0,-0.014054686000000002,1756.4174095559981,1754.1371495559981,77.3,0.9091,152.6,0.9209427260812582,long_rentry,140.53585999999999,0.08001279151265406,20.0
1660864800000.0,385412,1660864800000.0,0.0,-0.014076636,1756.403332919998,1754.014292919998,79.1,0.8898,231.7,0.9103109192921881,long_rentry,210.91903999999997,0.12008576620573234,2.0
1660868460000.0,385473,1660868460000.0,0.0,-0.020967688,1756.3823652319982,1747.833585231998,120.2,0.8722,351.9,0.8972932082978119,long_rentry,315.75748,0.17977718647743995,61.0
1660891020000.0,385849,1660891020000.0,0.0,-0.030981200000000004,1756.3513840319981,1736.7215040319982,182.5,0.8488,534.4,0.8807325598802396,long_rentry,470.66348,0.2679779708542793,376.0
1660891080000.0,385850,1660891080000.0,0.0,-0.04530030800000001,1756.3060837239982,1720.5135637239982,277.1,0.8174,811.5,0.8591066173752311,long_rentry,697.16502,0.3969496128611935,1.0
1660912800000.0,386212,1660912800000.0,1.8646599999999893,-0.0468506,1758.1238931239982,1762.3942131239983,-270.5,0.866,541.0,0.8591066173752311,long_nclose,464.77668,0.26435945829400087,362.0
1660913100000.0,386217,1660913100000.0,3.974559999999997,-0.04727258,1762.0511805439983,1766.8913405439982,-270.5,0.8738,270.5,0.8591066173752311,long_nclose,232.38834,0.1318851248851096,5.0
1660914180000.0,386235,1660914180000.0,1.98654533086876,-0.023627552,1764.0140983228669,1765.893872991998,-135.2,0.8738,135.3,0.8591066173752311,long_nclose,116.23712533086878,0.06589353534157182,18.0
1660915260000.0,386253,1660915260000.0,0.99327266543438,-0.011813776,1764.9955572123013,1765.936139215998,-67.6,0.8738,67.7,0.8591066173752311,long_nclose,58.16151799630315,0.03295278436177232,18.0
1660916340000.0,386271,1660916340000.0,0.1551011090573004,-0.003897,1765.1467613213586,1765.503542215998,-22.5,0.866,45.2,0.8591066173752311,long_nclose,38.831619105360446,0.02199908809638682,18.0
1660917780000.0,386295,1660917780000.0,0.1034007393715336,-0.002598,1765.2475640607302,1765.516144215998,-15.0,0.866,30.2,0.8591066173752311,long_nclose,25.945019844731977,0.014697666419688307,24.0
1660918440000.0,386306,1660918440000.0,0.06893382624768907,-0.001732,1765.314765886978,1765.4944122159984,-10.0,0.866,20.2,0.8591066173752311,long_nclose,17.353953670979667,0.009830515218208248,11.0
1660919220000.0,386319,1660919220000.0,0.04618566358595168,-0.00116044,1765.359791110564,1765.4663517759984,-6.7,0.866,13.5,0.8591066173752311,long_nclose,11.59793933456562,0.006569731220211781,13.0
1660919520000.0,386324,1660919520000.0,0.09844566358595187,-0.0011708920000000002,1765.4570658821501,1765.5787408839985,-6.7,0.8738,6.8,0.8591066173752311,long_nclose,5.841924998151571,0.0033090156147368684,5.0
1660920720000.0,386344,1660920720000.0,0.04995750092421438,-0.000594184,1765.5064291990743,1765.5570666999986,-3.4,0.8738,3.4,0.8591066173752311,long_nclose,2.9209624990757854,0.0016544615475577091,20.0
1660922100000.0,386367,1660922100000.0,0.02497875046210719,-0.000297092,1765.5311108575365,1765.5564296079986,-1.7,0.8738,1.7,0.8591066173752311,long_nclose,1.4604812495378927,0.0008272192093111982,23.0
1660922520000.0,386374,1660922520000.0,0.01175470609981515,-0.00013980800000000003,1765.5427257556362,1765.5552297999984,-0.8,0.8738,0.9,0.8591066173752311,long_nclose,0.773195955637708,0.00043793670034622767,7.0
1660922580000.0,386375,1660922580000.0,0.005877353049907575,-6.990400000000001e-05,1765.5485332046862,1765.5564798959986,-0.4,0.8738,0.5,0.8591066173752311,long_nclose,0.42955330868761554,0.0002432973665741852,1.0
1660923840000.0,386396,1660923840000.0,0.0029386765249537873,-3.495200000000001e-05,1765.5514369292111,1765.5562049439986,-0.2,0.8738,0.3,0.8591066173752311,long_nclose,0.2577319852125693,0.00014597817986024665,21.0
1660924620000.0,386409,1660924620000.0,0.006718014787430659,-5.289e-05,1765.5581020539985,1765.5581020539985,-0.3,0.8815,0.0,0.8591066173752311,long_nclose,0.0,0.0,13.0
1660946220000.0,386769,1660946220000.0,0.0,-0.014117992,1765.5439840619986,1765.8248240619985,82.6,0.8546,82.6,0.8546,long_ientry_normal,70.58995999999999,0.039981988915163254,360.0
1660946400000.0,386772,1660946400000.0,0.18975000000000047,-0.00473825,1765.7289958119986,1766.2469358119986,-27.5,0.8615,55.1,0.8546,long_nclose,47.088460000000005,0.026667999512771,3.0
1660947180000.0,386785,1660947180000.0,0.4014999999999985,-0.0047806,1766.1257152119986,1766.5507552119986,-27.5,0.8692,27.6,0.8546,long_nclose,23.58696,0.013355198781627341,13.0
1660947600000.0,386792,1660947600000.0,0.20147999999999927,-0.0023989920000000004,1766.3247962199985,1766.5235162199986,-13.8,0.8692,13.8,0.8546,long_nclose,11.79348,0.006676846764105046,7.0
1660947660000.0,386793,1660947660000.0,0.10073999999999964,-0.0011994960000000002,1766.4243367239985,1766.5443967239985,-6.9,0.8692,6.9,0.8546,long_nclose,5.89674,0.003338235257184049,1.0
1660948620000.0,386809,1660948620000.0,0.015870000000000037,-0.00039629,1766.4398104339984,1766.4738504339985,-2.3,0.8615,4.6,0.8546,long_nclose,3.9311599999999998,0.0022254706765435436,16.0
1660948740000.0,386811,1660948740000.0,0.010350000000000026,-0.00025845,1766.4499019839984,1766.4697419839983,-1.5,0.8615,3.1,0.8546,long_nclose,2.64926,0.001499765148745214,2.0
1660948800000.0,386812,1660948800000.0,0.006900000000000017,-0.00017230000000000001,1766.4566296839985,1766.4721696839986,-1.0,0.8615,2.1,0.8546,long_nclose,1.7946600000000001,0.0010159660700648206,1.0
1660948920000.0,386814,1660948920000.0,0.004830000000000011,-0.00012061,1766.4613390739985,1766.4730990739986,-0.7,0.8615,1.4,0.8546,long_nclose,1.19644,0.0006773089076646246,2.0
1660949100000.0,386817,1660949100000.0,0.010219999999999962,-0.000121688,1766.4714373859983,1766.4815173859984,-0.7,0.8692,0.7,0.8546,long_nclose,0.59822,0.00033865251786082556,3.0
1660949460000.0,386823,1660949460000.0,0.004379999999999984,-5.2152e-05,1766.4757652339983,1766.4819252339983,-0.3,0.8692,0.4,0.8546,long_nclose,0.34184000000000003,0.00019351525038030612,6.0
1660949940000.0,386831,1660949940000.0,0.0029199999999999894,-3.4768e-05,1766.4786504659983,1766.4819304659982,-0.2,0.8692,0.2,0.8546,long_nclose,0.17092000000000002,9.67574671536003e-05,8.0
1660950900000.0,386847,1660950900000.0,0.0014599999999999947,-1.7384e-05,1766.4800930819981,1766.481933081998,-0.1,0.8692,0.1,0.8546,long_nclose,0.08546000000000001,4.837869406775876e-05,16.0
1660950960000.0,386848,1660950960000.0,0.002229999999999999,-1.7538e-05,1766.482305543998,1766.482305543998,-0.1,0.8769,0.0,0.8546,long_nclose,0.0,0.0,1.0
1661021340000.0,388021,1661021340000.0,0.0,-0.014123622,1766.4681819219982,1766.4934719219982,84.3,0.8377,84.3,0.8377,long_ientry_normal,70.61811,0.03997700650524272,1173.0
1661026380000.0,388105,1661026380000.0,0.1910800000000008,-0.0047460900000000006,1766.6545158319982,1767.0647758319983,-28.1,0.8445,56.2,0.8377,long_nclose,47.07874,0.026648526680287842,84.0
1661028840000.0,388146,1661028840000.0,0.0,-0.004823616,1766.6496922159981,1766.081272215998,29.1,0.8288,85.3,0.8346637749120751,long_ientry_partial,71.19682,0.040300474006646006,41.0
1661031300000.0,388187,1661031300000.0,0.191308792497068,-0.004779152,1766.836221856495,1767.253653063998,-28.4,0.8414,56.9,0.8346637749120751,long_nclose,47.492368792497075,0.026879893113462824,41.0
1661032140000.0,388201,1661032140000.0,0.4043087924970666,-0.004821752,1767.235708896992,1767.644291311998,-28.4,0.8489,28.5,0.8346637749120751,long_nclose,23.78791758499414,0.013460523384195991,14.0
1661032320000.0,388204,1661032320000.0,0.2021543962485333,-0.002410876,1767.4354524172404,1767.6547604359978,-14.2,0.8489,14.3,0.8346637749120751,long_nclose,11.935691981242675,0.0067531133682527285,3.0
1661032500000.0,388207,1661032500000.0,0.10107719812426665,-0.001205438,1767.5353241773648,1767.638544997998,-7.1,0.8489,7.2,0.8346637749120751,long_nclose,6.009579179366941,0.0033999768475144235,3.0
1661033340000.0,388221,1661033340000.0,0.1565008206330596,-0.0012332160000000003,1767.690591781998,1767.690591781998,-7.2,0.8564,0.0,0.8346637749120751,long_nclose,0.0,0.0,14.0
1661150400000.0,390172,1661150400000.0,0.0,-0.014148648000000002,1767.676443133998,1767.910803133998,83.7,0.8452,83.7,0.8452,long_ientry_normal,70.74324,0.04002046883341158,1951.0
1661155440000.0,390256,1661155440000.0,0.0,-0.014147730000000002,1767.6622954039979,1766.100405403998,85.9,0.8235,169.6,0.8342092570754718,long_rentry,141.48189000000002,0.0800389816357227,84.0
1661163540000.0,390391,1661163540000.0,0.3780269752358435,-0.00950217,1768.0308202092338,1768.685753233998,-56.5,0.8409,113.1,0.8342092570754718,long_nclose,94.34906697523586,0.05336392663340016,135.0
1661164080000.0,390400,1661164080000.0,0.2522410082547133,-0.006340386000000001,1768.2767208314885,1768.939542847998,-37.7,0.8409,75.4,0.8342092570754718,long_nclose,62.899377983490574,0.0355710038154626,9.0
1661165280000.0,390420,1661165280000.0,0.16793764740565792,-0.004221318,1768.4404371608941,1768.932911529998,-25.1,0.8409,50.3,0.8342092570754718,long_nclose,41.96072563089623,0.023727531190284926,20.0
1661167800000.0,390462,1661167800000.0,0.111735406839621,-0.002808606,1768.549363961734,1768.777532923998,-16.7,0.8409,33.6,0.8342092570754718,long_nclose,28.029431037735854,0.015848825941135746,42.0
1661167980000.0,390465,1661167980000.0,0.07493632075471587,-0.001883616,1768.6224166664886,1768.752129307998,-11.2,0.8409,22.4,0.8342092570754718,long_nclose,18.686287358490567,0.01056544753837883,3.0
1661168340000.0,390471,1661168340000.0,0.04951149764150871,-0.001244532,1768.67068363213,1768.7725447759979,-7.4,0.8409,15.0,0.8342092570754718,long_nclose,12.513138856132077,0.007074883397985192,6.0
1661168760000.0,390478,1661168760000.0,0.03345371462264102,-0.0008408999999999999,1768.7032964467528,1768.771203875998,-5.0,0.8409,10.0,0.8342092570754718,long_nclose,8.342092570754717,0.00471650196362138,7.0
1661169000000.0,390482,1661169000000.0,0.02207945165094307,-0.000554994,1768.724820904404,1768.7703188819983,-3.3,0.8409,6.7,0.8342092570754718,long_nclose,5.589202022405661,0.003160017859390772,4.0
1661171220000.0,390519,1661171220000.0,0.014719634433962049,-0.00036999600000000004,1768.7391705428379,1768.7697288859983,-2.2,0.8409,4.5,0.8342092570754718,long_nclose,3.753941656839623,0.002122382835953994,37.0
1661171820000.0,390529,1661171820000.0,0.010036114386792305,-0.00025227,1768.7489543872248,1768.7783266159984,-1.5,0.8409,3.0,0.8342092570754718,long_nclose,2.5026277712264156,0.0014149140639879217,10.0
1661175720000.0,390594,1661175720000.0,0.0066907429245282035,-0.00016818,1768.7554769501494,1768.7710584359984,-1.0,0.8409,2.0,0.8342092570754718,long_nclose,1.6684185141509436,0.0009432725641804282,65.0
1661176500000.0,390607,1661176500000.0,0.004014445754716922,-0.000100908,1768.7593904879043,1768.7702975279985,-0.6,0.8409,1.4,0.8342092570754718,long_nclose,1.1678929599056604,0.0006602893339740813,13.0
1661176920000.0,390614,1661176920000.0,0.0026762971698112816,-6.7272e-05,1768.761999513074,1768.7687902559985,-0.4,0.8409,1.0,0.8342092570754718,long_nclose,0.8342092570754718,0.0004716345428639483,7.0
1661177640000.0,390626,1661177640000.0,0.002007222877358461,-5.0454e-05,1768.7639562819513,1768.7687098019985,-0.3,0.8409,0.7,0.8342092570754718,long_nclose,0.5839464799528302,0.00033014381476899893,12.0
1661177760000.0,390628,1661177760000.0,0.0013381485849056408,-3.3636e-05,1768.7652607945363,1768.7686561659987,-0.2,0.8409,0.5,0.8342092570754718,long_nclose,0.4171046285377359,0.0002358168366278128,2.0
1661178660000.0,390643,1661178660000.0,0.0006690742924528204,-1.6818e-05,1768.7659130508289,1768.7686293479987,-0.1,0.8409,0.4,0.8342092570754718,long_nclose,0.3336837028301887,0.00018865339973373835,15.0
1661178960000.0,390648,1661178960000.0,0.0006690742924528204,-1.6818e-05,1768.7665653071215,1768.7689025299987,-0.1,0.8409,0.3,0.8342092570754718,long_nclose,0.2502627771226415,0.0001414899976239583,5.0
1661179080000.0,390650,1661179080000.0,0.0006690742924528204,-1.6818e-05,1768.767217563414,1768.769175711999,-0.1,0.8409,0.2,0.8342092570754718,long_nclose,0.16684185141509436,9.432663029843425e-05,2.0
1661181180000.0,390685,1661181180000.0,0.0006690742924528204,-1.6818e-05,1768.7678698197067,1768.7685488939992,-0.1,0.8409,0.1,0.8342092570754718,long_nclose,0.08342092570754718,4.7163297757127625e-05,35.0
1661182320000.0,390704,1661182320000.0,0.0006690742924528204,-1.6818e-05,1768.7685220759993,1768.7685220759993,-0.1,0.8409,0.0,0.8342092570754718,long_nclose,0.0,0.0,19.0
1661491560000.0,395858,1661491560000.0,0.0,-0.014157388000000002,1768.7543646879992,1768.6112246879993,84.2,0.8407,84.2,0.8407,long_ientry_normal,70.78694,0.04002078604763557,5154.0
1661494500000.0,395907,1661494500000.0,0.1904000000000008,-0.004746,1768.940018687999,1769.4064786879992,-28.0,0.8475,56.2,0.8407,long_nclose,47.24734,0.026709407611820987,49.0
1661495100000.0,395917,1661495100000.0,0.12716000000000052,-0.00316965,1769.064009037999,1769.3377590379991,-18.7,0.8475,37.5,0.8407,long_nclose,31.52625,0.01782086450175632,10.0
1661496300000.0,395937,1661496300000.0,0.08500000000000035,-0.00211875,1769.1468902879992,1769.329390287999,-12.5,0.8475,25.0,0.8407,long_nclose,21.0175,0.011880019751541696,20.0
1661496540000.0,395941,1661496540000.0,0.05644000000000024,-0.0014068500000000003,1769.2019234379993,1769.3405334379993,-8.3,0.8475,16.7,0.8407,long_nclose,14.03969,0.007935606339788164,4.0
1661497020000.0,395949,1661497020000.0,0.037400000000000155,-0.00093225,1769.2383911879992,1769.3201511879993,-5.5,0.8475,11.2,0.8407,long_nclose,9.41584,0.005321973594342761,8.0
1661497260000.0,395953,1661497260000.0,0.025160000000000106,-0.00062715,1769.2629240379993,1769.3101740379993,-3.7,0.8475,7.5,0.8407,long_nclose,6.30525,0.003563772186900006,4.0
1661502180000.0,396035,1661502180000.0,0.01700000000000007,-0.00042375000000000003,1769.2795002879993,1769.3160002879993,-2.5,0.8475,5.0,0.8407,long_nclose,4.2035,0.0023758258654530072,82.0
1661503560000.0,396058,1661503560000.0,0.010880000000000046,-0.00027120000000000003,1769.2901090879993,1769.3183290879992,-1.6,0.8475,3.4,0.8407,long_nclose,2.85838,0.001615551901476115,23.0
1661507880000.0,396130,1661507880000.0,0.007480000000000032,-0.00018645000000000003,1769.2974026379993,1769.3164926379993,-1.1,0.8475,2.3,0.8407,long_nclose,1.9336099999999998,0.001092868839979651,72.0
1661509140000.0,396151,1661509140000.0,0.004760000000000019,-0.00011865,1769.3020439879992,1769.3137239879993,-0.7,0.8475,1.6,0.8407,long_nclose,1.34512,0.0007602545899783766,21.0
1661509620000.0,396159,1661509620000.0,0.003400000000000014,-8.475000000000001e-05,1769.3053592379993,1769.3133892379992,-0.5,0.8475,1.1,0.8407,long_nclose,0.9247700000000001,0.000522674051243635,8.0
1661517120000.0,396284,1661517120000.0,0.0020400000000000084,-5.0849999999999996e-05,1769.3073483879994,1769.3123883879994,-0.3,0.8475,0.8,0.8407,long_nclose,0.67256,0.00038012615536399803,125.0
1661517240000.0,396286,1661517240000.0,0.0013600000000000057,-3.3900000000000004e-05,1769.3086744879993,1769.3106544879993,-0.2,0.8475,0.6,0.8407,long_nclose,0.50442,0.0002850944028440761,2.0
1661517960000.0,396298,1661517960000.0,0.0013600000000000057,-3.3900000000000004e-05,1769.3100005879992,1769.3125205879992,-0.2,0.8475,0.4,0.8407,long_nclose,0.33628,0.0001900627927769827,12.0
1661518020000.0,396299,1661518020000.0,0.0006800000000000029,-1.6950000000000002e-05,1769.3106636379994,1769.3131536379994,-0.1,0.8475,0.3,0.8407,long_nclose,0.25221,0.00014254704116314652,1.0
1661518440000.0,396306,1661518440000.0,0.0014399999999999968,-1.7102e-05,1769.3120865359995,1769.3151465359995,-0.1,0.8551,0.2,0.8407,long_nclose,0.16814,9.503128435028578e-05,7.0
1661518560000.0,396308,1661518560000.0,0.0014399999999999968,-1.7102e-05,1769.3135094339996,1769.3150394339996,-0.1,0.8551,0.1,0.8407,long_nclose,0.08407,4.751560396263173e-05,2.0
1661518800000.0,396312,1661518800000.0,0.0014399999999999968,-1.7102e-05,1769.3149323319997,1769.3149323319997,-0.1,0.8551,0.0,0.8407,long_nclose,0.0,0.0,4.0
1661526240000.0,396436,1661526240000.0,0.0,-0.01415367,1769.3007786619996,1769.1554286619996,85.5,0.8277,85.5,0.8277,long_ientry_normal,70.76835,0.0399979194343187,124.0
1661531340000.0,396521,1661531340000.0,0.0,-0.014160384,1769.2866182779997,1767.9160482779996,87.8,0.8064,173.3,0.816908655510675,long_rentry,141.57027,0.08001545285963144,85.0
1661536620000.0,396609,1661536620000.0,0.0,-0.014191614000000002,1769.2724266639996,1764.6720866639996,89.9,0.7893,263.2,0.8074784954407295,long_rentry,212.52834,0.12012188558249712,88.0
1661555760000.0,396928,1661555760000.0,0.0,-0.021119279999999997,1769.2513073839996,1759.6949673839995,136.5,0.7736,399.7,0.7959087815861896,long_rentry,318.12474,0.17980754835240256,319.0
1661671200000.0,398852,1661671200000.0,0.8513102927195461,-0.021373272,1770.0812444047192,1771.7045541119996,-133.2,0.8023,266.5,0.7959087815861896,long_nclose,212.10969029271953,0.11983048290195986,1924.0
1661672340000.0,398871,1661672340000.0,0.5675401951463641,-0.014248848000000001,1770.6345357518655,1771.8946452639996,-88.8,0.8023,177.7,0.7959087815861896,long_nclose,141.43299048786588,0.07987700885310536,19.0
1661673780000.0,398895,1661673780000.0,0.3783601300975761,-0.009499232000000002,1771.0033966499632,1771.8437060319998,-59.2,0.8023,118.5,0.7959087815861896,long_nclose,94.31519061796347,0.05325522853110866,24.0
1661683380000.0,399055,1661683380000.0,0.25245312734551106,-0.006338170000000001,1771.2495116073087,1771.8887178619998,-39.5,0.8023,79.0,0.7959087815861896,long_nclose,62.87679374530898,0.03549855248132255,160.0
1661683920000.0,399064,1661683920000.0,0.1680890442832137,-0.004220098,1771.413380553592,1771.7870877639998,-26.3,0.8023,52.7,0.7959087815861896,long_nclose,41.94439278959219,0.0236784893069307,9.0
1661688240000.0,399136,1661688240000.0,0.11184632224168212,-0.0028080500000000003,1771.5224188258337,1771.772029714,-17.5,0.8023,35.2,0.7959087815861896,long_nclose,28.015989111833875,0.015814639890587946,72.0
1661702460000.0,399373,1661702460000.0,0.07477725544158176,-0.0018773820000000001,1771.5953186992754,1771.761962332,-11.7,0.8023,23.5,0.7959087815861896,long_nclose,18.703856367275456,0.010557634788179521,237.0
1661704020000.0,399399,1661704020000.0,0.15901725544158157,-0.00189423,1771.7524417247168,1771.9305181019997,-11.7,0.8095,11.8,0.7959087815861896,long_nclose,9.391723622717038,0.005300810317255519,26.0
1661704500000.0,399407,1661704500000.0,0.024925751813860586,-0.0006257939999999999,1771.7767416825309,1771.840662308,-3.9,0.8023,7.9,0.7959087815861896,long_nclose,6.2876793745308985,0.0035487989127568832,8.0
1661707260000.0,399453,1661707260000.0,0.016617167875907057,-0.00041719600000000005,1771.7929416544068,1771.835825112,-2.6,0.8023,5.3,0.7959087815861896,long_nclose,4.2183165424068045,0.002380818008264534,46.0
1661707980000.0,399465,1661707980000.0,0.010865071303477691,-0.000272782,1771.8035339437104,1771.8254623300002,-1.7,0.8023,3.6,0.7959087815861896,long_nclose,2.8652716137102825,0.0016171497340524614,12.0
1661710980000.0,399515,1661710980000.0,0.007669462096572488,-0.000192552,1771.811010853807,1771.828029778,-1.2,0.8023,2.4,0.7959087815861896,long_nclose,1.910181075806855,0.0010780952732009322,50.0
1661711340000.0,399521,1661711340000.0,0.005112974731048325,-0.00012836800000000002,1771.8159954605378,1771.82734141,-0.8,0.8023,1.6,0.7959087815861896,long_nclose,1.2734540505379035,0.0007187281601478612,6.0
1661712420000.0,399539,1661712420000.0,0.0031956092069052033,-8.023000000000001e-05,1771.8191108397446,1771.8269111799998,-0.5,0.8023,1.1,0.7959087815861896,long_nclose,0.8754996597448086,0.0004941247412834767,18.0
1661713680000.0,399560,1661713680000.0,0.001917365524143122,-4.8138e-05,1771.8209800672687,1771.8258530419998,-0.3,0.8023,0.8,0.7959087815861896,long_nclose,0.6367270252689518,0.0003593630690865721,21.0
1661713740000.0,399561,1661713740000.0,0.0012782436827620813,-3.2092000000000004e-05,1771.8222262189513,1771.8264809499997,-0.2,0.8023,0.6,0.7959087815861896,long_nclose,0.47754526895171373,0.00026952211225546595,1.0
1661713980000.0,399565,1661713980000.0,0.0012782436827620813,-3.2092000000000004e-05,1771.823472370634,1771.8263088579995,-0.2,0.8023,0.4,0.7959087815861896,long_nclose,0.3183635126344759,0.000179681281797513,4.0
1661714880000.0,399580,1661714880000.0,0.0006391218413810407,-1.6046000000000002e-05,1771.8240954464754,1771.8265228119997,-0.1,0.8023,0.3,0.7959087815861896,long_nclose,0.23877263447585687,0.0001347609139583856,15.0
1661722560000.0,399708,1661722560000.0,0.0006391218413810407,-1.6046000000000002e-05,1771.824718522317,1771.8265367659997,-0.1,0.8023,0.2,0.7959087815861896,long_nclose,0.15918175631723794,8.984057771244655e-05,128.0
1661729100000.0,399817,1661729100000.0,0.0,-0.014137752000000002,1771.810580770317,1771.952639014,91.4,0.7734,91.6,0.7734491458113236,long_ientry_partial,70.84794175631724,0.039986182792471646,109.0
1661729340000.0,399821,1661729340000.0,0.1906510527546279,-0.00475617,1771.9964756530717,1772.4578328439998,-30.5,0.7797,61.1,0.7734491458113236,long_nclose,47.25774280907187,0.02666920812675712,4.0
1661729580000.0,399825,1661729580000.0,0.1268923400301294,-0.003165582,1772.1202024111017,1772.4282772619997,-20.3,0.7797,40.8,0.7734491458113236,long_nclose,31.556725149102,0.017807327689265504,4.0
1661729700000.0,399827,1661729700000.0,0.08501161696599802,-0.0021207839999999997,1772.2030932440678,1772.3812764779998,-13.6,0.7797,27.2,0.7734491458113236,long_nclose,21.037816766068,0.011870996527580642,2.0
1661729880000.0,399830,1661729880000.0,0.05625768769808692,-0.00140346,1772.2579474717659,1772.377173018,-9.0,0.7797,18.2,0.7734491458113236,long_nclose,14.07677445376609,0.007942847413294136,3.0
1661730060000.0,399833,1661730060000.0,0.03750512513205795,-0.00093564,1772.294516956898,1772.3744373779998,-6.0,0.7797,12.2,0.7734491458113236,long_nclose,9.436079578898148,0.005324216426003666,3.0
1661730840000.0,399846,1661730840000.0,0.0,-0.012300898000000001,1772.282216058898,1772.1965464799998,79.7,0.7717,91.9,0.7719322043405675,long_ientry_partial,70.94056957889816,0.04002780648369413,13.0
1661739120000.0,399984,1661739120000.0,0.1917945471786337,-0.004762584,1772.4692480220767,1772.779903896,-30.6,0.7782,61.3,0.7719322043405675,long_nclose,47.31944412607679,0.026696905562046406,138.0
1661740020000.0,399999,1661740020000.0,0.12786303145242245,-0.003175056,1772.5939359975293,1773.0057088400001,-20.4,0.7782,40.9,0.7719322043405675,long_nclose,31.57202715752921,0.01781120115350164,15.0
1661743020000.0,400049,1661743020000.0,0.2686230314524228,-0.0032032080000000004,1772.8593558209818,1773.1477456320001,-20.4,0.7851,20.5,0.7719322043405675,long_nclose,15.824610188981634,0.008926038118603897,50.0
1661743200000.0,400052,1661743200000.0,0.1343115157262114,-0.0016016040000000002,1772.9920657327082,1773.1369640280004,-10.2,0.7851,10.3,0.7719322043405675,long_nclose,7.950901704707846,0.004484454193776693,3.0
1661743920000.0,400064,1661743920000.0,0.20772829529215472,-0.0016317260000000002,1773.1981623020004,1773.1981623020004,-10.3,0.7921,0.0,0.7719322043405675,long_nclose,0.0,0.0,12.0
1661870280000.0,402170,1661870280000.0,0.0,-0.014187504000000002,1773.1839747980005,1773.1328547980004,85.2,0.8326,85.2,0.8326,long_ientry_normal,70.93752,0.04000573037441371,2106.0
1661876400000.0,402272,1661876400000.0,0.19028000000000111,-0.0047672240000000005,1773.3694875740005,1773.7330075740006,-28.4,0.8393,56.8,0.8326,long_nclose,47.29168,0.026667696907707497,102.0
1661877300000.0,402287,1661877300000.0,0.0,-0.004804992,1773.3646825820006,1772.9155425820006,29.1,0.8256,85.9,0.8302286379511059,long_ientry_partial,71.31664,0.04021543944145979,15.0
1661879760000.0,402328,1661879760000.0,0.0,-0.014188105999999999,1773.3504944760007,1771.7093244760006,87.7,0.8089,173.6,0.8194537442396314,long_rentry,142.25717,0.08021943233620883,41.0
1661886120000.0,402434,1661886120000.0,0.3841535829493046,-0.009549716,1773.7250983429499,1774.7147547600005,-57.8,0.8261,115.8,0.8194537442396314,long_nclose,94.89274358294931,0.053499126596111224,106.0
1661886180000.0,402435,1661886180000.0,0.8074882085253463,-0.009650772000000002,1774.5229357794753,1775.2493639880006,-57.9,0.8334,57.9,0.8194537442396314,long_nclose,47.446371791474654,0.026737536514642682,1.0
1661886300000.0,402437,1661886300000.0,0.4030467914746547,-0.004817052,1774.9211655189501,1775.3430069360008,-28.9,0.8334,29.0,0.8194537442396314,long_nclose,23.76415858294931,0.013388853006325587,2.0
1661886900000.0,402447,1661886900000.0,0.6190414170506905,-0.00487664,1775.535330296001,1775.535330296001,-29.0,0.8408,0.0,0.8194537442396314,long_nclose,0.0,0.0,10.0
1662043620000.0,405059,1662043620000.0,0.0,-0.01420254,1775.5211277560009,1775.5211277560009,89.1,0.797,89.1,0.797,long_ientry_normal,71.0127,0.039995412552341555,2612.0
1662044760000.0,405078,1662044760000.0,0.19007999999999883,-0.004772195999999999,1775.706435560001,1776.003435560001,-29.7,0.8034,59.4,0.797,long_nclose,47.3418,0.02666082582793023,19.0
1662044880000.0,405080,1662044880000.0,0.12671999999999925,-0.003181464,1775.829974096001,1776.067574096001,-19.8,0.8034,39.6,0.797,long_nclose,31.561200000000003,0.017772647415790162,2.0
1662044940000.0,405081,1662044940000.0,0.08447999999999949,-0.002120976,1775.912333120001,1776.097133120001,-13.2,0.8034,26.4,0.797,long_nclose,21.0408,0.011847882132241628,1.0
1662045840000.0,405096,1662045840000.0,0.05631999999999966,-0.0014139840000000003,1775.967239136001,1776.125639136001,-8.8,0.8034,17.6,0.797,long_nclose,14.027200000000002,0.007898343894465172,15.0
1662046200000.0,405102,1662046200000.0,0.03711999999999977,-0.0009319440000000001,1776.0034271920008,1776.0978271920008,-5.8,0.8034,11.8,0.797,long_nclose,9.4046,0.0052953726642686735,6.0
1662046500000.0,405107,1662046500000.0,0.08023999999999969,-0.000956508,1776.0827106840009,1776.159410684001,-5.9,0.8106,5.9,0.797,long_nclose,4.7023,0.0026475681406690015,5.0
1662046560000.0,405108,1662046560000.0,0.03943999999999984,-0.00047014800000000004,1776.121680536001,1776.1606805360009,-2.9,0.8106,3.0,0.797,long_nclose,2.391,0.0013461915510644745,1.0
1662048540000.0,405141,1662048540000.0,0.020399999999999918,-0.00024318,1776.141837356001,1776.159837356001,-1.5,0.8106,1.5,0.797,long_nclose,1.1955,0.0006730881368008562,33.0
1662049680000.0,405160,1662049680000.0,0.00951999999999996,-0.00011348399999999999,1776.151243872001,1776.164043872001,-0.7,0.8106,0.8,0.797,long_nclose,0.6376000000000001,0.000358978438463402,19.0
1662050040000.0,405166,1662050040000.0,0.005439999999999979,-6.484800000000001e-05,1776.156619024001,1776.162219024001,-0.4,0.8106,0.4,0.797,long_nclose,0.31880000000000003,0.00017948867604658693,6.0
1662050580000.0,405175,1662050580000.0,0.0027199999999999894,-3.242400000000001e-05,1776.159306600001,1776.162106600001,-0.2,0.8106,0.2,0.797,long_nclose,0.15940000000000001,8.974420222763138e-05,9.0
1662050700000.0,405177,1662050700000.0,0.0013599999999999947,-1.6212000000000003e-05,1776.160650388001,1776.162050388001,-0.1,0.8106,0.1,0.797,long_nclose,0.07970000000000001,4.487206716497723e-05,2.0
1662052140000.0,405201,1662052140000.0,0.0013599999999999947,-1.6212000000000003e-05,1776.161994176001,1776.161994176001,-0.1,0.8106,0.0,0.797,long_nclose,0.0,0.0,24.0
1662473280000.0,412220,1662473280000.0,0.0,-0.014206706000000001,1776.1477874700008,1776.2254574700007,86.3,0.8231,86.3,0.8231,long_ientry_normal,71.03353,0.039993029015441516,7019.0
1662473700000.0,412227,1662473700000.0,0.18941999999999826,-0.0047624780000000005,1776.3324449920008,1776.7874849920008,-28.7,0.8297,57.6,0.8231,long_nclose,47.410560000000004,0.02669013907484728,7.0
1662473880000.0,412230,1662473880000.0,0.12671999999999883,-0.003186048,1776.4559789440007,1776.7209389440006,-19.2,0.8297,38.4,0.8231,long_nclose,31.60704,0.01779218870303138,3.0
1662474540000.0,412241,1662474540000.0,0.27072,-0.003214848,1776.7234840960007,1776.9903640960006,-19.2,0.8372,19.2,0.8231,long_nclose,15.80352,0.008894754947217266,11.0
1662474600000.0,412242,1662474600000.0,0.13536,-0.001607424,1776.8572366720007,1776.9810766720007,-9.6,0.8372,9.6,0.8231,long_nclose,7.90176,0.004447042698151572,1.0
1662475140000.0,412251,1662475140000.0,0.06768,-0.000803712,1776.9241129600007,1776.9956329600006,-4.8,0.8372,4.8,0.8231,long_nclose,3.95088,0.0022234376646612236,9.0
1662477480000.0,412290,1662477480000.0,0.03384,-0.000401856,1776.9575511040007,1776.9933111040007,-2.4,0.8372,2.4,0.8231,long_nclose,1.97544,0.0011116979124080285,39.0
1662477720000.0,412294,1662477720000.0,0.01692,-0.000200928,1776.9742701760008,1776.992150176001,-1.2,0.8372,1.2,0.8231,long_nclose,0.98772,0.0005558437263709908,4.0
1662478080000.0,412300,1662478080000.0,0.00846,-0.000100464,1776.9826297120007,1776.9921697120008,-0.6,0.8372,0.6,0.8231,long_nclose,0.49386,0.00027792055574569173,6.0
1662478320000.0,412304,1662478320000.0,0.00423,-5.0232e-05,1776.9868094800008,1776.991279480001,-0.3,0.8372,0.3,0.8231,long_nclose,0.24693,0.00013895995101520145,4.0
1662479880000.0,412330,1662479880000.0,0.006449999999999989,-5.0676e-05,1776.993208804001,1776.993208804001,-0.3,0.8446,0.0,0.8231,long_nclose,0.0,0.0,26.0
1662484020000.0,412399,1662484020000.0,0.0,-0.014217988,1776.978990816001,1776.901050816001,86.6,0.8209,86.6,0.8209,long_ientry_normal,71.08994,0.0400060666825076,69.0
1662484320000.0,412404,1662484320000.0,0.0,-0.014220444,1776.9647703720009,1775.172610372001,88.9,0.7998,175.5,0.8102117378917378,long_rentry,142.19216,0.08001968433523451,5.0
1662488760000.0,412478,1662488760000.0,0.0,-0.014246960000000001,1776.9505234120008,1771.9265634120009,91.0,0.7828,266.5,0.8008516322701689,long_rentry,213.42696,0.12010855518373664,74.0
1662509940000.0,412831,1662509940000.0,0.0,-0.021208172,1776.929315240001,1768.271095240001,138.2,0.7673,404.7,0.7893941685198913,long_rentry,319.46782,0.17978645366478807,353.0
1662552000000.0,413532,1662552000000.0,0.8641466666666566,-0.021470684,1777.7719912226676,1782.252244556001,-134.9,0.7958,269.8,0.7893941685198913,long_nclose,212.9785466666667,0.1198008224441595,701.0
1662552000000.0,413532,1662552000000.0,1.821936666666656,-0.021662242,1779.5722656473342,1781.8123923140008,-134.9,0.8029,134.9,0.7893941685198913,long_nclose,106.48927333333334,0.05983981397608317,0.0
1662552120000.0,413534,1662552120000.0,0.9102930417593226,-0.010823092,1780.4717355970936,1781.3226292220008,-67.4,0.8029,67.5,0.7893941685198913,long_nclose,53.28410637509266,0.02992695997907738,2.0
1662552180000.0,413535,1662552180000.0,0.4551465208796613,-0.005411546,1780.9214705719733,1781.381347676001,-33.7,0.8029,33.8,0.7893941685198913,long_nclose,26.681522895972325,0.014981863791783644,1.0
1662552360000.0,413538,1662552360000.0,0.22824855201383606,-0.002713802,1781.147005321987,1781.376943874001,-16.9,0.8029,16.9,0.7893941685198913,long_nclose,13.340761447986162,0.007489983369213528,3.0
1662552960000.0,413548,1662552960000.0,0.11344898443291261,-0.0013488719999999999,1781.2591054344198,1781.3322550020007,-8.4,0.8029,8.5,0.7893941685198913,long_nclose,6.709850432419076,0.0037669143202962905,10.0
1662553080000.0,413550,1662553080000.0,0.017936328144304212,-0.00044564799999999993,1781.276596114564,1781.3142493540006,-2.8,0.7958,5.7,0.7893941685198913,long_nclose,4.499546760563381,0.002526023622820894,2.0
1662553680000.0,413560,1662553680000.0,0.0378163281443042,-0.000449624,1781.3139628187082,1781.3534197300005,-2.8,0.8029,2.9,0.7893941685198913,long_nclose,2.2892430887076847,0.0012851429542971985,10.0
1662553800000.0,413562,1662553800000.0,0.0189081640721521,-0.000224812,1781.3326461707804,1781.3575549180007,-1.4,0.8029,1.5,0.7893941685198913,long_nclose,1.184091252779837,0.0006647221423383241,2.0
1662553920000.0,413564,1662553920000.0,0.00945408203607605,-0.000112406,1781.3419878468164,1781.3520725120006,-0.7,0.8029,0.8,0.7893941685198913,long_nclose,0.631515334815913,0.0003545166167554678,2.0
1662553980000.0,413565,1662553980000.0,0.005402332592043458,-6.4232e-05,1781.3473259474083,1781.3531682800003,-0.4,0.8029,0.4,0.7893941685198913,long_nclose,0.3157576674079565,0.0001772577771940242,1.0
1662554820000.0,413579,1662554820000.0,0.002701166296021729,-3.2116e-05,1781.3499949977042,1781.3523161640003,-0.2,0.8029,0.2,0.7893941685198913,long_nclose,0.15787883370397826,8.86287558016816e-05,14.0
1662555060000.0,413583,1662555060000.0,0.0013505831480108645,-1.6058e-05,1781.3513295228522,1781.3526901060002,-0.1,0.8029,0.1,0.7893941685198913,long_nclose,0.07893941685198913,4.4314344702082785e-05,4.0
1662555420000.0,413589,1662555420000.0,0.002060583148010875,-1.6200000000000004e-05,1781.3533739060003,1781.3533739060003,-0.1,0.81,0.0,0.7893941685198913,long_nclose,0.0,0.0,6.0
1662878040000.0,418966,1662878040000.0,0.0,-0.014255060000000002,1781.3391188460002,1781.5496188460002,84.2,0.8465,84.2,0.8465,long_ientry_normal,71.2753,0.04001220163299062,5377.0
1662878820000.0,418979,1662878820000.0,0.19039999999999768,-0.00477848,1781.5247403660003,1782.0024403660002,-28.0,0.8533,56.2,0.8465,long_nclose,47.5733,0.026703698759876018,13.0
1662880560000.0,419008,1662880560000.0,0.4074499999999988,-0.004838820000000001,1781.9273515460002,1782.362901546,-28.1,0.861,28.1,0.8465,long_nclose,23.78665,0.013348832644250453,29.0
1662881880000.0,419030,1662881880000.0,0.2029999999999994,-0.0024108000000000003,1782.1279407460001,1782.3464907460002,-14.0,0.861,14.1,0.8465,long_nclose,11.93565,0.006697414774274696,22.0
1662884520000.0,419074,1662884520000.0,0.3116100000000001,-0.0024494520000000004,1782.437101294,1782.437101294,-14.1,0.8686,0.0,0.8465,long_nclose,0.0,0.0,44.0
1662998640000.0,420976,1662998640000.0,0.0,-0.014252704000000001,1782.42284859,1782.38932859,83.8,0.8504,83.8,0.8504,long_ientry_normal,71.26352,0.039981264858882155,1902.0
1663005240000.0,421086,1663005240000.0,0.19250999999999738,-0.0047837339999999996,1782.610574856,1783.091314856,-27.9,0.8573,55.9,0.8504,long_nclose,47.53736,0.026667271399890627,110.0
1663005480000.0,421090,1663005480000.0,0.12833999999999826,-0.0031891560000000003,1782.7357257,1783.0192057000002,-18.6,0.8573,37.3,0.8504,long_nclose,31.71992,0.017792833532600583,4.0
1663008780000.0,421145,1663008780000.0,0.08555999999999885,-0.0021261039999999998,1782.8191595960002,1783.0830995960002,-12.4,0.8573,24.9,0.8504,long_nclose,21.17496,0.011877233810297618,55.0
1663010280000.0,421170,1663010280000.0,0.057269999999999224,-0.0014231180000000001,1782.8750064780002,1783.017766478,-8.3,0.8573,16.6,0.8504,long_nclose,14.116640000000002,0.007917907844749517,25.0
1663010820000.0,421179,1663010820000.0,0.037949999999999484,-0.00094303,1782.9120134480002,1783.018573448,-5.5,0.8573,11.1,0.8504,long_nclose,9.43944,0.005294394747918561,9.0
1663013280000.0,421220,1663013280000.0,0.025529999999999654,-0.000634402,1782.936909046,1783.022749046,-3.7,0.8573,7.4,0.8504,long_nclose,6.292960000000001,0.003529547213965742,41.0
1663014540000.0,421241,1663014540000.0,0.016559999999999773,-0.000411504,1782.953057542,1783.001057542,-2.4,0.8573,5.0,0.8504,long_nclose,4.252000000000001,0.0023848075988393423,21.0
1663015200000.0,421252,1663015200000.0,0.03624999999999989,-0.0004324500000000001,1782.988875092,1783.027875092,-2.5,0.8649,2.5,0.8504,long_nclose,2.1260000000000003,0.001192379845830671,11.0
1663015380000.0,421255,1663015380000.0,0.017399999999999947,-0.000207576,1783.0060675159998,1783.0250475159999,-1.2,0.8649,1.3,0.8504,long_nclose,1.10552,0.0006200315411938887,3.0
1663015500000.0,421257,1663015500000.0,0.008699999999999973,-0.000103788,1783.014663728,1783.0248837279998,-0.6,0.8649,0.7,0.8504,long_nclose,0.59528,0.00033386152795589707,2.0
1663018140000.0,421301,1663018140000.0,0.0013799999999999813,-3.4292e-05,1783.0160094359999,1783.0198094359998,-0.2,0.8573,0.5,0.8504,long_nclose,0.4252,0.00023847233998448419,44.0
1663018980000.0,421315,1663018980000.0,0.0028999999999999916,-3.4596000000000006e-05,1783.0188748399999,1783.02325484,-0.2,0.8649,0.3,0.8504,long_nclose,0.25512,0.00014308317404822387,14.0
1663021800000.0,421362,1663021800000.0,0.0006899999999999906,-1.7146e-05,1783.019547694,1783.021067694,-0.1,0.8573,0.2,0.8504,long_nclose,0.17008,9.538874670216962e-05,47.0
1663022040000.0,421366,1663022040000.0,0.0006899999999999906,-1.7146e-05,1783.0202205480002,1783.0209805480001,-0.1,0.8573,0.1,0.8504,long_nclose,0.08504,4.769435535277524e-05,4.0
1663025520000.0,421424,1663025520000.0,0.0014499999999999958,-1.7298000000000003e-05,1783.02165325,1783.02165325,-0.1,0.8649,0.0,0.8504,long_nclose,0.0,0.0,58.0
1663072200000.0,422202,1663072200000.0,0.0,-0.014270328,1783.007382922,1783.142742922,84.6,0.8434,84.6,0.8434,long_ientry_normal,71.35164,0.04001757967096504,778.0
1663072380000.0,422205,1663072380000.0,0.0,-0.014264712,1782.99311821,1782.40851821,86.8,0.8217,171.4,0.8324107351225204,long_rentry,142.6752,0.08002005085876937,3.0
1663072440000.0,422206,1663072440000.0,0.381957024504083,-0.009582522000000001,1783.365492712504,1784.0043456879998,-57.1,0.8391,114.3,0.8324107351225204,long_nclose,95.14454702450408,0.053351120347062984,1.0
1663072500000.0,422207,1663072500000.0,0.2548609918319713,-0.0063939420000000005,1783.613959762336,1783.506461746,-38.1,0.8391,76.2,0.8324107351225204,long_nclose,63.429698016336054,0.03556245883206026,1.0
1663073640000.0,422226,1663073640000.0,0.0,-0.014271444,1783.599688318336,1781.5696703019998,87.9,0.8118,164.1,0.8213706155779164,long_rentry,134.78691801633607,0.07557016235151942,19.0
1663075920000.0,422264,1663075920000.0,0.3626273278879733,-0.009058320000000002,1783.953257326224,1784.678511982,-54.7,0.828,109.4,0.8213706155779164,long_nclose,89.85794534422405,0.05037012319420436,38.0
1663076520000.0,422274,1663076520000.0,0.24130959296384324,-0.0060278400000000005,1784.188539079188,1784.5994841420002,-36.4,0.828,73.0,0.8213706155779164,long_nclose,59.96005493718789,0.03360634463448185,10.0
1663077060000.0,422283,1663077060000.0,0.16109404145663164,-0.00402408,1784.3456090406448,1784.7171600620004,-24.3,0.828,48.7,0.8213706155779164,long_nclose,40.00074897864453,0.022417601599138057,9.0
1663077180000.0,422285,1663077180000.0,0.0,-0.0062009199999999995,1784.3394081206447,1784.5387591420001,37.4,0.829,86.1,0.8246846571271141,long_ientry_partial,71.00534897864452,0.03979363379830909,2.0
1663095300000.0,422587,1663095300000.0,0.0,-0.014270159999999999,1784.3251379606447,1782.0638889820002,88.8,0.8035,174.9,0.8139288106268983,long_rentry,142.3561489786445,0.07978150727694582,302.0
1663129980000.0,423165,1663129980000.0,0.38310034045183194,-0.00956703,1784.6986712710966,1785.6397719520003,-58.3,0.8205,116.6,0.8139288106268983,long_nclose,94.90409931909633,0.053176539461142654,578.0
1663130220000.0,423169,1663130220000.0,0.25496214767634784,-0.00636708,1784.947266338773,1785.4974048720003,-38.8,0.8205,77.8,0.8139288106268983,long_nclose,63.323661466772684,0.035476488667735354,4.0
1663130820000.0,423179,1663130820000.0,0.1701938047633353,-0.00425019,1785.1132099535364,1785.5840046820003,-25.9,0.8205,51.9,0.8139288106268983,long_nclose,42.24290527153602,0.023663992309280783,10.0
1663132260000.0,423203,1663132260000.0,0.11368157615466026,-0.0028389300000000004,1785.224052599691,1785.4687157520004,-17.3,0.8205,34.6,0.8139288106268983,long_nclose,28.16193684769068,0.01577501535825742,24.0
1663132560000.0,423208,1663132560000.0,0.07556867779067011,-0.0018871500000000002,1785.2977341274818,1785.4610786020005,-11.5,0.8205,23.1,0.8139288106268983,long_nclose,18.80175552548135,0.010531439751515858,5.0
1663132980000.0,423215,1663132980000.0,0.05059815817288347,-0.00126357,1785.3470687156548,1785.4559650320007,-7.7,0.8205,15.4,0.8139288106268983,long_nclose,12.534503683654233,0.007020765823796557,7.0
1663133280000.0,423220,1663133280000.0,0.03351306580281892,-0.00083691,1785.3797448714574,1785.4525781220004,-5.1,0.8205,10.3,0.8139288106268983,long_nclose,8.383466749457053,0.004695621070833107,5.0
1663133700000.0,423227,1663133700000.0,0.022342043868545946,-0.00055794,1785.401528975326,1785.4572201820006,-3.4,0.8205,6.9,0.8139288106268983,long_nclose,5.616108793325599,0.003145571851587236,7.0
1663134000000.0,423232,1663134000000.0,0.015113735558134021,-0.00037743,1785.416265280884,1785.4533927520004,-2.3,0.8205,4.6,0.8139288106268983,long_nclose,3.7440725288837315,0.002097030592635891,5.0
1663134480000.0,423240,1663134480000.0,0.009856784059652623,-0.00024615,1785.4258759149436,1785.4446966020002,-1.5,0.8205,3.1,0.8139288106268983,long_nclose,2.523179312943385,0.0014132086618551883,8.0
1663159080000.0,423650,1663159080000.0,0.006571189373101749,-0.0001641,1785.4322830043168,1785.4492325020003,-1.0,0.8205,2.1,0.8139288106268983,long_nclose,1.7092505023164863,0.0009573314645349413,410.0
1663159440000.0,423656,1663159440000.0,0.004599832561171224,-0.00011486999999999999,1785.4367679668778,1785.446667632,-0.7,0.8205,1.4,0.8139288106268983,long_nclose,1.1395003348776576,0.0006382193731650522,6.0
1663166520000.0,423774,1663166520000.0,0.0026284757492406998,-6.564000000000002e-05,1785.439330802627,1785.4444019920002,-0.4,0.8205,1.0,0.8139288106268983,long_nclose,0.8139288106268983,0.0004558703264708549,118.0
1663167120000.0,423784,1663167120000.0,0.0019713568119305246,-4.923e-05,1785.4412529294389,1785.446202762,-0.3,0.8205,0.7,0.8139288106268983,long_nclose,0.5697501674388288,0.00031910888499076564,10.0
1663171260000.0,423853,1663171260000.0,0.0013142378746203499,-3.282000000000001e-05,1785.4425343473135,1785.447069942,-0.2,0.8205,0.5,0.8139288106268983,long_nclose,0.40696440531344913,0.00022793475426092,69.0
1663171380000.0,423855,1663171380000.0,0.0006571189373101749,-1.6410000000000004e-05,1785.443175056251,1785.4484035320002,-0.1,0.8205,0.4,0.8139288106268983,long_nclose,0.3255715242507593,0.0001823477379729557,2.0
1663171380000.0,423855,1663171380000.0,0.0013871189373101723,-1.6556000000000002e-05,1785.4445456191884,1785.4484669760004,-0.1,0.8278,0.3,0.8139288106268983,long_nclose,0.24417864318806948,0.0001367606984978572,0.0
1663171500000.0,423857,1663171500000.0,0.0006571189373101749,-1.6410000000000004e-05,1785.4451863281258,1785.4462005660005,-0.1,0.8205,0.2,0.8139288106268983,long_nclose,0.16278576212537965,9.117376628075502e-05,2.0
1663191960000.0,424198,1663191960000.0,0.0006571189373101749,-1.6410000000000004e-05,1785.4458270370633,1785.4467341560005,-0.1,0.8205,0.1,0.8139288106268983,long_nclose,0.08139288106268983,4.558686678148103e-05,341.0
1663193040000.0,424216,1663193040000.0,0.0006571189373101749,-1.6410000000000004e-05,1785.4464677460007,1785.4464677460007,-0.1,0.8205,0.0,0.8139288106268983,long_nclose,0.0,0.0,18.0
1663211040000.0,424516,1663211040000.0,0.0,-0.014283200000000003,1785.4321845460008,1785.3417845460008,90.4,0.79,90.4,0.79,long_ientry_normal,71.41600000000001,0.03999927895226088,300.0
1663219380000.0,424655,1663219380000.0,0.19263999999999884,-0.0047943280000000005,1785.620030218001,1786.102430218001,-30.1,0.7964,60.3,0.79,long_nclose,47.637,0.026678128153717083,139.0
1663219800000.0,424662,1663219800000.0,0.12863999999999923,-0.0032015280000000004,1785.7454686900007,1785.9866686900007,-20.1,0.7964,40.2,0.79,long_nclose,31.758000000000003,0.017784169444538617,7.0
1663219860000.0,424663,1663219860000.0,0.08575999999999949,-0.0021343520000000004,1785.8290943380007,1786.0702943380006,-13.4,0.7964,26.8,0.79,long_nclose,21.172,0.0118555577726481,1.0
1663223700000.0,424727,1663223700000.0,0.05695999999999966,-0.001417592,1785.8846367460005,1786.0636367460006,-8.9,0.7964,17.9,0.79,long_nclose,14.141,0.007918204630376256,64.0
1663224180000.0,424735,1663224180000.0,0.03775999999999977,-0.0009397520000000001,1785.9214569940004,1786.0774569940004,-5.9,0.7964,12.0,0.79,long_nclose,9.48,0.005308184166148269,8.0
1663224180000.0,424735,1663224180000.0,0.07964999999999975,-0.0009481300000000002,1786.0001588640002,1786.0794588640003,-5.9,0.8035,6.1,0.79,long_nclose,4.819,0.0026982080466695837,0.0
1663224300000.0,424737,1663224300000.0,0.04049999999999987,-0.0004821,1786.0401767640003,1786.0866767640002,-3.0,0.8035,3.1,0.79,long_nclose,2.4490000000000003,0.001371189759256799,2.0
1663224360000.0,424738,1663224360000.0,0.06385999999999985,-0.000502572,1786.1035341920003,1786.1035341920003,-3.1,0.8106,0.0,0.79,long_nclose,0.0,0.0,1.0
1663254900000.0,425247,1663254900000.0,0.0,-0.014288640000000002,1786.0892455520004,1786.1075455520004,91.5,0.7808,91.5,0.7808,long_ientry_normal,71.4432,0.03999979294311248,509.0
1663256100000.0,425267,1663256100000.0,0.19214999999999915,-0.0048013100000000005,1786.2765942420006,1786.7157942420006,-30.5,0.7871,61.0,0.7808,long_nclose,47.628800000000005,0.02666373178349297,20.0
1663256520000.0,425274,1663256520000.0,0.12788999999999945,-0.003195626,1786.4012886160006,1786.7350286160006,-20.3,0.7871,40.7,0.7808,long_nclose,31.778560000000006,0.017789149729409443,7.0
1663256700000.0,425277,1663256700000.0,0.08504999999999963,-0.00212517,1786.4842134460005,1786.6800534460006,-13.5,0.7871,27.2,0.7808,long_nclose,21.23776,0.011888019966901291,3.0
1663257120000.0,425284,1663257120000.0,0.05669999999999975,-0.00141678,1786.5394966660006,1786.6705366660005,-9.0,0.7871,18.2,0.7808,long_nclose,14.210560000000001,0.007954237802477598,7.0
1663257300000.0,425287,1663257300000.0,0.037799999999999834,-0.00094452,1786.5763521460005,1786.6641921460005,-6.0,0.7871,12.2,0.7808,long_nclose,9.52576,0.005331851610236441,3.0
1663257600000.0,425292,1663257600000.0,0.02519999999999989,-0.0006296800000000001,1786.6009224660006,1786.6435624660005,-4.0,0.7871,8.2,0.7808,long_nclose,6.40256,0.003583654256241347,5.0
1663258740000.0,425311,1663258740000.0,0.017009999999999928,-0.0004250340000000001,1786.6175074320006,1786.6626074320006,-2.7,0.7871,5.5,0.7808,long_nclose,4.2944,0.0024036482247241425,19.0
1663260960000.0,425348,1663260960000.0,0.03590999999999994,-0.00042881400000000007,1786.6529886180006,1786.6927486180005,-2.7,0.7941,2.8,0.7808,long_nclose,2.18624,0.0012236511588582656,37.0
1663265340000.0,425421,1663265340000.0,0.01861999999999997,-0.000222348,1786.6713862700005,1786.6926662700005,-1.4,0.7941,1.4,0.7808,long_nclose,1.09312,0.0006118192793595277,73.0
1663266720000.0,425444,1663266720000.0,0.02855999999999996,-0.000224336,1786.6997219340005,1786.6997219340005,-1.4,0.8012,0.0,0.7808,long_nclose,0.0,0.0,23.0
1663345680000.0,426760,1663345680000.0,0.0,-0.014296531999999999,1786.6854254020006,1786.7499654020007,92.2,0.7753,92.2,0.7753,long_ientry_normal,71.48266,0.040008531431276737,1316.0
1663346820000.0,426779,1663346820000.0,0.19340999999999914,-0.004799024,1786.8740363780007,1787.2860863780006,-30.7,0.7816,61.5,0.7753,long_nclose,47.68095,0.026684001798274175,19.0
1663348080000.0,426800,1663348080000.0,0.0,-0.00479198,1786.8692443980008,1786.7308943980008,31.0,0.7729,92.5,0.7744956756756757,long_ientry_partial,71.64085,0.04009294481093155,21.0
1663348380000.0,426805,1663348380000.0,0.1910931891891876,-0.004809112,1787.05552847519,1787.4568452860008,-30.8,0.7807,61.7,0.7744956756756757,long_nclose,47.786383189189195,0.02674029006248231,5.0
1663349460000.0,426823,1663349460000.0,0.1271886486486476,-0.0032008699999999998,1787.1795162538385,1787.4062944160007,-20.5,0.7807,41.2,0.7744956756756757,long_nclose,31.90922183783784,0.017854514080781172,18.0
1663349520000.0,426824,1663349520000.0,0.08499924324324254,-0.0021391179999999997,1787.2623763790816,1787.4687452980006,-13.7,0.7807,27.5,0.7744956756756757,long_nclose,21.29863108108108,0.011916902276111922,1.0
1663349880000.0,426830,1663349880000.0,0.1808992432432426,-0.002158298,1787.4411173243248,1787.6274770000005,-13.7,0.7877,13.8,0.7744956756756757,long_nclose,10.688040324324325,0.005979520231874032,6.0
1663350000000.0,426832,1663350000000.0,0.09110983783783753,-0.001087026,1787.5311401361625,1787.6105199740005,-6.9,0.7877,6.9,0.7744956756756757,long_nclose,5.344020162162162,0.0029896095470286965,2.0
1663350240000.0,426836,1663350240000.0,0.04489470270270255,-0.000535636,1787.5754992028653,1787.6262643380005,-3.4,0.7877,3.5,0.7744956756756757,long_nclose,2.710734864864865,0.0015164309793201265,4.0
1663352580000.0,426875,1663352580000.0,0.006824756756756701,-0.000171754,1787.5821522056222,1787.6001625840006,-1.1,0.7807,2.4,0.7744956756756757,long_nclose,1.8587896216216215,0.001039834515760934,39.0
1663352880000.0,426880,1663352880000.0,0.015845189189189136,-0.00018904799999999998,1787.5978083468112,1787.6152135360005,-1.2,0.7877,1.2,0.7744956756756757,long_nclose,0.9293948108108108,0.0005199127043405388,5.0
1663353060000.0,426883,1663353060000.0,0.007922594594594568,-9.452399999999999e-05,1787.605636417406,1787.6137390120007,-0.6,0.7877,0.6,0.7744956756756757,long_nclose,0.4646974054054054,0.0002599552138002425,3.0
1663353720000.0,426894,1663353720000.0,0.003961297297297284,-4.7261999999999996e-05,1787.6095504527034,1787.6133017500006,-0.3,0.7877,0.3,0.7744956756756757,long_nclose,0.2323487027027027,0.00012997732230948393,11.0
1663355100000.0,426917,1663355100000.0,0.001320432432432428,-1.5754000000000002e-05,1787.6108551311358,1787.6137559960007,-0.1,0.7877,0.2,0.7744956756756757,long_nclose,0.15489913513513515,8.66514849641434e-05,23.0
1663355280000.0,426920,1663355280000.0,0.001320432432432428,-1.5754000000000002e-05,1787.6121598095683,1787.6135102420008,-0.1,0.7877,0.1,0.7744956756756757,long_nclose,0.07744956756756757,4.332571086102825e-05,3.0
1663355640000.0,426926,1663355640000.0,0.001320432432432428,-1.5754000000000002e-05,1787.6134644880008,1787.6134644880008,-0.1,0.7877,0.0,0.7744956756756757,long_nclose,0.0,0.0,6.0
1663535400000.0,429922,1663535400000.0,0.0,-0.014299762000000002,1787.5991647260007,1785.7579547260007,90.7,0.7883,90.7,0.7883,long_ientry_normal,71.49881,0.03999711535497343,2996.0
1663535400000.0,429922,1663535400000.0,0.0,-0.014302022,1787.5848627040007,1785.7343427040007,93.1,0.7681,183.8,0.7780681175190424,long_rentry,143.00892,0.08000119210210625,0.0
1663535460000.0,429923,1663535460000.0,0.0,-0.014329308,1787.5705333960007,1783.3564733960006,95.3,0.7518,279.1,0.7690987459691867,long_rentry,214.65546000000003,0.1200822322754452,1.0
1663536720000.0,429944,1663536720000.0,0.5767166248656356,-0.014420580000000002,1788.1328294408663,1789.4171528160007,-93.0,0.7753,186.1,0.7690987459691867,long_nclose,143.12927662486564,0.08004398457894256,21.0
1663537080000.0,429950,1663537080000.0,0.3844777499104237,-0.00961372,1788.5076934707768,1789.2400390960006,-62.0,0.7753,124.1,0.7690987459691867,long_nclose,95.44515437477607,0.053365805874480345,6.0
1663537200000.0,429952,1663537200000.0,0.25611179147258867,-0.006403977999999999,1788.7574012842495,1789.2460251180007,-41.3,0.7753,82.8,0.7690987459691867,long_nclose,63.681376166248654,0.03560090156469973,2.0
1663537260000.0,429953,1663537260000.0,0.1711546112504467,-0.004279656,1788.9242762394997,1789.2500254620006,-27.6,0.7753,55.2,0.7690987459691867,long_nclose,42.454250777499105,0.023731720420688933,1.0
1663537320000.0,429954,1663537320000.0,0.0,-0.0057505,1788.9185257394997,1789.0596749620006,37.1,0.775,92.3,0.7714707559859059,long_ientry_partial,71.20675077749911,0.0398043565164958,1.0
1663537500000.0,429957,1663537500000.0,0.1912377912326883,-0.004775078,1789.1049884527324,1789.5071898840006,-30.7,0.7777,61.6,0.7714707559859059,long_nclose,47.5225985687318,0.026562219028761786,3.0
1663537620000.0,429959,1663537620000.0,0.0,-0.00473024,1789.1002582127323,1789.4104596440006,30.4,0.778,92.0,0.7736282453123022,long_ientry_partial,71.17379856873181,0.03978189497319323,2.0
1663537920000.0,429964,1663537920000.0,0.19191569344355286,-0.004772988000000001,1789.287400918176,1789.6172266560006,-30.6,0.7799,61.4,0.7736282453123022,long_nclose,47.500774262175355,0.026547313884734365,5.0
1663537980000.0,429965,1663537980000.0,0.0,-0.0047519,1789.282649018176,1789.1529747560007,30.5,0.779,91.9,0.7754110365851508,long_ientry_partial,71.26027426217536,0.039826169611200134,1.0
1663540020000.0,429999,1663540020000.0,0.0,-0.014309170000000001,1789.268339848176,1786.7854155860007,94.7,0.7555,186.6,0.7653061321659987,long_rentry,142.80612426217536,0.07981258097613957,34.0
1663553760000.0,430228,1663553760000.0,0.0,-0.014316720000000002,1789.2540231281762,1781.4628988660008,96.8,0.7395,283.4,0.7564916170154389,long_rentry,214.38972426217535,0.11982073058992204,229.0
1663553820000.0,430229,1663553820000.0,0.0,-0.02130912,1789.2327140081761,1781.1981897460007,147.0,0.7248,430.4,0.7456675749585859,long_rentry,320.93532426217536,0.1793703645979216,1.0
1663553820000.0,430229,1663553820000.0,0.0,-0.031489056,1789.201224952176,1785.9878206900007,223.2,0.7054,653.6,0.7319164691893748,long_rentry,478.3806042621754,0.2673710466942935,0.0
1663553820000.0,430229,1663553820000.0,0.0,-0.04606332,1789.155161632176,1802.0781573700006,339.0,0.6794,992.6,0.7139806611547204,long_rentry,708.6972042621754,0.3961071792206433,0.0
1663553880000.0,430230,1663553880000.0,18.481555737824596,-0.145435752,1807.4912816180008,1807.4912816180008,-992.6,0.7326,0.0,0.7139806611547204,long_nclose,0.0,0.0,1.0
1663553940000.0,430231,1663553940000.0,0.0,-0.014463360000000001,1807.4768182580008,1807.5760182580009,99.2,0.729,99.2,0.729,long_ientry_normal,72.3168,0.04000980774386753,1.0
1663554000000.0,430232,1663554000000.0,0.19470000000000054,-0.00485034,1807.6666679180007,1807.9976679180006,-33.0,0.7349,66.2,0.729,long_nclose,48.2598,0.026697289304771957,1.0
1663554060000.0,430233,1663554060000.0,0.0,-0.00474164,1807.6619262780007,1808.2884262780008,32.3,0.734,98.5,0.7306395939086294,long_ientry_partial,71.968,0.0398127542289852,1.0
1663554060000.0,430233,1663554060000.0,0.09372893401015259,-0.00323356,1807.752421652011,1808.2389927180009,-22.0,0.7349,76.5,0.7306395939086294,long_nclose,55.89392893401015,0.03091901759585618,0.0
1663554120000.0,430234,1663554120000.0,0.0,-0.0031838400000000003,1807.749237812011,1808.0396088780008,21.6,0.737,98.1,0.7320400502957203,long_ientry_partial,71.81312893401015,0.03972516067600635,1.0
1663563240000.0,430386,1663563240000.0,0.19489035532994653,-0.00482652,1807.939301647341,1808.5252823580008,-32.7,0.738,65.4,0.7320400502957203,long_nclose,47.87541928934011,0.026480656317232242,152.0
1663567080000.0,430450,1663567080000.0,0.0,-0.00489703,1807.934404617341,1807.671935328001,33.5,0.7309,98.9,0.7316538856353904,long_ientry_partial,72.3605692893401,0.04002389085828344,64.0
1663589460000.0,430823,1663589460000.0,0.1956271625956584,-0.004853408000000001,1808.1251783719367,1808.544021920001,-32.9,0.7376,66.0,0.7316538856353904,long_nclose,48.28915645193576,0.02670675516803325,373.0
1663589580000.0,430825,1663589580000.0,0.13081451602141292,-0.00324544,1808.2527474479582,1808.575976480001,-22.0,0.7376,44.0,0.7316538856353904,long_nclose,32.19277096795717,0.0178032473687054,2.0
1663590120000.0,430834,1663590120000.0,0.2760145160214116,-0.0032744799999999998,1808.5254874839795,1808.8191020000008,-22.0,0.7442,22.0,0.7316538856353904,long_nclose,16.096385483978587,0.008900281248660685,9.0
1663590360000.0,430838,1663590360000.0,0.1380072580107058,-0.0016372399999999999,1808.6618575019902,1808.808664760001,-11.0,0.7442,11.0,0.7316538856353904,long_nclose,8.048192741989293,0.004449805091320359,4.0
1663590480000.0,430840,1663590480000.0,0.0690036290053529,-0.0008186199999999999,1808.7300425109956,1808.797946140001,-5.5,0.7442,5.5,0.7316538856353904,long_nclose,4.024096370994647,0.002224818671894307,2.0
1663591140000.0,430851,1663591140000.0,0.03387450878444597,-0.000401868,1808.7635151517802,1808.8036842720012,-2.7,0.7442,2.8,0.7316538856353904,long_nclose,2.048630879779093,0.0011326139999054462,11.0
1663591380000.0,430855,1663591380000.0,0.017564560110453462,-0.000208376,1808.7808713358907,1808.799555896001,-1.4,0.7442,1.4,0.7316538856353904,long_nclose,1.0243154398895464,0.0005663015659453704,4.0
1663592460000.0,430873,1663592460000.0,0.02666456011045355,-0.000210196,1808.8073257000012,1808.8073257000012,-1.4,0.7507,0.0,0.7316538856353904,long_nclose,0.0,0.0,18.0
1663783440000.0,434056,1663783440000.0,0.0,-0.014473026000000002,1808.7928526740013,1808.7236226740013,98.9,0.7317,98.9,0.7317,long_ientry_normal,72.36513000000001,0.04000741704226668,3183.0
1663783680000.0,434060,1663783680000.0,0.19411000000000053,-0.004853408000000001,1808.9821092660013,1809.3979092660013,-32.9,0.7376,66.0,0.7317,long_nclose,48.2922,0.026695786405314243,4.0
1663784040000.0,434066,1663784040000.0,0.12980000000000036,-0.00324544,1809.1086638260012,1809.2978638260013,-22.0,0.7376,44.0,0.7317,long_nclose,32.1948,0.017795945950484084,6.0
1663784100000.0,434067,1663784100000.0,0.08614000000000023,-0.0021537920000000003,1809.1926500340012,1809.3778700340013,-14.6,0.7376,29.4,0.7317,long_nclose,21.51198,0.011890375521697878,1.0
1663784220000.0,434069,1663784220000.0,0.05782000000000016,-0.0014456960000000002,1809.2490243380012,1809.3725043380011,-9.8,0.7376,19.6,0.7317,long_nclose,14.341320000000001,0.007926670020036324,2.0
1663784400000.0,434072,1663784400000.0,0.12249999999999957,-0.001458632,1809.370065706001,1809.500405706001,-9.8,0.7442,9.8,0.7317,long_nclose,7.170660000000001,0.00396306987493024,3.0
1663784520000.0,434074,1663784520000.0,0.18718000000000007,-0.0014715680000000001,1809.555774138001,1809.555774138001,-9.8,0.7508,0.0,0.7317,long_nclose,0.0,0.0,2.0
1663794900000.0,434247,1663794900000.0,0.0,-0.014482368,1809.541291770001,1809.501851770001,98.6,0.7344,98.6,0.7344,long_ientry_normal,72.41184,0.04001668286285439,173.0
1663801500000.0,434357,1663801500000.0,0.1935199999999969,-0.004856367999999999,1809.729955402001,1810.164235402001,-32.8,0.7403,65.8,0.7344,long_nclose,48.32352,0.026702061186397143,110.0
1663801740000.0,434361,1663801740000.0,0.1292099999999979,-0.003242514,1809.855922888001,1810.145662888001,-21.9,0.7403,43.9,0.7344,long_nclose,32.24016,0.01781366107228808,4.0
1663802400000.0,434372,1663802400000.0,0.08613999999999862,-0.002161676,1809.939901212001,1810.1332812120008,-14.6,0.7403,29.3,0.7344,long_nclose,21.517920000000004,0.011888748342191268,11.0
1663803240000.0,434386,1663803240000.0,0.18249999999999936,-0.0021809480000000003,1810.1202202640009,1810.3201402640009,-14.6,0.7469,14.7,0.7344,long_nclose,10.79568,0.005964067954793346,14.0
1663803360000.0,434388,1663803360000.0,0.09124999999999968,-0.0010904740000000001,1810.2103797900008,1810.2962197900008,-7.3,0.7469,7.4,0.7344,long_nclose,5.43456,0.0030021703889635486,2.0
1663803900000.0,434397,1663803900000.0,0.04624999999999984,-0.000552706,1810.256077084001,1810.302697084001,-3.7,0.7469,3.7,0.7344,long_nclose,2.71728,0.001501047301759126,9.0
1663804080000.0,434400,1663804080000.0,0.02249999999999992,-0.000268884,1810.278308200001,1810.302248200001,-1.8,0.7469,1.9,0.7344,long_nclose,1.39536,0.0007707986079706367,3.0
1663804500000.0,434407,1663804500000.0,0.01124999999999996,-0.000134442,1810.289423758001,1810.303023758001,-0.9,0.7469,1.0,0.7344,long_nclose,0.7344,0.0004056809868973606,7.0
1663805100000.0,434417,1663805100000.0,0.006249999999999978,-7.469e-05,1810.295599068001,1810.301899068001,-0.5,0.7469,0.5,0.7344,long_nclose,0.3672,0.00020283980151586655,10.0
1663805700000.0,434427,1663805700000.0,0.0024999999999999914,-2.9876000000000003e-05,1810.2980691920009,1810.301549192001,-0.2,0.7469,0.3,0.7344,long_nclose,0.22032000000000002,0.0001217037148464377,10.0
1663806120000.0,434434,1663806120000.0,0.0012499999999999957,-1.4938000000000002e-05,1810.2993042540008,1810.3018242540008,-0.1,0.7469,0.2,0.7344,long_nclose,0.14688,8.113575454337769e-05,7.0
1663806420000.0,434439,1663806420000.0,0.0012499999999999957,-1.4938000000000002e-05,1810.3005393160008,1810.3017993160008,-0.1,0.7469,0.1,0.7344,long_nclose,0.07344,4.056784959460288e-05,5.0
1663808820000.0,434479,1663808820000.0,0.0012499999999999957,-1.4938000000000002e-05,1810.3017743780008,1810.3017743780008,-0.1,0.7469,0.0,0.7344,long_nclose,0.0,0.0,40.0
1663930980000.0,436515,1663930980000.0,0.0,-0.01448353,1810.2872908480008,1810.2586408480008,95.5,0.7583,95.5,0.7583,long_ientry_normal,72.41765,0.04000340187223934,2036.0
1663934820000.0,436579,1663934820000.0,0.19397999999999982,-0.004861584,1810.4764092640007,1810.9031992640007,-31.8,0.7644,63.7,0.7583,long_nclose,48.30371,0.026680110137218823,64.0
1663935240000.0,436586,1663935240000.0,0.12931999999999988,-0.003241056,1810.6024882080008,1810.9297382080008,-21.2,0.7644,42.5,0.7583,long_nclose,32.22775,0.01779946189729178,7.0
1663936440000.0,436606,1663936440000.0,0.08600999999999992,-0.002155608,1810.6863426000007,1810.8766226000007,-14.1,0.7644,28.4,0.7583,long_nclose,21.535719999999998,0.011893677824441106,20.0
1663936740000.0,436611,1663936740000.0,0.05733999999999995,-0.0014370720000000002,1810.7422455280007,1810.8695455280008,-9.4,0.7644,19.0,0.7583,long_nclose,14.4077,0.007956792324022246,5.0
1663937160000.0,436618,1663937160000.0,0.038429999999999964,-0.000963144,1810.7797123840007,1810.8648023840008,-6.3,0.7644,12.7,0.7583,long_nclose,9.63041,0.00531837745593084,7.0
1663938240000.0,436636,1663938240000.0,0.025619999999999976,-0.000642096,1810.8046902880005,1810.8616402880004,-4.2,0.7644,8.5,0.7583,long_nclose,6.44555,0.0035594948668786932,18.0
1663938420000.0,436639,1663938420000.0,0.017079999999999984,-0.0004280639999999999,1810.8213422240005,1810.8709322240006,-2.8,0.7644,5.7,0.7583,long_nclose,4.32231,0.002386933431373997,3.0
1663940040000.0,436666,1663940040000.0,0.01158999999999999,-0.000290472,1810.8326417520007,1810.8619017520007,-1.9,0.7644,3.8,0.7583,long_nclose,2.8815399999999998,0.0015912790246657349,27.0
1663941540000.0,436691,1663941540000.0,0.0,-0.01392,1810.8187217520006,1810.3041817520007,92.8,0.75,96.6,0.7503265010351967,long_ientry_partial,72.48154,0.04002694423761687,25.0
1663943400000.0,436722,1663943400000.0,0.19556666666666458,-0.004871216,1811.0094172026672,1811.4391905360005,-32.2,0.7564,64.4,0.7503265010351967,long_nclose,48.321026666666675,0.026681819656854466,31.0
1663946220000.0,436769,1663946220000.0,0.1299728778467895,-0.003237392,1811.136152688514,1811.4231131440004,-21.4,0.7564,43.0,0.7503265010351967,long_nclose,32.26403954451346,0.01781425405076233,47.0
1663946940000.0,436781,1663946940000.0,0.27463022774327067,-0.00328133,1811.4075015862572,1811.6799818140005,-21.5,0.7631,21.5,0.7503265010351967,long_nclose,16.13201977225673,0.008905792737487202,12.0
1663947060000.0,436783,1663947060000.0,0.13667643892339515,-0.001633034,1811.5425449911806,1811.6902187800006,-10.7,0.7631,10.8,0.7503265010351967,long_nclose,8.103526211180125,0.0044732740247177445,2.0
1663948380000.0,436805,1663948380000.0,0.02186459627329169,-0.000544608,1811.563864979454,1811.6119141720005,-3.6,0.7564,7.2,0.7503265010351967,long_nclose,5.402350807453416,0.002982147586342305,22.0
1663948800000.0,436812,1663948800000.0,0.014576397515527794,-0.000363072,1811.5780783049695,1811.6149111000007,-2.4,0.7564,4.8,0.7503265010351967,long_nclose,3.6015672049689442,0.0019880827926217815,7.0
1663949100000.0,436817,1663949100000.0,0.009717598343685198,-0.000242048,1811.5875538553132,1811.6185090520005,-1.6,0.7564,3.2,0.7503265010351967,long_nclose,2.4010448033126295,0.0013253815959393563,5.0
1663949580000.0,436825,1663949580000.0,0.006073498964803248,-0.00015128,1811.593476074278,1811.6103577720005,-1.0,0.7564,2.2,0.7503265010351967,long_nclose,1.650718302277433,0.0009111968684357036,8.0
1663949880000.0,436830,1663949880000.0,0.004251449275362273,-0.00010589599999999999,1811.5976216275535,1811.6076318760008,-0.7,0.7564,1.5,0.7503265010351967,long_nclose,1.125489751552795,0.0006212691704362286,5.0
1663963380000.0,437055,1663963380000.0,0.003036749482401624,-7.564e-05,1811.600582737036,1811.6052562360007,-0.5,0.7564,1.0,0.7503265010351967,long_nclose,0.7503265010351967,0.00041417876997013026,225.0
1663963560000.0,437058,1663963560000.0,0.0018220496894409742,-4.5384e-05,1811.6023594027254,1811.6077308520007,-0.3,0.7564,0.7,0.7503265010351967,long_nclose,0.5252285507246377,0.00028992485464514545,3.0
1663964760000.0,437078,1663964760000.0,0.0038320496894409858,-4.5786e-05,1811.6061456664147,1811.6116150660007,-0.3,0.7631,0.4,0.7503265010351967,long_nclose,0.3001306004140787,0.0001656709992577736,20.0
1663966860000.0,437113,1663966860000.0,0.007829399585921326,-6.1592e-05,1811.6139134740006,1811.6139134740006,-0.4,0.7699,0.0,0.7503265010351967,long_nclose,0.0,0.0,35.0
1664057520000.0,438624,1664057520000.0,0.0,-0.01448942,1811.5994240540006,1811.5011240540005,98.3,0.737,98.3,0.737,long_ientry_normal,72.44709999999999,0.03999068394373726,1511.0
1664066220000.0,438769,1664066220000.0,0.19620000000000018,-0.004859220000000001,1811.7907648340006,1812.2499648340006,-32.7,0.743,65.6,0.737,long_nclose,48.347199999999994,0.026684759045247506,145.0
1664066520000.0,438774,1664066520000.0,0.1308000000000001,-0.0032394800000000003,1811.9183253540004,1812.2249253540003,-21.8,0.743,43.8,0.737,long_nclose,32.2806,0.01781570369276619,5.0
1664067060000.0,438783,1664067060000.0,0.08760000000000008,-0.00216956,1812.0037557940004,1812.2373557940005,-14.6,0.743,29.2,0.737,long_nclose,21.5204,0.011876575824518638,9.0
1664068320000.0,438804,1664068320000.0,0.05820000000000005,-0.00144142,1812.0605143740004,1812.2165143740003,-9.7,0.743,19.5,0.737,long_nclose,14.3715,0.007931026522568878,21.0
1664069100000.0,438817,1664069100000.0,0.039000000000000035,-0.0009659000000000001,1812.0985484740004,1812.1895484740003,-6.5,0.743,13.0,0.737,long_nclose,9.581,0.00528724003894177,13.0
1664072340000.0,438871,1664072340000.0,0.02580000000000002,-0.0006389799999999999,1812.1237094940002,1812.1846094940001,-4.3,0.743,8.7,0.737,long_nclose,6.411899999999999,0.003538334588531153,54.0
1664072640000.0,438876,1664072640000.0,0.017400000000000016,-0.00043094000000000004,1812.1406785540003,1812.1812785540003,-2.9,0.743,5.8,0.737,long_nclose,4.2745999999999995,0.0023588676368166525,5.0
1664073240000.0,438886,1664073240000.0,0.011400000000000009,-0.00028234,1812.1517962140003,1812.1790962140003,-1.9,0.743,3.9,0.737,long_nclose,2.8743,0.0015861254040666296,10.0
1664077080000.0,438950,1664077080000.0,0.023940000000000104,-0.000284848,1812.1754513660003,1812.2014513660004,-1.9,0.7496,2.0,0.737,long_nclose,1.474,0.0008133870254609801,64.0
1664079000000.0,438982,1664079000000.0,0.012600000000000056,-0.00014992000000000003,1812.1879014460003,1812.2009014460002,-1.0,0.7496,1.0,0.737,long_nclose,0.737,0.00040669071866770827,32.0
1664079360000.0,438988,1664079360000.0,0.006300000000000028,-7.496000000000001e-05,1812.1941264860004,1812.2006264860004,-0.5,0.7496,0.5,0.737,long_nclose,0.3685,0.00020334466082535708,6.0
1664079600000.0,438992,1664079600000.0,0.0025200000000000114,-2.9984000000000006e-05,1812.1966165020003,1812.2008165020004,-0.2,0.7496,0.3,0.737,long_nclose,0.2211,0.00012200662885398116,4.0
1664082300000.0,439037,1664082300000.0,0.0012600000000000057,-1.4992000000000003e-05,1812.1978615100004,1812.2004615100004,-0.1,0.7496,0.2,0.737,long_nclose,0.1474,8.133769668902492e-05,45.0
1664082480000.0,439040,1664082480000.0,0.0012600000000000057,-1.4992000000000003e-05,1812.1991065180005,1812.2004065180004,-0.1,0.7496,0.1,0.737,long_nclose,0.0737,4.0668820404402925e-05,3.0
1664085360000.0,439088,1664085360000.0,0.0012600000000000057,-1.4992000000000003e-05,1812.2003515260005,1812.2003515260005,-0.1,0.7496,0.0,0.737,long_nclose,0.0,0.0,48.0
1664297520000.0,442624,1664297520000.0,0.0,-0.014498248000000002,1812.1858532780004,1812.2644132780003,98.2,0.7382,98.2,0.7382,long_ientry_normal,72.49124,0.04000210015373043,3536.0
1664297760000.0,442628,1664297760000.0,0.19620000000000018,-0.0048670680000000004,1812.3771862100004,1812.7570862100004,-32.7,0.7442,65.5,0.7382,long_nclose,48.3521,0.026678828429259116,4.0
1664297820000.0,442629,1664297820000.0,0.1308000000000001,-0.003244712,1812.5047414980004,1812.8019014980005,-21.8,0.7442,43.7,0.7382,long_nclose,32.25934,0.017798209991626436,1.0
1664300520000.0,442674,1664300520000.0,0.0,-0.008061686,1812.4966798120004,1812.4497098120003,54.7,0.7369,98.4,0.737477337398374,long_ientry_partial,72.56777,0.04003746368656908,45.0
1664321700000.0,443027,1664321700000.0,0.1942633333333326,-0.004876704,1812.6860664413337,1813.1795531080004,-32.8,0.7434,65.6,0.737477337398374,long_nclose,48.37851333333333,0.026688853756298824,353.0
1664323800000.0,443062,1664323800000.0,0.12911404471544669,-0.003241224,1812.811939262049,1813.0976318840003,-21.8,0.7434,43.8,0.737477337398374,long_nclose,32.301507378048775,0.017818454677211538,35.0
1664324160000.0,443068,1664324160000.0,0.08647087398373951,-0.002170728,1812.8962394080327,1813.0867011560001,-14.6,0.7434,29.2,0.737477337398374,long_nclose,21.53433825203252,0.011878417409627456,6.0
1664325120000.0,443084,1664325120000.0,0.05744982723577214,-0.001442196,1812.9522470392685,1813.0794389600003,-9.7,0.7434,19.5,0.737477337398374,long_nclose,14.380808079268292,0.007932259717680697,16.0
1664327340000.0,443121,1664327340000.0,0.03849730691056896,-0.00096642,1812.9897779261792,1813.1005725400003,-6.5,0.7434,13.0,0.737477337398374,long_nclose,9.587205386178862,0.005288063674107064,37.0
1664329740000.0,443161,1664329740000.0,0.0,-0.0126245,1812.9771534261793,1812.7279480400005,87.5,0.7214,100.5,0.7234796555838693,long_ientry_partial,72.70970538617887,0.04010514156164156,40.0
1664359920000.0,443664,1664359920000.0,0.1949815379403772,-0.00488631,1813.1672486541195,1813.6041117300003,-33.5,0.7293,67.0,0.7234796555838693,long_nclose,48.473136924119245,0.026733957918167756,503.0
1664360040000.0,443666,1664360040000.0,0.1297936804797138,-0.003252678,1813.293789656599,1813.629949052,-22.3,0.7293,44.7,0.7234796555838693,long_nclose,32.33954060459896,0.01783469440477343,2.0
1664360340000.0,443671,1664360340000.0,0.08672313180034688,-0.002173314,1813.3783394743996,1813.7216457380002,-14.9,0.7293,29.8,0.7234796555838693,long_nclose,21.559693736399304,0.011889241901195474,5.0
1664362140000.0,443701,1664362140000.0,0.05762140971969356,-0.001444014,1813.4345168701193,1813.5443717240003,-9.9,0.7293,19.9,0.7234796555838693,long_nclose,14.397245146118998,0.007939214243571248,30.0
1664362200000.0,443702,1664362200000.0,0.038414273146462376,-0.000962676,1813.4719684672657,1813.5586890480001,-6.6,0.7293,13.3,0.7234796555838693,long_nclose,9.622279419265462,0.005305998430953498,1.0
1664364480000.0,443740,1664364480000.0,0.02560951543097492,-0.0006417840000000001,1813.4969361986966,1813.5549672640002,-4.4,0.7293,8.9,0.7234796555838693,long_nclose,6.438968934696437,0.0035505816448707516,38.0
1664364600000.0,443742,1664364600000.0,0.01687899880677892,-0.00042299399999999994,1813.5133922035034,1813.55251427,-2.9,0.7293,6.0,0.7234796555838693,long_nclose,4.340877933503216,0.0023936288268755746,2.0
1664365380000.0,443755,1664365380000.0,0.011640688832261326,-0.00029172,1813.5247411723358,1813.5508225500002,-2.0,0.7293,4.0,0.7234796555838693,long_nclose,2.893918622335477,0.0015957425650916298,13.0
1664365800000.0,443762,1664365800000.0,0.0075664477409698614,-0.000189618,1813.532118002077,1813.5524229320004,-1.3,0.7293,2.7,0.7234796555838693,long_nclose,1.9533950700764473,0.001077121850054938,7.0
1664365920000.0,443764,1664365920000.0,0.005238309974517597,-0.00013127400000000002,1813.5372250380515,1813.5489616580005,-0.9,0.7293,1.8,0.7234796555838693,long_nclose,1.3022633800509646,0.0007180792112076116,2.0
1664367060000.0,443783,1664367060000.0,0.0034922066496783978,-8.7516e-05,1813.5406297287013,1813.5472541420006,-0.6,0.7293,1.2,0.7234796555838693,long_nclose,0.8681755867006431,0.0004787185754038049,19.0
1664367120000.0,443784,1664367120000.0,0.002328137766452265,-5.8343999999999996e-05,1813.5428995224677,1813.5481157980005,-0.4,0.7293,0.8,0.7234796555838693,long_nclose,0.5787837244670955,0.0003191453174995186,1.0
1664367480000.0,443790,1664367480000.0,0.0011640688832261325,-2.9171999999999998e-05,1813.544034419351,1813.5485466260006,-0.2,0.7293,0.6,0.7234796555838693,long_nclose,0.43408779335032155,0.00023935883833628834,6.0
1664372220000.0,443869,1664372220000.0,0.0011640688832261325,-2.9171999999999998e-05,1813.5451693162343,1813.5485774540007,-0.2,0.7293,0.4,0.7234796555838693,long_nclose,0.28939186223354774,0.0001595724590320835,79.0
1664372460000.0,443873,1664372460000.0,0.0005820344416130663,-1.4585999999999999e-05,1813.545736764676,1813.5476928680007,-0.1,0.7293,0.3,0.7234796555838693,long_nclose,0.21704389667516077,0.00011967930682705698,4.0
1664372580000.0,443875,1664372580000.0,0.0005820344416130663,-1.4585999999999999e-05,1813.5463042131175,1813.5480082820009,-0.1,0.7293,0.2,0.7234796555838693,long_nclose,0.14469593111677387,7.978617958671655e-05,2.0
1664374200000.0,443902,1664374200000.0,0.0005820344416130663,-1.4585999999999999e-05,1813.5468716615592,1813.5476236960008,-0.1,0.7293,0.1,0.7234796555838693,long_nclose,0.07234796555838693,3.989307731103869e-05,27.0
1664375340000.0,443921,1664375340000.0,0.0012320344416130724,-1.4716000000000003e-05,1813.5480889800008,1813.5480889800008,-0.1,0.7358,0.0,0.7234796555838693,long_nclose,0.0,0.0,19.0
1664705760000.0,449428,1664705760000.0,0.0,-0.01451496,1813.5335740200007,1813.8487740200007,98.5,0.7368,98.5,0.7368,long_ientry_normal,72.5748,0.04001844853587452,5507.0
1664705940000.0,449431,1664705940000.0,0.19352000000000052,-0.0048721120000000005,1813.7222219080008,1814.1295619080008,-32.8,0.7427,65.7,0.7368,long_nclose,48.40776,0.026689731986122976,3.0
1664706180000.0,449435,1664706180000.0,0.12921000000000035,-0.003253026,1813.8481788820009,1814.1197388820008,-21.9,0.7427,43.8,0.7368,long_nclose,32.27184,0.017791919067830335,4.0
1664706360000.0,449438,1664706360000.0,0.08614000000000023,-0.002168684,1813.9321501980007,1814.1715901980008,-14.6,0.7427,29.2,0.7368,long_nclose,21.51456,0.011860730291180718,3.0
1664706480000.0,449440,1664706480000.0,0.057230000000000156,-0.001440838,1813.9879393600006,1814.1868393600007,-9.7,0.7427,19.5,0.7368,long_nclose,14.3676,0.007920449573148256,2.0
1664709600000.0,449492,1664709600000.0,0.12221999999999945,-0.0014538359999999998,1814.1087055240005,1814.2282655240006,-9.7,0.7494,9.8,0.7368,long_nclose,7.22064,0.00398026864543067,52.0
1664709960000.0,449498,1664709960000.0,0.06173999999999973,-0.000734412,1814.1697111120006,1814.2343911120006,-4.9,0.7494,4.9,0.7368,long_nclose,3.61032,0.0019900673999165403,6.0
1664713920000.0,449564,1664713920000.0,0.030239999999999864,-0.000359712,1814.1995914000006,1814.2325914000005,-2.4,0.7494,2.5,0.7368,long_nclose,1.842,0.001015323787267831,66.0
1664718300000.0,449637,1664718300000.0,0.04799999999999999,-0.000378,1814.2472134000006,1814.2472134000006,-2.5,0.756,0.0,0.7368,long_nclose,0.0,0.0,73.0
1664755320000.0,450254,1664755320000.0,0.0,-0.014512032000000003,1814.2327013680006,1814.2917413680007,98.4,0.7374,98.4,0.7374,long_ientry_normal,72.56016000000001,0.039994957617777965,617.0
1664756580000.0,450275,1664756580000.0,0.1967999999999965,-0.004876704,1814.4246246640005,1814.8575846640006,-32.8,0.7434,65.6,0.7374,long_nclose,48.37344,0.026660484730225656,21.0
1664759340000.0,450321,1664759340000.0,0.41327999999999815,-0.00492,1814.8329846640004,1815.2790646640003,-32.8,0.75,32.8,0.7374,long_nclose,24.18672,0.0133272428947383,46.0
1664759880000.0,450330,1664759880000.0,0.20663999999999907,-0.00246,1815.0371646640006,1815.2438046640007,-16.4,0.75,16.4,0.7374,long_nclose,12.09336,0.006662871832841352,9.0
1664760240000.0,450336,1664760240000.0,0.10331999999999954,-0.00123,1815.1392546640004,1815.2507746640003,-8.2,0.75,8.2,0.7374,long_nclose,6.04668,0.0033312485444095025,6.0
1664760480000.0,450340,1664760480000.0,0.05165999999999977,-0.000615,1815.1902996640006,1815.2460596640005,-4.1,0.75,4.1,0.7374,long_nclose,3.02334,0.0016655774331537764,4.0
1664761320000.0,450354,1664761320000.0,0.02519999999999989,-0.00030000000000000003,1815.2151996640007,1815.2437596640007,-2.0,0.75,2.1,0.7374,long_nclose,1.5485400000000002,0.0008530889341862262,14.0
1664762520000.0,450374,1664762520000.0,0.012599999999999945,-0.00015000000000000001,1815.2276496640006,1815.2437096640006,-1.0,0.75,1.1,0.7374,long_nclose,0.8111400000000001,0.00044685304355635084,20.0
1664763000000.0,450382,1664763000000.0,0.006299999999999972,-7.500000000000001e-05,1815.2338746640007,1815.2456346640008,-0.5,0.75,0.6,0.7374,long_nclose,0.44244,0.00024373718790472414,8.0
1664763000000.0,450382,1664763000000.0,0.011519999999999997,-9.079200000000001e-05,1815.2453038720007,1815.2453038720007,-0.6,0.7566,0.0,0.7374,long_nclose,0.0,0.0,0.0
1665146820000.0,456779,1665146820000.0,0.0,-0.014521808000000002,1815.2307820640008,1815.1913420640008,98.6,0.7364,98.6,0.7364,long_ientry_normal,72.60904000000001,0.03999989462355866,6397.0
1665147600000.0,456792,1665147600000.0,0.1935199999999969,-0.004869487999999999,1815.4194325760009,1815.7221125760009,-32.8,0.7423,65.8,0.7364,long_nclose,48.45512,0.026690867757895653,13.0
1665148200000.0,456802,1665148200000.0,0.1292099999999979,-0.0032512739999999997,1815.545391302001,1815.835131302001,-21.9,0.7423,43.9,0.7364,long_nclose,32.327960000000004,0.01780619760589754,10.0
1665148320000.0,456804,1665148320000.0,0.08613999999999862,-0.002167516,1815.6293637860008,1815.8227437860007,-14.6,0.7423,29.3,0.7364,long_nclose,21.576520000000002,0.011883769028172161,2.0
1665150540000.0,456841,1665150540000.0,0.05722999999999908,-0.001440062,1815.6851537240007,1815.8145137240006,-9.7,0.7423,19.6,0.7364,long_nclose,14.433440000000003,0.00794930771471958,37.0
1665150780000.0,456845,1665150780000.0,0.038349999999999385,-0.0009649899999999999,1815.7225387340006,1815.8089987340006,-6.5,0.7423,13.1,0.7364,long_nclose,9.646840000000001,0.005312948313527127,4.0
1665150960000.0,456848,1665150960000.0,0.02536999999999959,-0.000638378,1815.7472703560006,1815.7965503560006,-4.3,0.7423,8.8,0.7364,long_nclose,6.480320000000001,0.0035689548351789347,3.0
1665151080000.0,456850,1665151080000.0,0.017109999999999726,-0.00043053399999999994,1815.7639498220005,1815.8028898220005,-2.9,0.7423,5.9,0.7364,long_nclose,4.344760000000001,0.0023928000114915365,2.0
1665157440000.0,456956,1665157440000.0,0.011209999999999819,-0.000282074,1815.7748777480003,1815.7972777480004,-1.9,0.7423,4.0,0.7364,long_nclose,2.9456,0.001622227532772816,106.0
1665157620000.0,456959,1665157620000.0,0.0076699999999998774,-0.00019299800000000002,1815.7823547500002,1815.8001747500002,-1.3,0.7423,2.7,0.7364,long_nclose,1.9882800000000003,0.0010949990756319195,3.0
1665158040000.0,456966,1665158040000.0,0.005309999999999915,-0.000133614,1815.787531136,1815.7994111360001,-0.9,0.7423,1.8,0.7364,long_nclose,1.32552,0.0007299973026969312,7.0
1665158580000.0,456975,1665158580000.0,0.003539999999999943,-8.9076e-05,1815.79098206,1815.7977020600001,-0.6,0.7423,1.2,0.7364,long_nclose,0.88368,0.0004866639435544901,9.0
1665158760000.0,456978,1665158760000.0,0.0023599999999999624,-5.9384000000000006e-05,1815.793282676,1815.797762676,-0.4,0.7423,0.8,0.7364,long_nclose,0.5891200000000001,0.00032444221796645964,3.0
1665158880000.0,456980,1665158880000.0,0.0011799999999999812,-2.9692000000000003e-05,1815.794432984,1815.798392984,-0.2,0.7423,0.6,0.7364,long_nclose,0.44184,0.0002433315093239375,2.0
1665159000000.0,456982,1665159000000.0,0.0011799999999999812,-2.9692000000000003e-05,1815.795583292,1815.7982232919999,-0.2,0.7423,0.4,0.7364,long_nclose,0.29456000000000004,0.0001622209034488171,2.0
1665159420000.0,456989,1665159420000.0,0.0005899999999999906,-1.4846000000000002e-05,1815.796158446,1815.798138446,-0.1,0.7423,0.3,0.7364,long_nclose,0.22092,0.00012166563904897145,7.0
1665159600000.0,456992,1665159600000.0,0.0005899999999999906,-1.4846000000000002e-05,1815.7967336,1815.7978535999998,-0.1,0.7423,0.2,0.7364,long_nclose,0.14728000000000002,8.111040034090302e-05,3.0
1665159660000.0,456993,1665159660000.0,0.0005899999999999906,-1.4846000000000002e-05,1815.797308754,1815.7978687539999,-0.1,0.7423,0.1,0.7364,long_nclose,0.07364000000000001,4.0555187324587334e-05,1.0
1665163680000.0,457060,1665163680000.0,0.0005899999999999906,-1.4846000000000002e-05,1815.797883908,1815.797883908,-0.1,0.7423,0.0,0.7364,long_nclose,0.0,0.0,67.0
1665390360000.0,460838,1665390360000.0,0.0,-0.014520576,1815.783363332,1815.742483332,102.2,0.7104,102.2,0.7104,long_ientry_normal,72.60288,0.039984329334735294,3778.0
1665391380000.0,460855,1665391380000.0,0.19379999999999753,-0.004869480000000001,1815.972293852,1816.0132138519998,-34.0,0.7161,68.2,0.7104,long_nclose,48.44928,0.026679525983973284,17.0
1665391440000.0,460856,1665391440000.0,0.12938999999999834,-0.003251094,1816.098432758,1816.216732758,-22.7,0.7161,45.5,0.7104,long_nclose,32.3232,0.01779815422829956,1.0
1665439620000.0,461659,1665439620000.0,0.0,-0.008253022,1816.090179736,1814.806269736,59.9,0.6889,105.4,0.6981813092979126,long_ientry_partial,73.58830999999999,0.04052018496718997,803.0
1665439620000.0,461659,1665439620000.0,0.0,-0.014529072,1816.075650664,1815.411180664,106.8,0.6802,212.2,0.6891313383600377,long_rentry,146.23367,0.08052179431321241,0.0
1665439620000.0,461659,1665439620000.0,0.0,-0.014660915999999998,1816.060989748,1817.620539748,110.1,0.6658,322.3,0.681161185231151,long_rentry,219.53824999999998,0.1208870468774639,0.0
1665439620000.0,461659,1665439620000.0,0.0,-0.02180655,1816.039183198,1823.196583198,167.1,0.6525,489.4,0.6713751532488762,long_rentry,328.57099999999997,0.18092726359647954,0.0
1665439680000.0,461660,1665439680000.0,8.576659999999967,-0.067429532,1824.548413666,1824.548413666,-489.4,0.6889,0.0,0.6713751532488762,long_nclose,0.0,0.0,1.0
1665446520000.0,461774,1665446520000.0,0.0,-0.014601695999999999,1824.53381197,1824.57653197,106.8,0.6836,106.8,0.6836,long_ientry_normal,73.00847999999999,0.04001486819319106,114.0
1665446880000.0,461780,1665446880000.0,0.0,-0.01459872,1824.51921325,1823.50513325,109.6,0.666,216.4,0.6746861367837338,long_rentry,146.00208,0.08002222116363894,6.0
1665448740000.0,461811,1665448740000.0,0.3903395378927963,-0.009807042,1824.8997457458927,1825.6665362079998,-72.1,0.6801,144.3,0.6746861367837338,long_nclose,97.3572095378928,0.053349346869517984,31.0
1665449040000.0,461816,1665449040000.0,0.26040682070240645,-0.006542562000000001,1825.153610004595,1825.6648036459999,-48.1,0.6801,96.2,0.6746861367837338,long_nclose,64.9048063585952,0.035561284268249505,5.0
1665449100000.0,461817,1665449100000.0,0.17324362292051987,-0.0043526400000000005,1825.3225009875157,1825.663651006,-32.0,0.6801,64.2,0.6746861367837338,long_nclose,43.314849981515714,0.02372997098215904,1.0
1665449160000.0,461818,1665449160000.0,0.0,-0.00588447,1825.3166165175157,1825.5719165360001,43.3,0.6795,107.5,0.6766251161071228,long_ientry_partial,72.7371999815157,0.03984908663149603,1.0
1665450360000.0,461838,1665450360000.0,0.19600084336500384,-0.004883836000000001,1825.5077335248807,1825.8931127,-35.8,0.6821,71.7,0.6766251161071228,long_nclose,48.51402082488071,0.026575631499081508,20.0
1665450420000.0,461839,1665450420000.0,0.13084972503976514,-0.003260438,1825.6353228119203,1825.8922422619999,-23.9,0.6821,47.8,0.6766251161071228,long_nclose,32.342680549920466,0.017715849461164515,1.0
1665450480000.0,461840,1665450480000.0,0.08705065389674753,-0.002169078,1825.7202043878171,1825.923563184,-15.9,0.6821,31.9,0.6766251161071228,long_nclose,21.584341203817218,0.01182237078383797,1.0
1665450720000.0,461844,1665450720000.0,0.058033769264498346,-0.0014460520000000002,1825.7767921050818,1825.9338771320001,-10.6,0.6821,21.3,0.6766251161071228,long_nclose,14.412114973081717,0.007893689434218766,4.0
1665451020000.0,461849,1665451020000.0,0.03887167563942814,-0.0009685820000000001,1825.8146951987212,1825.90521855,-7.1,0.6821,14.2,0.6766251161071228,long_nclose,9.608076648721143,0.005262350376512554,5.0
1665451740000.0,461861,1665451740000.0,0.025731954296522853,-0.0006411740000000001,1825.8397859790177,1825.909847376,-4.7,0.6821,9.5,0.6766251161071228,long_nclose,6.427938603017667,0.003520538139424428,12.0
1665451920000.0,461864,1665451920000.0,0.01697214006791933,-0.00042290200000000007,1825.8563352170856,1825.890734474,-3.1,0.6821,6.4,0.6766251161071228,long_nclose,4.330400743085586,0.0023717094601370826,3.0
1665454920000.0,461914,1665454920000.0,0.011497256175042126,-0.00028648200000000007,1825.8675459912606,1825.894957992,-2.1,0.6821,4.3,0.6766251161071228,long_nclose,2.909487999260628,0.0015934825095327884,50.0
1665459300000.0,461987,1665459300000.0,0.024307256175042116,-0.0002890440000000001,1825.8915642034356,1825.9165889479998,-2.1,0.6882,2.2,0.6766251161071228,long_nclose,1.4885752554356704,0.0008152593968991127,73.0
1665460860000.0,462013,1665460860000.0,0.012732372282164917,-0.00015140400000000003,1825.9041451717178,1825.916657544,-1.1,0.6882,1.1,0.6766251161071228,long_nclose,0.7442876277178352,0.00040762688977182774,26.0
1665461100000.0,462017,1665461100000.0,0.0057874419464385984,-6.882000000000001e-05,1825.9098637936643,1825.917288724,-0.5,0.6882,0.6,0.6766251161071228,long_nclose,0.4059750696642737,0.0002223412435161425,4.0
1665461220000.0,462019,1665461220000.0,0.003472465167863159,-4.1292000000000004e-05,1825.913294966832,1825.9170074319998,-0.3,0.6882,0.3,0.6766251161071228,long_nclose,0.20298753483213686,0.00011117041285129816,2.0
1665462060000.0,462033,1665462060000.0,0.0011574883892877198,-1.3764000000000002e-05,1825.9144386912212,1825.9169136679998,-0.1,0.6882,0.2,0.6766251161071228,long_nclose,0.13532502322142456,7.411356214392105e-05,14.0
1665465420000.0,462089,1665465420000.0,0.0011574883892877198,-1.3764000000000002e-05,1825.9155824156105,1825.9168199039998,-0.1,0.6882,0.1,0.6766251161071228,long_nclose,0.06766251161071228,3.7056757860184086e-05,56.0
1665466080000.0,462100,1665466080000.0,0.0011574883892877198,-1.3764000000000002e-05,1825.9167261399998,1825.9167261399998,-0.1,0.6882,0.0,0.6766251161071228,long_nclose,0.0,0.0,11.0
1665577800000.0,463962,1665577800000.0,0.0,-0.014609680000000002,1825.90211646,1826.50491646,109.6,0.6665,109.6,0.6665,long_ientry_normal,73.0484,0.04000674479835966,1862.0
1665578100000.0,463967,1665578100000.0,0.1971000000000026,-0.00490487,1826.09431159,1826.35016159,-36.5,0.6719,73.1,0.6665,long_nclose,48.721149999999994,0.02668052229875135,5.0
1665578400000.0,463972,1665578400000.0,0.13122000000000175,-0.0032654340000000007,1826.222266156,1826.4906661559999,-24.3,0.6719,48.8,0.6665,long_nclose,32.5252,0.017810099352507634,5.0
1665578580000.0,463975,1665578580000.0,0.27815999999999913,-0.003308152,1826.497118004,1826.728918004,-24.4,0.6779,24.4,0.6665,long_nclose,16.2626,0.008903709641640061,3.0
1665580020000.0,463999,1665580020000.0,0.04374000000000058,-0.0010884780000000001,1826.539769526,1826.613119526,-8.1,0.6719,16.3,0.6665,long_nclose,10.86395,0.005947831074501746,24.0
1665580080000.0,464000,1665580080000.0,0.029160000000000387,-0.0007256520000000001,1826.5682038740001,1826.6281538740002,-5.4,0.6719,10.9,0.6665,long_nclose,7.26485,0.0039773220537792425,1.0
1665580680000.0,464010,1665580680000.0,0.01944000000000026,-0.0004837680000000001,1826.587160106,1826.634610106,-3.6,0.6719,7.3,0.6665,long_nclose,4.86545,0.0026636834563742635,10.0
1665581700000.0,464027,1665581700000.0,0.012960000000000171,-0.000322512,1826.5997975940002,1826.6316475940002,-2.4,0.6719,4.9,0.6665,long_nclose,3.2658500000000004,0.0017879395389738806,17.0
1665582300000.0,464037,1665582300000.0,0.027359999999999916,-0.000325392,1826.6268322020003,1826.6505822020004,-2.4,0.6779,2.5,0.6665,long_nclose,1.66625,0.0009122005494638082,10.0
1665584580000.0,464075,1665584580000.0,0.004320000000000057,-0.00010750400000000003,1826.6310446980003,1826.6403946980004,-0.8,0.6719,1.7,0.6665,long_nclose,1.13305,0.0006202949431352344,38.0
1665585900000.0,464097,1665585900000.0,0.0027000000000000357,-6.719000000000001e-05,1826.6336775080003,1826.6402775080003,-0.5,0.6719,1.2,0.6665,long_nclose,0.7998,0.000437854622877168,22.0
1665586380000.0,464105,1665586380000.0,0.0021600000000000287,-5.375200000000002e-05,1826.6357837560004,1826.6409837560004,-0.4,0.6719,0.8,0.6665,long_nclose,0.5332,0.0002919027453319748,8.0
1665627300000.0,464787,1665627300000.0,0.0,-0.014503498,1826.6212802580003,1826.7297902580003,112.1,0.6469,112.9,0.6470388839681133,long_ientry_partial,73.05068999999999,0.03999224731997099,682.0
1665636540000.0,464941,1665636540000.0,0.1978179627989409,-0.004905296,1826.8141929247993,1827.1877649620003,-37.6,0.6523,75.3,0.6470388839681133,long_nclose,48.722027962798926,0.026670489068619015,154.0
1665637020000.0,464949,1665637020000.0,0.13205401240035683,-0.003274546,1826.9429723911996,1827.2422204160005,-25.1,0.6523,50.2,0.6470388839681133,long_nclose,32.48135197519929,0.017779072727533457,8.0
1665640020000.0,464999,1665640020000.0,0.08786063773250831,-0.002178682,1827.0286543469322,1827.2283517340004,-16.7,0.6523,33.5,0.6470388839681133,long_nclose,21.675802612931793,0.011863964235787953,50.0
1665640200000.0,465002,1665640200000.0,0.05839838795394265,-0.001448106,1827.0856046288861,1827.2191336280005,-11.1,0.6523,22.4,0.6470388839681133,long_nclose,14.493671000885737,0.007932672100402029,3.0
1665643200000.0,465052,1665643200000.0,0.0,-0.011764368000000002,1827.073840260886,1827.1155292600004,92.4,0.6366,114.8,0.6386368554084123,long_ientry_partial,73.31551100088573,0.0401272840677403,50.0
1665644640000.0,465076,1665644640000.0,0.0,-0.0146217,1827.0592185608862,1827.4488075600004,117.5,0.6222,232.3,0.6303229057291679,long_rentry,146.4240110008857,0.08014190756018244,24.0
1665656520000.0,465274,1665656520000.0,0.0,-0.014676900000000001,1827.0445416608861,1822.4440306600004,120.5,0.609,352.8,0.6230399971680434,long_rentry,219.80851100088572,0.12030823879152253,198.0
1665657060000.0,465283,1665657060000.0,0.0,-0.02184654,1827.022695120886,1819.4614841200003,183.0,0.5969,535.8,0.6141120026145683,long_rentry,329.0412110008857,0.1800969478264278,9.0
1665659280000.0,465320,1665659280000.0,0.8908563330380932,-0.022114252,1827.8914372019242,1829.6374298680005,-178.6,0.6191,357.2,0.6141120026145683,long_nclose,219.3608073339238,0.1200075687589598,37.0
1665659640000.0,465326,1665659640000.0,0.5935716888663667,-0.01473458,1828.4702743107905,1829.8727952880004,-119.0,0.6191,238.2,0.6141120026145683,long_nclose,146.28147902279017,0.08000210945618373,6.0
1665661200000.0,465352,1665661200000.0,1.249120488604917,-0.014877972,1829.7045168273953,1831.3585773160003,-119.1,0.6246,119.1,0.6141120026145683,long_nclose,73.14073951139508,0.03997407168137564,26.0
1665661320000.0,465354,1665661320000.0,1.904170488604911,-0.015008982,1831.5936783340003,1831.5936783340003,-119.1,0.6301,0.0,0.6141120026145683,long_nclose,0.0,0.0,2.0
1665664200000.0,465402,1665664200000.0,0.0,-0.01465548,1831.5790228540002,1831.5551228540003,119.5,0.6132,119.5,0.6132,long_ientry_normal,73.2774,0.04000777421321293,48.0
1665664860000.0,465413,1665664860000.0,0.19900000000000015,-0.004920872,1831.7731019820003,1832.3150619820003,-39.8,0.6182,79.7,0.6132,long_nclose,48.87204,0.026680182139982224,11.0
1665665280000.0,465420,1665665280000.0,0.13250000000000012,-0.00327646,1831.9023255220002,1832.2640855220002,-26.5,0.6182,53.2,0.6132,long_nclose,32.62224,0.017807849002377512,7.0
1665665460000.0,465423,1665665460000.0,0.2793000000000017,-0.0033180840000000007,1832.178307438,1832.465587438,-26.6,0.6237,26.6,0.6132,long_nclose,16.31112,0.008902583298679274,3.0
1665665580000.0,465425,1665665580000.0,0.13965000000000086,-0.0016590420000000003,1832.316298396,1832.4732383960002,-13.3,0.6237,13.3,0.6132,long_nclose,8.15556,0.004450956424466307,2.0
1665666840000.0,465446,1665666840000.0,0.06930000000000043,-0.000823284,1832.3847751120002,1832.457135112,-6.6,0.6237,6.7,0.6132,long_nclose,4.10844,0.002242127339084053,21.0
1665667200000.0,465452,1665667200000.0,0.034650000000000215,-0.000411642,1832.4190134700002,1832.4523334700002,-3.3,0.6237,3.4,0.6132,long_nclose,2.0848799999999996,0.0011377747036426572,6.0
1665668040000.0,465466,1665668040000.0,0.01785000000000011,-0.000212058,1832.4366514120002,1832.4550114120002,-1.7,0.6237,1.7,0.6132,long_nclose,1.0424399999999998,0.0005688818760510703,14.0
1665668280000.0,465470,1665668280000.0,0.008400000000000052,-9.979200000000002e-05,1832.4449516200002,1832.4555716200002,-0.8,0.6237,0.9,0.6132,long_nclose,0.55188,0.0003011713937229614,4.0
1665668880000.0,465480,1665668880000.0,0.014400000000000013,-0.000113256,1832.4592383640002,1832.4592383640002,-0.9,0.6292,0.0,0.6132,long_nclose,0.0,0.0,10.0
1665756840000.0,466946,1665756840000.0,0.0,-0.014659242000000001,1832.444579122,1832.248569122,115.3,0.6357,115.3,0.6357,long_ientry_normal,73.29621,0.03999914149388313,1466.0
1665757860000.0,466963,1665757860000.0,0.19583999999999974,-0.004921344,1832.6354977780002,1833.0430677780002,-38.4,0.6408,76.9,0.6357,long_nclose,48.88533000000001,0.026674878915786356,17.0
1665759600000.0,466992,1665759600000.0,0.13055999999999984,-0.0032808960000000006,1832.7627768820003,1833.0346668820002,-25.6,0.6408,51.3,0.6357,long_nclose,32.61141,0.017793579404466287,29.0
1665759960000.0,466998,1665759960000.0,0.0872099999999999,-0.0021915360000000004,1832.847795346,1833.0290553460002,-17.1,0.6408,34.2,0.6357,long_nclose,21.740940000000002,0.01186183602108423,6.0
1665763860000.0,467063,1665763860000.0,0.0,-0.010355556,1832.8374397900002,1832.5343197900002,82.2,0.6299,116.4,0.6316041237113402,long_ientry_partial,73.51872,0.04011196978190467,65.0
1665765480000.0,467090,1665765480000.0,0.1977200000000009,-0.004940792,1833.030218998,1833.448938998,-38.8,0.6367,77.6,0.6316041237113402,long_nclose,49.01248,0.026738500812491774,27.0
1665765660000.0,467093,1665765660000.0,0.1314736082474233,-0.0032853720000000004,1833.1584072342475,1833.4379136260002,-25.8,0.6367,51.8,0.6316041237113402,long_nclose,32.717093608247424,0.017847390317789768,3.0
1665768720000.0,467144,1665768720000.0,0.08764907216494885,-0.002190248,1833.2438660584126,1833.3959633780003,-17.2,0.6367,34.6,0.6316041237113402,long_nclose,21.853502680412372,0.011920674103985278,51.0
1665768840000.0,467146,1665768840000.0,0.0586025773195879,-0.0014644100000000002,1833.3010042257322,1833.4487489680002,-11.5,0.6367,23.1,0.6316041237113402,long_nclose,14.59005525773196,0.007958352296814377,2.0
1665769260000.0,467153,1665769260000.0,0.039238247422680596,-0.0009805180000000003,1833.3392619551548,1833.4223584500003,-7.7,0.6367,15.4,0.6316041237113402,long_nclose,9.72670350515464,0.005305457482420166,7.0
1665769800000.0,467162,1665769800000.0,0.025988969072165066,-0.0006494340000000001,1833.364601490227,1833.4201790160002,-5.1,0.6367,10.3,0.6316041237113402,long_nclose,6.5055224742268045,0.0035484062847831108,9.0
1665770040000.0,467166,1665770040000.0,0.01732597938144338,-0.000432956,1833.3814945136085,1833.4187260600002,-3.4,0.6367,6.9,0.6316041237113402,long_nclose,4.358068453608248,0.0023770658025346943,4.0
1665948720000.0,470144,1665948720000.0,0.011720515463917579,-0.000292882,1833.3929221470723,1833.4177431780001,-2.3,0.6367,4.6,0.6316041237113402,long_nclose,2.905378969072165,0.0015847006574399218,2978.0
1665950520000.0,470174,1665950520000.0,0.024830515463917412,-0.000295504,1833.4174571585363,1833.4436676740002,-2.3,0.6424,2.3,0.6316041237113402,long_nclose,1.4526894845360825,0.0007923397253931938,30.0
1665951600000.0,470192,1665951600000.0,0.003567113402061872,-8.9138e-05,1833.4209351339384,1833.4295685360003,-0.7,0.6367,1.6,0.6316041237113402,long_nclose,1.0105665979381444,0.000551191806841847,18.0
1665952380000.0,470205,1665952380000.0,0.0025479381443299087,-6.367e-05,1833.4234194020828,1833.4293548660003,-0.5,0.6367,1.1,0.6316041237113402,long_nclose,0.6947645360824743,0.0003789438537384078,13.0
1665960480000.0,470340,1665960480000.0,0.0015287628865979451,-3.8202000000000005e-05,1833.4249099629694,1833.4292266640005,-0.3,0.6367,0.8,0.6316041237113402,long_nclose,0.5052832989690722,0.0002755953059344425,135.0
1665960960000.0,470348,1665960960000.0,0.0010191752577319636,-2.5468000000000004e-05,1833.425903670227,1833.429141196,-0.2,0.6367,0.6,0.6316041237113402,long_nclose,0.3789624742268041,0.00020669636742242026,8.0
1665992880000.0,470880,1665992880000.0,0.0010191752577319636,-2.5468000000000004e-05,1833.4268973774845,1833.428655728,-0.2,0.6367,0.4,0.6316041237113402,long_nclose,0.2526416494845361,0.00013779750359608676,532.0
1665993000000.0,470882,1665993000000.0,0.0005095876288659818,-1.2734000000000002e-05,1833.4273942311133,1833.429012994,-0.1,0.6367,0.3,0.6316041237113402,long_nclose,0.18948123711340206,0.00010334809969001529,2.0
1665993180000.0,470885,1665993180000.0,0.0005095876288659818,-1.2734000000000002e-05,1833.4278910847422,1833.42897026,-0.1,0.6367,0.2,0.6316041237113402,long_nclose,0.12632082474226805,6.889871445532047e-05,3.0
1666001280000.0,471020,1666001280000.0,0.0005095876288659818,-1.2734000000000002e-05,1833.428387938371,1833.428927526,-0.1,0.6367,0.1,0.6316041237113402,long_nclose,0.06316041237113403,3.44493478919871e-05,135.0
1666001580000.0,471025,1666001580000.0,0.0005095876288659818,-1.2734000000000002e-05,1833.428884792,1833.428884792,-0.1,0.6367,0.0,0.6316041237113402,long_nclose,0.0,0.0,5.0
1666086000000.0,472432,1666086000000.0,0.0,-0.014664198000000003,1833.414220594,1833.4498305939999,118.7,0.6177,118.7,0.6177,long_ientry_normal,73.32099000000001,0.03999150283466497,1407.0
1666088580000.0,472475,1666088580000.0,0.19750000000000018,-0.00491933,1833.606801264,1834.026561264,-39.5,0.6227,79.2,0.6177,long_nclose,48.92184,0.026680660197309285,43.0
1666089360000.0,472488,1666089360000.0,0.13200000000000012,-0.003287856,1833.735513408,1834.120953408,-26.4,0.6227,52.8,0.6177,long_nclose,32.61456,0.017785858299371533,13.0
1666091280000.0,472520,1666091280000.0,0.2798399999999985,-0.003317424,1834.012035984,1834.3103559840001,-26.4,0.6283,26.4,0.6177,long_nclose,16.30728,0.00889158832114789,32.0
1666091580000.0,472525,1666091580000.0,0.13991999999999924,-0.001658712,1834.150297272,1834.339057272,-13.2,0.6283,13.2,0.6177,long_nclose,8.15364,0.004445459029244883,5.0
1666094940000.0,472581,1666094940000.0,0.21252000000000004,-0.0016732320000000002,1834.36114404,1834.36114404,-13.2,0.6338,0.0,0.6177,long_nclose,0.0,0.0,56.0
1666118760000.0,472978,1666118760000.0,0.0,-0.014679744000000003,1834.346464296,1834.516144296,121.2,0.6056,121.2,0.6056,long_ientry_normal,73.39872000000001,0.04001355328921985,397.0
1666121460000.0,473023,1666121460000.0,0.1979600000000006,-0.004932840000000001,1834.539491456,1834.975811456,-40.4,0.6105,80.8,0.6056,long_nclose,48.93248,0.02667289542029115,45.0
1666123440000.0,473056,1666123440000.0,0.4201599999999986,-0.00497728,1834.9546741759998,1835.4556341759999,-40.4,0.616,40.4,0.6056,long_nclose,24.46624,0.013333430162784128,33.0
1666123560000.0,473058,1666123560000.0,0.2100799999999993,-0.00248864,1835.162265536,1835.392545536,-20.2,0.616,20.2,0.6056,long_nclose,12.23312,0.006665960950557713,2.0
1666124100000.0,473067,1666124100000.0,0.10503999999999965,-0.00124432,1835.2660612159998,1835.3913012159999,-10.1,0.616,10.1,0.6056,long_nclose,6.11656,0.003332791974558351,9.0
1666125720000.0,473094,1666125720000.0,0.15957999999999925,-0.001255228,1835.4243859879998,1835.4243859879998,-10.1,0.6214,0.0,0.6056,long_nclose,0.0,0.0,27.0
1666161720000.0,473694,1666161720000.0,0.0,-0.014680371999999997,1835.4097056159999,1835.5218456159998,124.6,0.5891,124.6,0.5891,long_ientry_normal,73.40185999999999,0.03999208447868857,600.0
1666162320000.0,473704,1666162320000.0,0.1992000000000011,-0.004929370000000001,1835.603976246,1836.011166246,-41.5,0.5939,83.1,0.5891,long_nclose,48.954209999999996,0.026669265611483594,10.0
1666162740000.0,473711,1666162740000.0,0.13296000000000072,-0.003290206,1835.73364604,1836.0051060399999,-27.7,0.5939,55.4,0.5891,long_nclose,32.63614,0.017778254525323913,7.0
1666163340000.0,473721,1666163340000.0,0.08832000000000048,-0.002185552,1835.819780488,1836.001080488,-18.4,0.5939,37.0,0.5891,long_nclose,21.796699999999998,0.011873006398376408,10.0
1666165020000.0,473749,1666165020000.0,0.05904000000000033,-0.001460994,1835.8773594940003,1835.9983894940003,-12.3,0.5939,24.7,0.5891,long_nclose,14.550769999999998,0.00792578541521447,28.0
1666169160000.0,473818,1666169160000.0,0.039360000000000214,-0.0009739959999999999,1835.9157454980002,1835.9965954980003,-8.2,0.5939,16.5,0.5891,long_nclose,9.720149999999999,0.005294442309695081,69.0
1666169280000.0,473820,1666169280000.0,0.026400000000000146,-0.0006532900000000001,1835.9414922080002,1835.9953922080003,-5.5,0.5939,11.0,0.5891,long_nclose,6.480099999999999,0.003529578707983057,2.0
1666173180000.0,473885,1666173180000.0,0.05554999999999999,-0.00065912,1835.9963830880004,1836.0508330880004,-5.5,0.5992,5.5,0.5891,long_nclose,3.2400499999999997,0.0017647365919918059,65.0
1666173420000.0,473889,1666173420000.0,0.027269999999999996,-0.000323568,1836.0233295200003,1836.0538495200003,-2.7,0.5992,2.8,0.5891,long_nclose,1.6494799999999998,0.0008983981703714139,4.0
1666176180000.0,473935,1666176180000.0,0.004320000000000024,-0.00010690200000000001,1836.0275426180003,1836.0349526180003,-0.9,0.5939,1.9,0.5891,long_nclose,1.11929,0.0006096259309944769,46.0
1666176600000.0,473942,1666176600000.0,0.002880000000000016,-7.1268e-05,1836.0303513500003,1836.0367213500003,-0.6,0.5939,1.3,0.5891,long_nclose,0.76583,0.00041711184100900014,7.0
1666184280000.0,474070,1666184280000.0,0.0019200000000000107,-4.7512e-05,1836.0322238380002,1836.0366338380002,-0.4,0.5939,0.9,0.5891,long_nclose,0.5301899999999999,0.00028876944157968143,128.0
1666186320000.0,474104,1666186320000.0,0.001440000000000008,-3.5634e-05,1836.0336282040003,1836.0365682040003,-0.3,0.5939,0.6,0.5891,long_nclose,0.35345999999999994,0.00019251281380164748,34.0
1666187220000.0,474119,1666187220000.0,0.0009600000000000053,-2.3756e-05,1836.0345644480003,1836.0361244480002,-0.2,0.5939,0.4,0.5891,long_nclose,0.23564,0.00012834181042274911,15.0
1666188840000.0,474146,1666188840000.0,0.00048000000000000267,-1.1878e-05,1836.0350325700003,1836.0365025700003,-0.1,0.5939,0.3,0.5891,long_nclose,0.17672999999999997,9.625633327519964e-05,27.0
1666192260000.0,474203,1666192260000.0,0.00048000000000000267,-1.1878e-05,1836.0355006920004,1836.0364806920004,-0.1,0.5939,0.2,0.5891,long_nclose,0.11782,6.417087248889998e-05,57.0
1666193880000.0,474230,1666193880000.0,0.00048000000000000267,-1.1878e-05,1836.0359688140004,1836.0364588140003,-0.1,0.5939,0.1,0.5891,long_nclose,0.05891,3.2085428063837606e-05,27.0
1666195440000.0,474256,1666195440000.0,0.00048000000000000267,-1.1878e-05,1836.0364369360004,1836.0364369360004,-0.1,0.5939,0.0,0.5891,long_nclose,0.0,0.0,26.0
1666219020000.0,474649,1666219020000.0,0.0,-0.014692965999999998,1836.0217439700004,1833.8449139700006,127.3,0.5771,127.3,0.5771,long_ientry_normal,73.46482999999999,0.040013050085751255,393.0
1666219020000.0,474649,1666219020000.0,0.0,-0.014687276,1836.0070566940005,1833.5298466940005,130.6,0.5623,257.9,0.569605312136487,long_rentry,146.90121,0.08001124476314221,0.0
1666219080000.0,474650,1666219080000.0,0.3946836874757689,-0.009864756000000002,1836.3918756254761,1837.8357619380004,-85.9,0.5742,172.0,0.569605312136487,long_nclose,97.97211368747577,0.05335033060637257,1.0
1666219260000.0,474653,1666219260000.0,0.2632756145792963,-0.006580332,1836.6485709080553,1837.3820416060003,-57.3,0.5742,114.7,0.569605312136487,long_nclose,65.33372930205506,0.035572253906882956,3.0
1666219380000.0,474655,1666219380000.0,0.17551707638619757,-0.004386888,1836.8197010964413,1837.079394718,-38.2,0.5742,76.5,0.569605312136487,long_nclose,43.57480637844126,0.02372296331122234,2.0
1666219500000.0,474657,1666219500000.0,0.0,-0.00592482,1836.8137762764413,1836.945269898,51.7,0.573,128.2,0.5709743087241909,long_ientry_partial,73.19890637844127,0.0398510220926309,2.0
1666219680000.0,474660,1666219680000.0,0.1975170174770503,-0.004915624,1837.0063776699185,1837.4360742740002,-42.7,0.5756,85.5,0.5709743087241909,long_nclose,48.81830339591832,0.026574923195334825,3.0
1666219740000.0,474661,1666219740000.0,0.0,-0.00484992,1837.0015277499185,1837.4312243540003,42.1,0.576,127.6,0.5726324717548458,long_ientry_partial,73.06790339591832,0.039775635617144395,1.0
1666220100000.0,474667,1666220100000.0,0.19836995041905614,-0.0049070500000000005,1837.1949906503376,1837.4815673040002,-42.5,0.5773,85.1,0.5726324717548458,long_nclose,48.73102334633737,0.026524687686573418,6.0
1666220520000.0,474674,1666220520000.0,0.0,-0.00490326,1837.1900873903376,1837.6256640440001,42.6,0.5755,127.7,0.5735890630096897,long_ientry_partial,73.24732334633738,0.03986921323442506,7.0
1666220580000.0,474675,1666220580000.0,0.1959648220881896,-0.004914700000000001,1837.3811375124258,1837.7569493440003,-42.5,0.5782,85.2,0.5735890630096897,long_nclose,48.869788168425565,0.026597523600677037,1.0
1666221000000.0,474682,1666221000000.0,0.13095061052481374,-0.003284176,1837.5088039469506,1837.8161451680003,-28.4,0.5782,56.8,0.5735890630096897,long_nclose,32.579858778950374,0.017730450438642343,7.0
1666221300000.0,474687,1666221300000.0,0.08714670911686549,-0.002185596,1837.5937650600677,1837.7988395720004,-18.9,0.5782,37.9,0.5735890630096897,long_nclose,21.739025488067238,0.011830158493902284,5.0
1666221480000.0,474690,1666221480000.0,0.0,-0.0103446,1837.5834204600676,1837.6638949720004,90.0,0.5747,127.9,0.5743708013140518,long_ientry_partial,73.46202548806723,0.03997751866398254,3.0
1666224600000.0,474742,1666224600000.0,0.19720386402139045,-0.00493308,1837.775691244089,1838.1705618920005,-42.6,0.579,85.3,0.5743708013140518,long_nclose,48.99382935208862,0.02665930863353735,52.0
1666224720000.0,474744,1666224720000.0,0.13146924268092697,-0.0032887199999999993,1837.90387176677,1838.2241731720003,-28.4,0.579,56.9,0.5743708013140518,long_nclose,32.68169859476955,0.01778205002819476,2.0
1666225020000.0,474749,1666225020000.0,0.08749185516441971,-0.0021886199999999996,1837.9891750019344,1838.2030845520005,-18.9,0.579,38.0,0.5743708013140518,long_nclose,21.826090449933968,0.011874983131993144,5.0
1666225380000.0,474755,1666225380000.0,0.05832790344294647,-0.00145908,1838.0460438253774,1838.1636254720006,-12.6,0.579,25.4,0.5743708013140518,long_nclose,14.589018353376916,0.007937243140554828,6.0
1666225800000.0,474762,1666225800000.0,0.038885268961964314,-0.00097272,1838.0839563743396,1838.1966527520008,-8.4,0.579,17.0,0.5743708013140518,long_nclose,9.76430362233888,0.005312218513456361,7.0
1666226700000.0,474777,1666226700000.0,0.0,-0.012765323999999998,1838.0711910503396,1837.8962674280008,111.8,0.5709,128.8,0.5713581026579104,long_ientry_partial,73.59092362233886,0.040037036639634385,15.0
1666228620000.0,474809,1666228620000.0,0.1991373959756408,-0.00494208,1838.2653863663152,1838.7500253480007,-42.9,0.576,85.9,0.5713581026579104,long_nclose,49.07966101831451,0.026698898528100937,32.0
1666229220000.0,474819,1666229220000.0,0.13275826398376053,-0.0032947200000000005,1838.394849910299,1838.7181306280006,-28.6,0.576,57.3,0.5713581026579104,long_nclose,32.738819282298266,0.017808371952247198,10.0
1666230540000.0,474841,1666230540000.0,0.08866023923391002,-0.00220032,1838.4813098295328,1838.6968303080007,-19.1,0.576,38.2,0.5713581026579104,long_nclose,21.82587952153218,0.011871689641248467,22.0
1666231680000.0,474860,1666231680000.0,0.05895209624453702,-0.0014630399999999999,1838.5387988857774,1838.7081672680006,-12.7,0.576,25.5,0.5713581026579104,long_nclose,14.569631617776716,0.007924571201111693,19.0
1666235040000.0,474916,1666235040000.0,0.12372209624453694,-0.001475994,1838.661044988022,1838.7844612740007,-12.7,0.5811,12.8,0.5713581026579104,long_nclose,7.313383714021254,0.003977559503942662,56.0
1666239480000.0,474990,1666239480000.0,0.06234814298937295,-0.000743808,1838.7226493230114,1838.8163574660007,-6.4,0.5811,6.4,0.5713581026579104,long_nclose,3.656691857010627,0.001988713120141835,74.0
1666239840000.0,474996,1666239840000.0,0.09562814298937355,-0.0007504640000000002,1838.8175270020008,1838.8175270020008,-6.4,0.5863,0.0,0.5713581026579104,long_nclose,0.0,0.0,6.0
1666289340000.0,475821,1666289340000.0,0.0,-0.014709267999999998,1838.8028177340009,1838.301277734001,128.6,0.5719,128.6,0.5719,long_ientry_normal,73.54633999999999,0.039996860615339296,825.0
1666291980000.0,475865,1666291980000.0,0.19688000000000205,-0.00493484,1838.9947628940008,1839.4323428940008,-42.8,0.5765,85.8,0.5719,long_nclose,49.069019999999995,0.026682522968570477,44.0
1666295580000.0,475925,1666295580000.0,0.1315600000000014,-0.00329758,1839.1230253140009,1839.4147453140008,-28.6,0.5765,57.2,0.5719,long_nclose,32.71268,0.017787108067126085,60.0
1666297860000.0,475963,1666297860000.0,0.0,-0.008234002,1839.1147913120008,1838.4957013120008,72.7,0.5663,129.9,0.5687658968437259,long_ientry_partial,73.88269,0.04017296274763417,38.0
1666311780000.0,476195,1666311780000.0,0.0,-0.014716896000000004,1839.1000744160008,1837.4314044160008,132.8,0.5541,262.7,0.5613519984773507,long_rentry,147.46717000000004,0.08018441848349535,232.0
1666313640000.0,476226,1666313640000.0,0.3979501332318072,-0.00990325,1839.4881212992327,1840.3024511660008,-87.5,0.5659,175.2,0.5613519984773507,long_nclose,98.34887013323184,0.05346534668773393,31.0
1666314180000.0,476235,1666314180000.0,0.26560328892271473,-0.006609711999999999,1839.7471148761554,1840.2900014540007,-58.4,0.5659,116.8,0.5613519984773507,long_nclose,65.56591342215457,0.035638546674154295,9.0
1666317360000.0,476288,1666317360000.0,0.17691725923105486,-0.004402702,1839.9196294333863,1840.2817087520007,-38.9,0.5659,77.9,0.5613519984773507,long_nclose,43.72932068138562,0.023766973286138762,53.0
1666317780000.0,476295,1666317780000.0,0.11779323943661493,-0.002931362,1840.034491310823,1840.2241873900007,-25.9,0.5659,52.0,0.5613519984773507,long_nclose,29.190303920822238,0.01586399823409144,7.0
1666318920000.0,476314,1666318920000.0,0.0786804263418316,-0.001958014,1840.1112137231648,1840.2724993760007,-17.3,0.5659,34.7,0.5613519984773507,long_nclose,19.47891434716407,0.010585726667983108,19.0
1666326360000.0,476438,1666326360000.0,0.05230201751046609,-0.00130157,1840.1622141706755,1840.270047806001,-11.5,0.5659,23.2,0.5613519984773507,long_nclose,13.023366364674537,0.0070772925693096626,124.0
1666340220000.0,476669,1666340220000.0,0.0,-0.012196799999999999,1840.1500173706754,1839.9618510060009,112.0,0.5445,135.2,0.5473917630523265,long_ientry_partial,74.00736636467454,0.04021811573298845,231.0
1666354380000.0,476905,1666354380000.0,0.0,-0.014729746,1840.1352876246754,1837.328191260001,138.1,0.5333,273.3,0.5402711173240926,long_rentry,147.6560963646745,0.0802419785967342,236.0
1666357080000.0,476950,1666357080000.0,0.3943612117751608,-0.009922612,1840.5197262244503,1841.3813286480006,-91.1,0.5446,182.2,0.5402711173240926,long_nclose,98.43739757644967,0.05348347870108364,45.0
1666357380000.0,476955,1666357380000.0,0.8407512117751622,-0.01001189,1841.3504655462255,1842.0545667580006,-91.1,0.5495,91.1,0.5402711173240926,long_nclose,49.218698788224835,0.026729674610652898,5.0
1666357440000.0,476956,1666357440000.0,0.41991416175378576,-0.00500045,1841.7653792579792,1842.2090163080006,-45.5,0.5495,45.6,0.5402711173240926,long_nclose,24.636362949978622,0.013376493676900506,1.0
1666358520000.0,476974,1666358520000.0,0.06579901667379193,-0.001655584,1841.829522690653,1841.9428807240006,-15.2,0.5446,30.4,0.5402711173240926,long_nclose,16.424241966652414,0.008917351885346541,18.0
1666358820000.0,476979,1666358820000.0,0.04372171502666437,-0.001100092,1841.8721443136799,1841.9681406320008,-10.1,0.5446,20.3,0.5402711173240926,long_nclose,10.96750368167908,0.005954541261475998,5.0
1666359000000.0,476982,1666359000000.0,0.02900351392857934,-0.0007297639999999999,1841.9004180636084,1841.9511308680007,-6.7,0.5446,13.6,0.5402711173240926,long_nclose,7.3476871956076595,0.0039891880818031895,3.0
1666359120000.0,476984,1666359120000.0,0.019479972041583138,-0.00049014,1841.91940789565,1841.9715407280007,-4.5,0.5446,9.1,0.5402711173240926,long_nclose,4.916467167649243,0.0026692086236640464,2.0
1666359420000.0,476989,1666359420000.0,0.012986648027722092,-0.00032676,1841.9320677836777,1841.9670139680006,-3.0,0.5446,6.1,0.5402711173240926,long_nclose,3.295653815676965,0.0017892374389477303,5.0
1666359840000.0,476996,1666359840000.0,0.008657765351814728,-0.00021784,1841.9405077090296,1841.9639961280009,-2.0,0.5446,4.1,0.5402711173240926,long_nclose,2.2151115810287796,0.0012025967026393772,7.0
1666360020000.0,476999,1666360020000.0,0.01845776535181476,-0.0002198,1841.9587456743814,1841.9770763280007,-2.0,0.5495,2.1,0.5402711173240926,long_nclose,1.1345693463805946,0.0006159580658605923,3.0
1666360380000.0,477005,1666360380000.0,0.00922888267590738,-0.0001099,1841.9678646570571,1841.9785664280007,-1.0,0.5495,1.1,0.5402711173240926,long_nclose,0.5942982290565019,0.0003226431038562934,6.0
1666362000000.0,477032,1666362000000.0,0.00461444133795369,-5.495e-05,1841.972424148395,1841.9782614780006,-0.5,0.5495,0.6,0.5402711173240926,long_nclose,0.32416267039445557,0.0001759867119315463,27.0
1666362420000.0,477039,1666362420000.0,0.0008657765351814729,-2.1784e-05,1841.9732681409303,1841.9755596940006,-0.2,0.5446,0.4,0.5402711173240926,long_nclose,0.21610844692963704,0.00011732442086293213,7.0
1666363020000.0,477049,1666363020000.0,0.00043288826759073644,-1.0892e-05,1841.9736901371978,1841.9751088020005,-0.1,0.5446,0.3,0.5402711173240926,long_nclose,0.16208133519722778,8.799329548792594e-05,10.0
1666364280000.0,477070,1666364280000.0,0.00043288826759073644,-1.0892e-05,1841.9741121334653,1841.9750579100005,-0.1,0.5446,0.2,0.5402711173240926,long_nclose,0.10805422346481852,5.866218355244135e-05,21.0
1666364520000.0,477074,1666364520000.0,0.00043288826759073644,-1.0892e-05,1841.9745341297328,1841.9750070180003,-0.1,0.5446,0.1,0.5402711173240926,long_nclose,0.05402711173240926,2.933108505646911e-05,4.0
1666365000000.0,477082,1666365000000.0,0.00043288826759073644,-1.0892e-05,1841.9749561260003,1841.9749561260003,-0.1,0.5446,0.0,0.5402711173240926,long_nclose,0.0,0.0,8.0
1666916460000.0,486273,1666916460000.0,0.0,-0.014732676000000002,1841.9602234500003,1842.0362434500003,126.7,0.5814,126.7,0.5814,long_ientry_normal,73.66338,0.039991840791234974,9191.0
1666916580000.0,486275,1666916580000.0,0.1983399999999969,-0.004946684,1842.1536167660001,1842.7113167660002,-42.2,0.5861,84.5,0.5814,long_nclose,49.1283,0.02666894853549042,2.0
1666918020000.0,486299,1666918020000.0,0.4177800000000009,-0.004990572000000001,1842.5664061940001,1843.0147861940002,-42.2,0.5913,42.3,0.5814,long_nclose,24.59322,0.013347263858348358,24.0
1666918260000.0,486303,1666918260000.0,0.20889000000000044,-0.0024952860000000006,1842.7728009080001,1842.997520908,-21.1,0.5913,21.2,0.5814,long_nclose,12.32568,0.006688659607916232,4.0
1666919040000.0,486316,1666919040000.0,0.10494000000000021,-0.001253556,1842.8764873520001,1842.9888473520002,-10.6,0.5913,10.6,0.5814,long_nclose,6.16284,0.003344141640688729,13.0
1666920480000.0,486340,1666920480000.0,0.016449999999999743,-0.00041026999999999996,1842.8925270820002,1842.9322870820001,-3.5,0.5861,7.1,0.5814,long_nclose,4.12794,0.0022399244336489326,24.0
1666921380000.0,486355,1666921380000.0,0.01080999999999983,-0.000269606,1842.9030674760002,1842.929947476,-2.3,0.5861,4.8,0.5814,long_nclose,2.79072,0.0015143064490212765,15.0
1666921800000.0,486362,1666921800000.0,0.007519999999999883,-0.00018755199999999998,1842.9103999240003,1842.9283199240003,-1.6,0.5861,3.2,0.5814,long_nclose,1.8604800000000001,0.0010095336160003895,7.0
1666921920000.0,486364,1666921920000.0,0.0046999999999999265,-0.00011721999999999999,1842.9149827040003,1842.9273027040003,-1.0,0.5861,2.2,0.5814,long_nclose,1.2790800000000002,0.0006940526350940408,2.0
1666922280000.0,486370,1666922280000.0,0.0,-0.014492500000000002,1842.9004902040003,1842.8077102040004,125.0,0.5797,127.2,0.5797294025157232,long_ientry_partial,73.74158,0.04001386965382876,6.0
1666922400000.0,486372,1666922400000.0,0.19803333333333564,-0.004955712,1843.0935678253336,1843.5405144920003,-42.4,0.5844,84.8,0.5797294025157232,long_nclose,49.16105333333333,0.02667311860424887,2.0
1666923060000.0,486383,1666923060000.0,0.0,-0.00492235,1843.0886454753336,1843.1498421420001,42.5,0.5791,127.3,0.5795192720607489,long_ientry_partial,73.77280333333334,0.04002672552643679,11.0
1666937040000.0,486616,1666937040000.0,0.19846286462424736,-0.004954016,1843.2821543239577,1843.747468126,-42.4,0.5842,84.9,0.5795192720607489,long_nclose,49.20118619795759,0.026692162175249085,233.0
1666937220000.0,486619,1666937220000.0,0.13246460068080662,-0.0033065720000000007,1843.4113123526386,1843.664921554,-28.3,0.5842,56.6,0.5795192720607489,long_nclose,32.80079079863839,0.01779352799825051,3.0
1666960380000.0,487005,1666960380000.0,0.087997685257921,-0.0021965920000000007,1843.4971134458965,1843.779884962,-18.8,0.5842,37.8,0.5795192720607489,long_nclose,21.905828483896308,0.011882757138116455,386.0
1666960740000.0,487011,1666960740000.0,0.058977172034564075,-0.001472184,1843.554618433931,1843.6927327780002,-12.6,0.5842,25.2,0.5795192720607489,long_nclose,14.603885655930872,0.007921590990527111,6.0
1666961040000.0,487016,1666961040000.0,0.03931811468970938,-0.0009814560000000003,1843.5929550926205,1843.6682313219999,-8.4,0.5842,16.8,0.5795192720607489,long_nclose,9.735923770620582,0.005280950843149354,5.0
1666961100000.0,487017,1666961100000.0,0.026212076459806253,-0.0006543040000000001,1843.6185128650804,1843.668697018,-5.6,0.5842,11.2,0.5795192720607489,long_nclose,6.490615847080388,0.003520585089479075,1.0
1666961160000.0,487018,1666961160000.0,0.017318693375229132,-0.0004323080000000001,1843.6353992504557,1843.6615047100001,-3.7,0.5842,7.5,0.5795192720607489,long_nclose,4.346394540455617,0.0023575130647972356,1.0
1666961580000.0,487025,1666961580000.0,0.011701819848127792,-0.00029210000000000005,1843.646808970304,1843.6742126100003,-2.5,0.5842,5.0,0.5795192720607489,long_nclose,2.8975963603037447,0.0015716656499528143,7.0
1666961700000.0,487027,1666961700000.0,0.007489164702801788,-0.00018694400000000003,1843.6541111910067,1843.672745666,-1.6,0.5842,3.4,0.5795192720607489,long_nclose,1.9703655250065464,0.0010687284090038364,2.0
1666961940000.0,487031,1666961940000.0,0.005148800733176229,-0.00012852400000000003,1843.6591314677398,1843.6717371420002,-1.1,0.5842,2.3,0.5795192720607489,long_nclose,1.3328943257397226,0.0007229613668762096,4.0
1666962300000.0,487037,1666962300000.0,0.0032765095574757816,-8.178800000000001e-05,1843.6623261892973,1843.672695354,-0.7,0.5842,1.6,0.5795192720607489,long_nclose,0.9272308352971983,0.0005029287750396844,6.0
1666963620000.0,487059,1666963620000.0,0.00790458235140088,-9.430400000000001e-05,1843.6701364676487,1843.6777210500002,-0.8,0.5894,0.8,0.5795192720607489,long_nclose,0.46361541764859915,0.0002514633222496384,22.0
1666963860000.0,487063,1666963860000.0,0.00395229117570044,-4.7152000000000005e-05,1843.6740416068244,1843.678633898,-0.4,0.5894,0.4,0.5795192720607489,long_nclose,0.23180770882429957,0.00012573139480896053,4.0
1666964400000.0,487072,1666964400000.0,0.00197614558785022,-2.3576000000000003e-05,1843.6759941764121,1843.678090322,-0.2,0.5894,0.2,0.5795192720607489,long_nclose,0.11590385441214979,6.286563082572715e-05,9.0
1666964760000.0,487078,1666964760000.0,0.00098807279392511,-1.1788000000000001e-05,1843.676970461206,1843.678018534,-0.1,0.5894,0.1,0.5795192720607489,long_nclose,0.057951927206074894,3.143279876820173e-05,6.0
1666965600000.0,487092,1666965600000.0,0.00098807279392511,-1.1788000000000001e-05,1843.677946746,1843.677946746,-0.1,0.5894,0.0,0.5795192720607489,long_nclose,0.0,0.0,14.0
1667066460000.0,488773,1667066460000.0,0.0,-0.014745456000000002,1843.6632012900002,1843.2355212900002,118.8,0.6206,118.8,0.6206,long_ientry_normal,73.72728000000001,0.039989559887301254,1681.0
1667066700000.0,488777,1667066700000.0,0.19800000000000018,-0.004954752000000001,1843.8562465380003,1844.2839265380003,-39.6,0.6256,79.2,0.6206,long_nclose,49.151520000000005,0.02665691541425002,4.0
1667066820000.0,488779,1667066820000.0,0.13200000000000012,-0.0033031680000000004,1843.9849433700003,1844.2700633700003,-26.4,0.6256,52.8,0.6206,long_nclose,32.76768,0.01777003663604485,2.0
1667067000000.0,488782,1667067000000.0,0.08800000000000009,-0.0022021120000000004,1844.0707412580002,1844.2608212580003,-17.6,0.6256,35.2,0.6206,long_nclose,21.84512,0.011846139907353856,3.0
1667067060000.0,488783,1667067060000.0,0.186559999999999,-0.0022218240000000003,1844.2550794340004,1844.4205194340004,-17.6,0.6312,17.6,0.6206,long_nclose,10.92256,0.005922477927159686,1.0
1667067120000.0,488784,1667067120000.0,0.0932799999999995,-0.0011109120000000001,1844.3472485220004,1844.4475685220004,-8.8,0.6312,8.8,0.6206,long_nclose,5.46128,0.0029610909791399054,1.0
1667067300000.0,488787,1667067300000.0,0.04663999999999975,-0.0005554560000000001,1844.3933330660004,1844.4434930660004,-4.4,0.6312,4.4,0.6206,long_nclose,2.73064,0.0014805084962331546,3.0
1667068080000.0,488800,1667068080000.0,0.023319999999999876,-0.00027772800000000004,1844.4163753380005,1844.4436553380006,-2.2,0.6312,2.2,0.6206,long_nclose,1.36532,0.0007402450001289957,13.0
1667068260000.0,488803,1667068260000.0,0.011659999999999938,-0.00013886400000000002,1844.4278964740004,1844.4404364740003,-1.1,0.6312,1.1,0.6206,long_nclose,0.68266,0.00037012018811092786,3.0
1667068620000.0,488809,1667068620000.0,0.0015000000000000013,-3.7536e-05,1844.4293589380004,1844.4344789380004,-0.3,0.6256,0.8,0.6206,long_nclose,0.49648000000000003,0.0002691781051923111,6.0
1667068800000.0,488812,1667068800000.0,0.004239999999999977,-5.0496e-05,1844.4335484420003,1844.4381084420004,-0.4,0.6312,0.4,0.6206,long_nclose,0.24824000000000002,0.00013458874688637563,3.0
1667069340000.0,488821,1667069340000.0,0.0021199999999999886,-2.5248e-05,1844.4356431940005,1844.4381231940006,-0.2,0.6312,0.2,0.6206,long_nclose,0.12412000000000001,6.729429701600322e-05,9.0
1667069520000.0,488824,1667069520000.0,0.0010599999999999943,-1.2624e-05,1844.4366905700006,1844.4379305700006,-0.1,0.6312,0.1,0.6206,long_nclose,0.062060000000000004,3.3647129401238014e-05,3.0
1667070060000.0,488833,1667070060000.0,0.0010599999999999943,-1.2624e-05,1844.4377379460007,1844.4377379460007,-0.1,0.6312,0.0,0.6206,long_nclose,0.0,0.0,9.0
1667145780000.0,490095,1667145780000.0,0.0,-0.014752800000000003,1844.4229851460007,1844.5789851460006,120.0,0.6147,120.0,0.6147,long_ientry_normal,73.76400000000001,0.039992995421362636,1262.0
1667145900000.0,490097,1667145900000.0,0.20000000000000018,-0.0049576,1844.6180275460008,1845.2820275460008,-40.0,0.6197,80.0,0.6147,long_nclose,49.176,0.026659177816570297,2.0
1667146080000.0,490100,1667146080000.0,0.41999999999999815,-0.0050016,1845.0330259460009,1845.445025946001,-40.0,0.6252,40.0,0.6147,long_nclose,24.588,0.01332659071909731,3.0
1667146500000.0,490107,1667146500000.0,0.20999999999999908,-0.0025008,1845.240525146001,1845.466525146001,-20.0,0.6252,20.0,0.6147,long_nclose,12.294,0.006662546065113795,7.0
1667147580000.0,490125,1667147580000.0,0.10499999999999954,-0.0012504,1845.344274746001,1845.467274746001,-10.0,0.6252,10.0,0.6147,long_nclose,6.147,0.003331085740543505,18.0
1667149680000.0,490160,1667149680000.0,0.016500000000000015,-0.000409002,1845.360365744001,1845.395875744001,-3.3,0.6197,6.7,0.6147,long_nclose,4.11849,0.002231807985287217,35.0
1667154240000.0,490236,1667154240000.0,0.03464999999999985,-0.000412632,1845.394603112001,1845.4330231120011,-3.3,0.6252,3.4,0.6147,long_nclose,2.08998,0.001132538263889761,76.0
1667155080000.0,490250,1667155080000.0,0.01784999999999992,-0.000212568,1845.412240544001,1845.433150544001,-1.7,0.6252,1.7,0.6147,long_nclose,1.04499,0.000566263719856953,14.0
1667159280000.0,490320,1667159280000.0,0.008399999999999963,-0.00010003200000000002,1845.4205405120008,1845.4298105120008,-0.8,0.6252,0.9,0.6147,long_nclose,0.55323,0.0002997853268970929,70.0
1667166600000.0,490442,1667166600000.0,0.0015000000000000013,-3.7182e-05,1845.422003330001,1845.425183330001,-0.3,0.6197,0.6,0.6147,long_nclose,0.36882,0.0001998567261767102,122.0
1667167140000.0,490451,1667167140000.0,0.0010000000000000009,-2.4788000000000004e-05,1845.422978542001,1845.425098542001,-0.2,0.6197,0.4,0.6147,long_nclose,0.24588000000000002,0.00013323774704174354,9.0
1667168220000.0,490469,1667168220000.0,0.0,-0.014716116,1845.4082624260009,1845.575402426001,121.3,0.6066,121.7,0.6066266228430567,long_ientry_partial,73.82646,0.040005489030891545,18.0
1667170980000.0,490515,1667170980000.0,0.19737177485620605,-0.004953150000000001,1845.6006810508572,1846.199399276001,-40.5,0.6115,81.2,0.6066266228430567,long_nclose,49.2580817748562,0.026689457952957296,46.0
1667171520000.0,490524,1667171520000.0,0.1315811832374707,-0.0033021,1845.7289601340947,1846.020197176001,-27.0,0.6115,54.2,0.6066266228430567,long_nclose,32.87916295809367,0.01781364635233602,9.0
1667173980000.0,490565,1667173980000.0,0.08772078882498047,-0.0022014000000000005,1845.8144795229196,1846.0089957760008,-18.0,0.6115,36.2,0.6066266228430567,long_nclose,21.959883746918653,0.011897124001646437,41.0
1667174760000.0,490578,1667174760000.0,0.1877581265406739,-0.00223354,1846.0000041094604,1846.2058622360012,-18.1,0.617,18.1,0.6066266228430567,long_nclose,10.979941873459326,0.005947964165230988,13.0
1667181960000.0,490698,1667181960000.0,0.0,-0.012598752000000001,1845.9874053574604,1845.747103484001,105.2,0.5988,123.3,0.5999489203038064,long_ientry_partial,73.97370187345933,0.04007270128646134,120.0
1667188980000.0,490815,1667188980000.0,0.19937937551355628,-0.004971456,1846.1818132769738,1846.597012028001,-41.1,0.6048,82.2,0.5999489203038064,long_nclose,49.31580124897289,0.026712321015359433,117.0
1667209740000.0,491161,1667209740000.0,0.13291958367570417,-0.003314304,1846.3114185566494,1846.4786177240007,-27.4,0.6048,54.8,0.5999489203038064,long_nclose,32.87720083264859,0.017806963929384287,346.0
1667211960000.0,491198,1667211960000.0,0.08828965047072321,-0.0022014720000000003,1846.39750673512,1846.5823762520008,-18.2,0.6048,36.6,0.5999489203038064,long_nclose,21.958130483119316,0.011892417750252833,37.0
1667212560000.0,491208,1667212560000.0,0.05918317229356171,-0.001475712,1846.4552141954136,1846.5784605400008,-12.2,0.6048,24.4,0.5999489203038064,long_nclose,14.638753655412875,0.007928030716841221,10.0
1667212920000.0,491214,1667212920000.0,0.03929374553916802,-0.0009797760000000001,1846.493528164953,1846.559560764001,-8.1,0.6048,16.3,0.5999489203038064,long_nclose,9.779167400952046,0.00529607456066775,6.0
1667212980000.0,491215,1667212980000.0,0.026195830359445352,-0.0006531840000000001,1846.5190708113125,1846.574127580001,-5.4,0.6048,10.9,0.5999489203038064,long_nclose,6.53944323131149,0.003541497802369422,1.0
1667213460000.0,491223,1667213460000.0,0.0174638869062969,-0.000435456,1846.5360992422188,1846.5729721240011,-3.6,0.6048,7.3,0.5999489203038064,long_nclose,4.379627118217787,0.002371806930833953,8.0
1667214360000.0,491238,1667214360000.0,0.011642591270864599,-0.000290304,1846.5474515294898,1846.5673018200011,-2.4,0.6048,4.9,0.5999489203038064,long_nclose,2.9397497094886518,0.0015920250016070077,15.0
1667214540000.0,491241,1667214540000.0,0.007761727513909734,-0.00019353600000000004,1846.5550197210036,1846.571688284001,-1.6,0.6048,3.3,0.5999489203038064,long_nclose,1.9798314370025611,0.0010721757087431352,3.0
1667214660000.0,491243,1667214660000.0,0.005336187665812942,-0.00013305600000000002,1846.5602228526693,1846.5713352280009,-1.1,0.6048,2.2,0.5999489203038064,long_nclose,1.3198876246683742,0.0007147817917518759,2.0
1667224740000.0,491411,1667224740000.0,0.0,-0.0145159,1846.5457069526692,1846.190319328001,124.6,0.5825,126.8,0.5828027415194668,long_ientry_partial,73.89938762466838,0.040020340328658095,168.0
1667225820000.0,491429,1667225820000.0,0.19822430787850365,-0.004958500000000001,1846.7389727605478,1847.3478608280009,-42.2,0.5875,84.6,0.5828027415194668,long_nclose,49.305111932546886,0.026698473720324682,18.0
1667226360000.0,491438,1667226360000.0,0.42288403372655575,-0.005015088,1847.1568417062745,1847.545885740001,-42.3,0.5928,42.3,0.5828027415194668,long_nclose,24.652555966273443,0.01334621695876195,9.0
1667226420000.0,491439,1667226420000.0,0.21094215393925123,-0.0025016160000000003,1847.3652822442136,1847.6874641240008,-21.1,0.5928,21.2,0.5828027415194668,long_nclose,12.355418120212695,0.006688129434371044,1.0
1667226420000.0,491439,1667226420000.0,0.32218187978730417,-0.00253552,1847.6849286040008,1847.6849286040008,-21.2,0.598,0.0,0.5828027415194668,long_nclose,0.0,0.0,0.0
1667238360000.0,491638,1667238360000.0,0.0,-0.014782640000000001,1847.6701459640008,1847.7729459640007,128.5,0.5752,128.5,0.5752,long_ientry_normal,73.9132,0.040003460661771226,199.0
1667241540000.0,491691,1667241540000.0,0.20115999999999684,-0.004963944,1847.8663420200007,1848.1920020200007,-42.8,0.5799,85.7,0.5752,long_nclose,49.29464000000001,0.02667651814368426,53.0
1667244600000.0,491742,1667244600000.0,0.1339499999999979,-0.00330543,1847.9969865900007,1848.2715465900008,-28.5,0.5799,57.2,0.5752,long_nclose,32.90144,0.017803838555338274,51.0
1667244780000.0,491745,1667244780000.0,0.0892999999999986,-0.00220362,1848.0840829700007,1848.3056429700007,-19.0,0.5799,38.2,0.5752,long_nclose,21.972640000000002,0.011889415748166841,3.0
1667246400000.0,491772,1667246400000.0,0.1871799999999985,-0.0022347,1848.2690282700007,1848.6281082700007,-19.1,0.585,19.1,0.5752,long_nclose,10.986320000000001,0.005944113022487485,27.0
1667246400000.0,491772,1667246400000.0,0.28649999999999815,-0.002254564,1848.5532737060007,1848.5532737060007,-19.1,0.5902,0.0,0.5752,long_nclose,0.0,0.0,0.0
1667420580000.0,494675,1667420580000.0,0.0,-0.014783846,1848.5384898600007,1848.4468598600008,130.9,0.5647,130.9,0.5647,long_ientry_normal,73.91923,0.03998793122538567,2903.0
1667422980000.0,494715,1667422980000.0,0.20056000000000213,-0.004964296000000001,1848.7340855640007,1849.1967755640007,-43.6,0.5693,87.3,0.5647,long_nclose,49.298309999999994,0.026665982081982526,40.0
1667423280000.0,494720,1667423280000.0,0.13386000000000142,-0.003313326,1848.8646322380007,1849.2312922380006,-29.1,0.5693,58.2,0.5647,long_nclose,32.86554,0.0177760661472642,5.0
1667423640000.0,494726,1667423640000.0,0.08924000000000093,-0.0022088840000000004,1848.9516633540006,1849.1573033540005,-19.4,0.5693,38.8,0.5647,long_nclose,21.910359999999997,0.011850152945726325,6.0
1667424840000.0,494746,1667424840000.0,0.05934000000000063,-0.0014687940000000003,1849.0095345600007,1849.1727045600007,-12.9,0.5693,25.9,0.5647,long_nclose,14.625729999999999,0.007910034927689222,20.0
1667426340000.0,494771,1667426340000.0,0.039560000000000414,-0.000979196,1849.0481153640008,1849.1398053640007,-8.6,0.5693,17.3,0.5647,long_nclose,9.76931,0.005283426601409358,25.0
1667426580000.0,494775,1667426580000.0,0.026220000000000278,-0.0006490020000000001,1849.0736863620007,1849.1351663620007,-5.7,0.5693,11.6,0.5647,long_nclose,6.55052,0.0035425954348460606,4.0
1667427660000.0,494793,1667427660000.0,0.017480000000000183,-0.000432668,1849.0907336940006,1849.1242736940005,-3.8,0.5693,7.8,0.5647,long_nclose,4.40466,0.0023820680725605277,18.0
1667427720000.0,494794,1667427720000.0,0.011960000000000127,-0.000296036,1849.1023976580007,1849.1299576580006,-2.6,0.5693,5.2,0.5647,long_nclose,2.93644,0.0015880353644661205,1.0
1667428020000.0,494799,1667428020000.0,0.007820000000000082,-0.00019356200000000001,1849.1100240960006,1849.1285740960006,-1.7,0.5693,3.5,0.5647,long_nclose,1.9764499999999998,0.0010688655484230873,5.0
1667430540000.0,494841,1667430540000.0,0.005060000000000054,-0.00012524600000000003,1849.1149588500007,1849.1276788500006,-1.1,0.5693,2.4,0.5647,long_nclose,1.3552799999999998,0.0007329344200659509,42.0
1667433540000.0,494891,1667433540000.0,0.01164000000000005,-0.000137856,1849.1264609940006,1849.1388209940005,-1.2,0.5744,1.2,0.5647,long_nclose,0.6776399999999999,0.0003664649304924951,50.0
1667433660000.0,494893,1667433660000.0,0.005820000000000025,-6.8928e-05,1849.1322120660006,1849.1377920660007,-0.6,0.5744,0.6,0.5647,long_nclose,0.33881999999999995,0.00018323189536644476,2.0
1667434620000.0,494909,1667434620000.0,0.0029100000000000124,-3.4464e-05,1849.1350876020006,1849.1384776020006,-0.3,0.5744,0.3,0.5647,long_nclose,0.16940999999999998,9.161580521393634e-05,16.0
1667434980000.0,494915,1667434980000.0,0.004410000000000014,-3.4764e-05,1849.1394628380006,1849.1394628380006,-0.3,0.5794,0.0,0.5647,long_nclose,0.0,0.0,6.0
1667513820000.0,496229,1667513820000.0,0.0,-0.014788424000000001,1849.1246744140005,1849.6821544140005,126.7,0.5836,126.7,0.5836,long_ientry_normal,73.94212,0.03998763362099029,1314.0
1667514360000.0,496238,1667514360000.0,0.1983400000000016,-0.004965252000000002,1849.3180491620005,1849.7743491620006,-42.2,0.5883,84.5,0.5836,long_nclose,49.3142,0.026666154057354396,9.0
1667516460000.0,496273,1667516460000.0,0.13207000000000105,-0.003306246,1849.4468129160007,1849.7513729160007,-28.1,0.5883,56.4,0.5836,long_nclose,32.91504,0.01779723524360414,35.0
1667517840000.0,496296,1667517840000.0,0.0883600000000007,-0.002212008,1849.5329609080006,1849.6984009080006,-18.8,0.5883,37.6,0.5836,long_nclose,21.943360000000002,0.011864270853127828,23.0
1667518200000.0,496302,1667518200000.0,0.05875000000000047,-0.0014707500000000003,1849.5902401580006,1849.7257801580006,-12.5,0.5883,25.1,0.5836,long_nclose,14.64836,0.007919786600273511,6.0
1667519520000.0,496324,1667519520000.0,0.039010000000000315,-0.000976578,1849.6282735800005,1849.7525935800004,-8.3,0.5883,16.8,0.5836,long_nclose,9.80448,0.00530078402241505,22.0
1667521200000.0,496352,1667521200000.0,0.026320000000000208,-0.0006588960000000001,1849.6539346840004,1849.7144146840005,-5.6,0.5883,11.2,0.5836,long_nclose,6.53632,0.00353380698812542,28.0
1667522640000.0,496376,1667522640000.0,0.017390000000000138,-0.0004353420000000001,1849.6708893420005,1849.7188893420005,-3.7,0.5883,7.5,0.5836,long_nclose,4.377,0.002366366917066564,24.0
1667523420000.0,496389,1667523420000.0,0.03700000000000003,-0.00043926400000000003,1849.7074500780004,1849.7431700780005,-3.7,0.5936,3.8,0.5836,long_nclose,2.21768,0.0011989355397289893,13.0
1667523600000.0,496392,1667523600000.0,0.019000000000000017,-0.000225568,1849.7262245100005,1849.7459845100004,-1.9,0.5936,1.9,0.5836,long_nclose,1.10884,0.0005994616853603489,3.0
1667525580000.0,496425,1667525580000.0,0.0028200000000000226,-7.059600000000001e-05,1849.7289739140006,1849.7359939140006,-0.6,0.5883,1.3,0.5836,long_nclose,0.75868,0.00041015738559506035,33.0
1667527440000.0,496456,1667527440000.0,0.006000000000000005,-7.1232e-05,1849.7349026820007,1849.7421826820007,-0.6,0.5936,0.7,0.5836,long_nclose,0.40852,0.0002208532689779878,31.0
1667527620000.0,496459,1667527620000.0,0.0030000000000000027,-3.5616e-05,1849.7378670660005,1849.7420270660004,-0.3,0.5936,0.4,0.5836,long_nclose,0.23344,0.00012620166573671092,3.0
1667527740000.0,496461,1667527740000.0,0.006079999999999997,-4.790400000000001e-05,1849.7438991620006,1849.7438991620006,-0.4,0.5988,0.0,0.5836,long_nclose,0.0,0.0,2.0
1667641020000.0,498349,1667641020000.0,0.0,-0.014792158000000001,1849.7291070040005,1849.4920170040004,112.9,0.6551,112.9,0.6551,long_ientry_normal,73.96079,0.039984660305094094,1888.0
1667642040000.0,498366,1667642040000.0,0.19927999999999893,-0.004966208000000001,1849.9234207960005,1850.2923907960005,-37.6,0.6604,75.3,0.6551,long_nclose,49.329029999999996,0.02666544433432509,17.0
1667642400000.0,498372,1667642400000.0,0.1330299999999993,-0.003315208,1850.0531355880005,1850.3995155880004,-25.1,0.6604,50.2,0.6551,long_nclose,32.88602,0.01777571647397461,6.0
1667642760000.0,498378,1667642760000.0,0.2811199999999997,-0.003344826000000001,1850.3309107620005,1850.6045007620005,-25.1,0.6663,25.1,0.6551,long_nclose,16.44301,0.00888652397490807,6.0
1667642820000.0,498379,1667642820000.0,0.13999999999999985,-0.00166575,1850.4692450120006,1850.6191850120006,-12.5,0.6663,12.6,0.6551,long_nclose,8.25426,0.004460630741229352,1.0
1667642940000.0,498381,1667642940000.0,0.07055999999999991,-0.000839538,1850.5389654740004,1850.6076354740005,-6.3,0.6663,6.3,0.6551,long_nclose,4.12713,0.002230231341787969,2.0
1667643540000.0,498391,1667643540000.0,0.034719999999999966,-0.000413106,1850.5732723680005,1850.6081523680004,-3.1,0.6663,3.2,0.6551,long_nclose,2.09632,0.0011327949189050704,10.0
1667646480000.0,498440,1667646480000.0,0.01791999999999998,-0.00021321600000000004,1850.5909791520005,1850.6084191520006,-1.6,0.6663,1.6,0.6551,long_nclose,1.04816,0.0005663920400607919,49.0
1667646540000.0,498441,1667646540000.0,0.00895999999999999,-0.00010660800000000002,1850.5998325440005,1850.6117525440004,-0.8,0.6663,0.8,0.6551,long_nclose,0.52408,0.0002831946652019052,1.0
1667647020000.0,498449,1667647020000.0,0.013680000000000005,-0.000107552,1850.6134049920006,1850.6134049920006,-0.8,0.6722,0.0,0.6551,long_nclose,0.0,0.0,8.0
1667689620000.0,499159,1667689620000.0,0.0,-0.014806400000000003,1850.5985985920006,1850.0385985920007,112.0,0.661,112.0,0.661,long_ientry_normal,74.03200000000001,0.04000435321648148,710.0
1667689680000.0,499160,1667689680000.0,0.19768999999999892,-0.004970598,1850.7913179940006,1851.0901179940006,-37.3,0.6663,74.7,0.661,long_nclose,49.37670000000001,0.026678696576941725,1.0
1667689860000.0,499163,1667689860000.0,0.0,-0.004930314,1850.7863876800006,1850.6781176800007,37.3,0.6609,112.0,0.6609666964285715,long_ientry_partial,74.02827,0.03999827883583906,3.0
1667693100000.0,499217,1667693100000.0,0.19893222321428197,-0.004970598,1850.980349305215,1851.5804370820008,-37.3,0.6663,74.7,0.6609666964285715,long_nclose,49.37421222321429,0.026674627983893737,54.0
1667693220000.0,499219,1667693220000.0,0.42273222321428217,-0.005015358,1851.3980661704293,1851.8481117240008,-37.3,0.6723,37.4,0.6609666964285715,long_nclose,24.720154446428573,0.01335215527018541,2.0
1667693400000.0,499222,1667693400000.0,0.06613296428571305,-0.001652424,1851.462546710715,1851.6633793000008,-12.4,0.6663,25.0,0.6609666964285715,long_nclose,16.524167410714288,0.008924926642491858,3.0
1667693580000.0,499225,1667693580000.0,0.04426641964285632,-0.0011060580000000003,1851.5057070723578,1851.5730632420007,-8.3,0.6663,16.7,0.6609666964285715,long_nclose,11.038143830357145,0.0059617120207589875,3.0
1667694180000.0,499235,1667694180000.0,0.029333169642856594,-0.00073293,1851.5343073120007,1851.6018803120007,-5.5,0.6663,11.2,0.6609666964285715,long_nclose,7.402827,0.003998212169639563,10.0
1667694780000.0,499245,1667694780000.0,0.019733223214285344,-0.0004930620000000001,1851.5535474732148,1851.5987972500006,-3.7,0.6663,7.5,0.6609666964285715,long_nclose,4.957250223214286,0.0026773463991788763,10.0
1667695920000.0,499264,1667695920000.0,0.013333258928571179,-0.00033315000000000005,1851.5665475821434,1851.6017141000004,-2.5,0.6663,5.0,0.6609666964285715,long_nclose,3.3048334821428575,0.0017848850674357093,19.0
1667696100000.0,499267,1667696100000.0,0.008533285714285554,-0.00021321600000000004,1851.5748676518576,1851.5953808840004,-1.6,0.6663,3.4,0.6609666964285715,long_nclose,2.247286767857143,0.0012137163919853384,3.0
1667696280000.0,499270,1667696280000.0,0.005866633928571319,-0.00014658600000000004,1851.580587699786,1851.5944642980003,-1.1,0.6663,2.3,0.6609666964285715,long_nclose,1.5202234017857144,0.0008210409052053652,3.0
1667696640000.0,499276,1667696640000.0,0.00373331249999993,-9.3282e-05,1851.5842277302859,1851.593881016,-0.7,0.6663,1.6,0.6609666964285715,long_nclose,1.0575467142857145,0.0005711577677360534,6.0
1667704140000.0,499401,1667704140000.0,0.0026666517857142358,-6.663e-05,1851.5868277520715,1851.592364386,-0.5,0.6663,1.1,0.6609666964285715,long_nclose,0.7270633660714287,0.0003926704139249704,125.0
1667704200000.0,499402,1667704200000.0,0.0015999910714285415,-3.9977999999999996e-05,1851.588387765143,1851.5908144080001,-0.3,0.6663,0.8,0.6609666964285715,long_nclose,0.5287733571428572,0.00028557824224696276,1.0
1667704560000.0,499408,1667704560000.0,0.0010666607142856943,-2.6652000000000005e-05,1851.589427773857,1851.5936477559999,-0.2,0.6663,0.6,0.6609666964285715,long_nclose,0.3965800178571429,0.00021418356138161047,6.0
1667705520000.0,499424,1667705520000.0,0.0010666607142856943,-2.6652000000000005e-05,1851.5904677825713,1851.5928811039998,-0.2,0.6663,0.4,0.6609666964285715,long_nclose,0.2643866785714286,0.000142788960718756,16.0
1667708100000.0,499467,1667708100000.0,0.0022666607142856955,-2.6892e-05,1851.5927075512855,1851.5941142119998,-0.2,0.6723,0.2,0.6609666964285715,long_nclose,0.1321933392857143,7.139439399744601e-05,43.0
1667709000000.0,499482,1667709000000.0,0.0005333303571428471,-1.3326000000000003e-05,1851.5932275556424,1851.5939308859995,-0.1,0.6663,0.1,0.6609666964285715,long_nclose,0.06609666964285715,3.5697186973466e-05,15.0
1667710200000.0,499502,1667710200000.0,0.0005333303571428471,-1.3326000000000003e-05,1851.5937475599994,1851.5937475599994,-0.1,0.6663,0.0,0.6609666964285715,long_nclose,0.0,0.0,20.0
1667734500000.0,499907,1667734500000.0,0.0,-0.014815519999999999,1851.5789320399995,1851.5093320399994,116.0,0.6386,116.0,0.6386,long_ientry_normal,74.07759999999999,0.04000780021750631,405.0
1667734920000.0,499914,1667734920000.0,0.20072000000000362,-0.004970136000000001,1851.7746819039994,1852.1152419039995,-38.6,0.6438,77.4,0.6386,long_nclose,49.42764,0.026692037904513508,7.0
1667735040000.0,499916,1667735040000.0,0.13416000000000242,-0.0033220080000000004,1851.9055198959995,1852.2357598959995,-25.8,0.6438,51.6,0.6386,long_nclose,32.95176,0.017793434733025974,2.0
1667735640000.0,499926,1667735640000.0,0.0894400000000016,-0.0022146720000000004,1851.9927452239995,1852.1785052239995,-17.2,0.6438,34.4,0.6386,long_nclose,21.96784,0.011861731130778796,10.0
1667736600000.0,499942,1667736600000.0,0.05928000000000107,-0.0014678640000000001,1852.0505573599994,1852.1747573599994,-11.4,0.6438,23.0,0.6386,long_nclose,14.6878,0.007930561043072541,16.0
1667737020000.0,499949,1667737020000.0,0.03952000000000071,-0.000978576,1852.0890987839994,1852.2030587839993,-7.6,0.6438,15.4,0.6386,long_nclose,9.834439999999999,0.0053099173287380515,7.0
1667737380000.0,499955,1667737380000.0,0.026520000000000474,-0.000656676,1852.1149621079992,1852.1705821079993,-5.1,0.6438,10.3,0.6386,long_nclose,6.57758,0.003551388620344428,6.0
1667740260000.0,500003,1667740260000.0,0.0,-0.01350846,1852.1014536479993,1852.1495736479992,106.5,0.6342,116.8,0.6345880136986302,long_ientry_partial,74.11988,0.04001934119430092,48.0
1667741580000.0,500025,1667741580000.0,0.19885626712328858,-0.004976866000000001,1852.2953330491225,1852.6390267819993,-38.9,0.6397,77.9,0.6345880136986302,long_nclose,49.43440626712329,0.026688188101056075,22.0
1667742660000.0,500043,1667742660000.0,0.0,-0.004968306,1852.2903647431226,1851.9676284759994,39.3,0.6321,117.2,0.6337537224157277,long_ientry_partial,74.27593626712329,0.04009951014209586,18.0
1667747520000.0,500124,1667747520000.0,0.20070482578662086,-0.0049834200000000006,1852.4860861489094,1852.8181450559996,-39.0,0.6389,78.2,0.6337537224157277,long_nclose,49.55954109290991,0.0267529896518349,81.0
1667747580000.0,500125,1667747580000.0,0.13380321719108057,-0.00332228,1852.6165670861005,1852.7860227759995,-26.0,0.6389,52.2,0.6337537224157277,long_nclose,33.08194431010099,0.017856875997894227,1.0
1667747880000.0,500130,1667747880000.0,0.08954522996633853,-0.002223372,1852.7038889440669,1852.8864594039997,-17.4,0.6389,34.8,0.6337537224157277,long_nclose,22.05462954006732,0.011904022910340612,5.0
1667748000000.0,500132,1667748000000.0,0.059696819977559025,-0.001482248,1852.7621035160444,1852.8838171559994,-11.6,0.6389,23.2,0.6337537224157277,long_nclose,14.703086360044882,0.007935765920590872,2.0
1667748180000.0,500135,1667748180000.0,0.03962633739889694,-0.000983906,1852.8007459474431,1852.8975632499994,-7.7,0.6389,15.5,0.6337537224157277,long_nclose,9.82318269744378,0.005301801998369028,3.0
1667748840000.0,500146,1667748840000.0,0.02624601567978888,-0.000651678,1852.826340285123,1852.8809015719994,-5.1,0.6389,10.4,0.6337537224157277,long_nclose,6.591038713123568,0.0035572889751282915,11.0
1667749020000.0,500149,1667749020000.0,0.01749734378652592,-0.00043445200000000005,1852.8434031769095,1852.8801271199995,-3.4,0.6389,7.0,0.6337537224157277,long_nclose,4.436276056910094,0.002394307068424453,3.0
1667749140000.0,500151,1667749140000.0,0.011836438443826357,-0.000293894,1852.8549457213535,1852.8796032259995,-2.3,0.6389,4.7,0.6337537224157277,long_nclose,2.9786424953539203,0.0016075961597707667,2.0
1667750520000.0,500174,1667750520000.0,0.0,-0.014232966000000003,1852.8407127553535,1852.4604402599996,113.7,0.6259,118.4,0.6262117609404892,long_ientry_partial,74.14347249535393,0.04001610715100027,23.0
1667750940000.0,500181,1667750940000.0,0.20047661894472252,-0.004974643999999999,1853.0362147302983,1853.4144856159996,-39.4,0.6313,79.0,0.6262117609404892,long_nclose,49.47072911429865,0.0266971194200319,7.0
1667751000000.0,500182,1667751000000.0,0.13382068726513205,-0.0033206380000000003,1853.1667147795633,1853.4190549779996,-26.3,0.6313,52.7,0.6262117609404892,long_nclose,33.00135980156379,0.017808090086211883,1.0
1667751360000.0,500188,1667751360000.0,0.08904418354143767,-0.00220955,1853.2535494131048,1853.4572954279995,-17.5,0.6313,35.2,0.6262117609404892,long_nclose,22.042653985105222,0.011894030361946842,6.0
1667751780000.0,500195,1667751780000.0,0.059532396996275466,-0.001477242,1853.311604568101,1853.4241281859995,-11.7,0.6313,23.5,0.6262117609404892,long_nclose,14.715976382101497,0.007940368120411642,7.0
1667752020000.0,500199,1667752020000.0,0.039688264664183646,-0.0009848279999999999,1853.3503080047653,1853.4411833579998,-7.8,0.6313,15.7,0.6262117609404892,long_nclose,9.831524646765681,0.00530473089965915,4.0
1667752260000.0,500203,1667752260000.0,0.026458843109455767,-0.000656552,1853.3761102958747,1853.4368868059996,-5.2,0.6313,10.5,0.6262117609404892,long_nclose,6.575223489875137,0.003547700573752115,4.0
1667753340000.0,500221,1667753340000.0,0.017808836708287534,-0.00044191000000000006,1853.393477222583,1853.4409948959997,-3.5,0.6313,7.0,0.6262117609404892,long_nclose,4.383482326583425,0.0023651115537280977,18.0
1667753580000.0,500225,1667753580000.0,0.011702949836874664,-0.000290398,1853.4048897744199,1853.4320944979995,-2.3,0.6313,4.7,0.6262117609404892,long_nclose,2.9431952764202998,0.0015879936934765071,4.0
1667753700000.0,500227,1667753700000.0,0.007632358589266086,-0.00018939,1853.412332743009,1853.4308551079996,-1.5,0.6313,3.2,0.6262117609404892,long_nclose,2.0038776350095655,0.0010811828537063155,2.0
1667753880000.0,500230,1667753880000.0,0.005088239059510724,-0.00012626,1853.4172947220686,1853.4300288479994,-1.0,0.6313,2.2,0.6262117609404892,long_nclose,1.3776658740690764,0.0007433112219208389,3.0
1667775960000.0,500598,1667775960000.0,0.0,-0.014562702,1853.4027320200687,1853.5705561459997,119.7,0.6083,121.9,0.6086232639382204,long_ientry_partial,74.19117587406907,0.04002971107807007,368.0
1667804760000.0,501078,1667804760000.0,0.0,-0.014896159999999999,1853.3878358600687,1850.7408599859996,125.6,0.593,247.5,0.6006948520164406,long_rentry,148.67197587406903,0.08021633302944253,480.0
1667807520000.0,501124,1667807520000.0,0.0,-0.014904672000000002,1853.3729311880686,1848.1995953139995,128.4,0.5804,375.9,0.5937625322534426,long_rentry,223.19533587406903,0.12042656505779116,46.0
1667853000000.0,501882,1667853000000.0,0.6061347086436506,-0.015000916000000001,1853.9640649807122,1854.7753743979995,-125.3,0.5986,250.6,0.5937625322534426,long_nclose,148.7968905827127,0.080258778146415,758.0
1667859600000.0,501992,1667859600000.0,0.0,-0.014916200000000001,1853.9491487807122,1849.0356581979995,130.0,0.5737,380.6,0.586909854394936,long_rentry,223.37789058271267,0.12048760384265217,110.0
1667865960000.0,502098,1667865960000.0,0.607390462722111,-0.015005512,1854.5415337314344,1855.8334126859995,-126.8,0.5917,253.8,0.586909854394936,long_nclose,148.95772104543477,0.08032050959016489,106.0
1667866380000.0,502105,1667866380000.0,0.40524631818841156,-0.010011564,1854.9367684856227,1855.7980211219995,-84.6,0.5917,169.2,0.586909854394936,long_nclose,99.30514736362318,0.053535597035308254,7.0
1667867580000.0,502125,1667867580000.0,0.2701642121256077,-0.006674376,1855.2002583217482,1855.7744267459993,-56.4,0.5917,112.8,0.586909854394936,long_nclose,66.20343157574878,0.03568532899819546,20.0
1667870220000.0,502169,1667870220000.0,0.18010947475040515,-0.004449584,1855.3759182124986,1855.7586971619994,-37.6,0.5917,75.2,0.586909854394936,long_nclose,44.13562105049919,0.0237879669652176,44.0
1667872260000.0,502203,1667872260000.0,0.11975364012659917,-0.0029585,1855.4927133526253,1855.7482386619995,-25.0,0.5917,50.2,0.586909854394936,long_nclose,29.462874690625792,0.015878733707011088,34.0
1667873460000.0,502223,1667873460000.0,0.2507526546871051,-0.002996438,1855.7404695693124,1856.0188322239994,-25.1,0.5969,25.1,0.586909854394936,long_nclose,14.731437345312896,0.007938306884438332,20.0
1667873640000.0,502226,1667873640000.0,0.12487682006329937,-0.00149225,1855.8638541393757,1856.0035899739994,-12.5,0.5969,12.6,0.586909854394936,long_nclose,7.395064165376194,0.003984701867479135,3.0
1667873820000.0,502229,1667873820000.0,0.06293791731190287,-0.000752094,1855.9260399626876,1856.0022078799996,-6.3,0.5969,6.3,0.586909854394936,long_nclose,3.697532082688097,0.0019922841767780974,3.0
1667874120000.0,502234,1667874120000.0,0.030969451375698242,-0.00037007800000000003,1855.9566393360633,1855.9889278019996,-3.1,0.5969,3.2,0.586909854394936,long_nclose,1.8781115340637955,0.001011937183368496,5.0
1667874540000.0,502241,1667874540000.0,0.015984232968102318,-0.000191008,1855.9724325610314,1855.9901767939996,-1.6,0.5969,1.6,0.586909854394936,long_nclose,0.9390557670318977,0.0005059642861915289,7.0
1667874840000.0,502246,1667874840000.0,0.007992116484051159,-9.5504e-05,1855.9803291735154,1855.9892012899995,-0.8,0.5969,0.8,0.586909854394936,long_nclose,0.4695278835159489,0.00025298106673632355,5.0
1667875080000.0,502250,1667875080000.0,0.0039960582420255795,-4.7752e-05,1855.9842774797576,1855.9883135379996,-0.4,0.5969,0.4,0.586909854394936,long_nclose,0.23476394175797444,0.0001264902642800189,4.0
1667876460000.0,502273,1667876460000.0,0.0,-0.014802264000000002,1855.9694752157575,1855.7820912739994,129.3,0.5724,129.7,0.5724447489726907,long_ientry_partial,74.24608394175797,0.04000393591232249,23.0
1667877060000.0,502283,1667877060000.0,0.20110684437975906,-0.0049861440000000005,1856.1655959161374,1856.7326251299996,-43.2,0.5771,86.5,0.5724447489726907,long_nclose,49.516470786137745,0.026676752815094698,10.0
1667877300000.0,502287,1667877300000.0,0.13407122958650605,-0.0033240960000000003,1856.2963430497239,1856.5014810339997,-28.8,0.5771,57.7,0.5724447489726907,long_nclose,33.030062015724255,0.017793528570690876,4.0
1667877480000.0,502290,1667877480000.0,0.0,-0.008252460000000001,1856.2880905897239,1855.1294285739996,72.2,0.5715,129.9,0.5719196460024962,long_ientry_partial,74.29236201572427,0.04002200002916699,3.0
1667877600000.0,502292,1667877600000.0,0.0,-0.014854952000000003,1856.273235637724,1854.8349136219997,133.3,0.5572,263.2,0.5644647492998642,long_rentry,148.56712201572427,0.08003515816715631,2.0
1667877780000.0,502295,1667877780000.0,0.3977414864019025,-0.00998026,1856.6609968641258,1858.1589333619995,-87.7,0.569,175.5,0.5644647492998642,long_nclose,99.06356350212617,0.05335576266719834,3.0
1667877960000.0,502298,1667877960000.0,0.2653121659579395,-0.0066573,1856.9196517300838,1857.5672760619998,-58.5,0.569,117.0,0.5644647492998642,long_nclose,66.04237566808412,0.03556555374194717,3.0
1667878260000.0,502303,1667878260000.0,0.176874777305293,-0.0044382,1857.092088307389,1857.5238378619997,-39.0,0.569,78.0,0.5644647492998642,long_nclose,44.02825044538941,0.0237081675823185,5.0
1667878320000.0,502304,1667878320000.0,0.0,-0.0059622,1857.086126107389,1857.5178756619996,52.3,0.57,130.3,0.566686496127317,long_ientry_partial,73.83925044538941,0.03976081098627492,1.0
1667879820000.0,502329,1667879820000.0,0.0,-0.014851490000000002,1857.071274617389,1854.8793741719996,134.5,0.5521,264.8,0.559277569657815,long_rentry,148.09670044538944,0.07974745098348565,25.0
1667880660000.0,502343,1667880660000.0,0.0,-0.014861,1857.056413617389,1850.2875131719995,137.5,0.5404,402.3,0.5528255044628123,long_rentry,222.4017004453894,0.11976033620441809,14.0
1667880660000.0,502343,1667880660000.0,0.0,-0.022099083999999998,1857.0343145333889,1851.5795940879996,208.6,0.5297,610.9,0.5449289907438032,long_rentry,332.89712044538936,0.1792627728201325,0.0
1667881680000.0,502360,1667881680000.0,0.8899374845616731,-0.022367496,1857.9018845219505,1859.9673065919994,-203.6,0.5493,407.3,0.5449289907438032,long_nclose,221.94957792995103,0.11946248603276487,17.0
1667882220000.0,502369,1667882220000.0,0.5931459560659088,-0.014908002,1858.4801224760163,1860.1290085899993,-135.7,0.5493,271.6,0.5449289907438032,long_nclose,148.00271388601695,0.07963642553724808,9.0
1667882820000.0,502379,1667882820000.0,0.39557633768581246,-0.009942330000000001,1858.865756483702,1859.603016259999,-90.5,0.5493,181.1,0.5449289907438032,long_nclose,98.68664022370275,0.05308970800042172,10.0
1667882880000.0,502380,1667882880000.0,0.2635718581486684,-0.006624558000000001,1859.1227037838505,1860.0976817019991,-60.3,0.5493,120.8,0.5449289907438032,long_nclose,65.82742208185142,0.03540778774196757,1.0
1667883540000.0,502391,1667883540000.0,0.1757145720991123,-0.004416372000000001,1859.2940019839498,1859.6221253299993,-40.2,0.5493,80.6,0.5449289907438032,long_nclose,43.921276653950535,0.02362255598473645,11.0
1667883600000.0,502392,1667883600000.0,0.0,-0.00602802,1859.2879739639498,1859.3450973099991,54.9,0.549,135.5,0.5465784254904098,long_ientry_partial,74.06137665395053,0.03983319297013133,1.0
1667883840000.0,502396,1667883840000.0,0.19941301038251993,-0.00497002,1859.4824169543324,1859.9725272899993,-45.1,0.551,90.4,0.5465784254904098,long_nclose,49.41068966433305,0.026572281197078156,4.0
1667883900000.0,502397,1667883900000.0,0.0,-0.00489072,1859.4775262343323,1859.6982365699994,44.3,0.552,134.7,0.5483614674412254,long_ientry_partial,73.86428966433306,0.03972314191606134,1.0
1667887560000.0,502458,1667887560000.0,0.19929011188897852,-0.004964144,1859.6718522022213,1860.0883924259992,-44.9,0.5528,89.8,0.5483614674412254,long_nclose,49.24285977622204,0.026479327370529753,61.0
1667887620000.0,502459,1667887620000.0,0.0,-0.0049438200000000015,1859.6669083822212,1859.8144486059991,44.7,0.553,134.5,0.5499030466633609,long_ientry_partial,73.96195977622203,0.03977161686474472,1.0
1667888640000.0,502476,1667888640000.0,0.20146350948143307,-0.004967424,1859.8634044677028,1860.4103011819993,-44.8,0.5544,89.7,0.5499030466633609,long_nclose,49.326303285703474,0.02652146559108236,17.0
1667889060000.0,502483,1667889060000.0,0.42098350948143376,-0.005011328,1860.2793766491843,1860.7776298539993,-44.8,0.5593,44.9,0.5499030466633609,long_nclose,24.690646795184904,0.013272547717891043,7.0
1667889120000.0,502484,1667889120000.0,0.6464232048150979,-0.005067414,1860.9207324399995,1860.9207324399995,-44.9,0.5643,0.0,0.5499030466633609,long_nclose,0.0,0.0,1.0
1667918400000.0,502972,1667918400000.0,0.0,-0.014883242000000001,1860.9058491979995,1860.8925391979994,133.1,0.5591,133.1,0.5591,long_ientry_normal,74.41621,0.0399892396663009,488.0
1667918700000.0,502977,1667918700000.0,0.1993499999999977,-0.004993496,1861.1002057019996,1861.4465257019995,-44.3,0.5636,88.8,0.5591,long_nclose,49.64808,0.02667673661412172,5.0
1667918760000.0,502978,1667918760000.0,0.1331999999999985,-0.0033365120000000007,1861.2300691899995,1861.4609491899996,-29.6,0.5636,59.2,0.5591,long_nclose,33.09872000000001,0.017783250199909166,1.0
1667918820000.0,502979,1667918820000.0,0.08864999999999898,-0.002220584,1861.3164986059994,1861.5100486059994,-19.7,0.5636,39.5,0.5591,long_nclose,22.08445,0.011864962254694333,1.0
1667919000000.0,502982,1667919000000.0,0.05894999999999932,-0.0014766319999999999,1861.3739719739995,1861.5033319739994,-13.1,0.5636,26.4,0.5591,long_nclose,14.76024,0.007929755235777079,3.0
1667919060000.0,502983,1667919060000.0,0.12671999999999922,-0.0015013679999999999,1861.4991906059995,1861.6298706059995,-13.2,0.5687,13.2,0.5591,long_nclose,7.38012,0.003964610909982425,1.0
1667919240000.0,502986,1667919240000.0,0.19271999999999928,-0.001514568,1861.6903960379996,1861.6903960379996,-13.2,0.5737,0.0,0.5591,long_nclose,0.0,0.0,3.0
1667930160000.0,503168,1667930160000.0,0.0,-0.014897520000000001,1861.6754985179996,1862.1638985179995,132.0,0.5643,132.0,0.5643,long_ientry_normal,74.4876,0.04001105458996286,182.0
1667930220000.0,503169,1667930220000.0,0.20239999999999725,-0.00500632,1861.8728921979996,1862.1104921979995,-44.0,0.5689,88.0,0.5643,long_nclose,49.6584,0.026671208441826924,1.0
1667930340000.0,503171,1667930340000.0,0.0,-0.004964960000000001,1861.8679272379995,1861.9647272379996,44.0,0.5642,132.0,0.5642666666666667,long_ientry_partial,74.48320000000001,0.040004556129012124,2.0
1667930400000.0,503172,1667930400000.0,0.19946666666666424,-0.005005440000000001,1862.0623884646661,1862.5669217979994,-44.0,0.5688,88.0,0.5642666666666667,long_nclose,49.65546666666667,0.026666918882137614,1.0
1667930580000.0,503175,1667930580000.0,0.0,-0.004964080000000001,1862.057424384666,1862.0295577179995,44.0,0.5641,132.0,0.5642111111111111,long_ientry_partial,74.47586666666666,0.03999654666465396,3.0
1667930760000.0,503178,1667930760000.0,0.0,-0.01489687,1862.042527514666,1857.5323108479995,135.5,0.5497,267.5,0.5568606230529594,long_rentry,148.96021666666664,0.07999828922569728,3.0
1667930820000.0,503179,1667930820000.0,0.0,-0.01492412,1862.0276033946661,1861.8567867279994,138.7,0.538,406.2,0.5504205235516166,long_rentry,223.58081666666666,0.1200738465203502,1.0
1667931600000.0,503192,1667931600000.0,0.0,-0.022220422,1862.0053829726662,1849.3442563059996,210.7,0.5273,616.9,0.5425237909980007,long_rentry,334.6829266666667,0.17974326483006722,13.0
1667935380000.0,503255,1667935380000.0,0.0,-0.032834536,1861.972548436666,1844.6321417699994,319.9,0.5132,936.8,0.5325102547680045,long_rentry,498.8556066666666,0.2679178095753944,63.0
1667935680000.0,503260,1667935680000.0,0.0,-0.048016472000000004,1861.9245319646661,1814.3701652979994,485.8,0.4942,1422.6,0.5194277848071607,long_rentry,738.9379666666667,0.396867839690019,5.0
1667935800000.0,503262,1667935800000.0,0.0,-0.06913186,1861.8554001046662,1788.3253334379995,737.8,0.4685,2160.4,0.5020353946799976,long_rentry,1084.5972666666669,0.5825357149678193,2.0
1667937660000.0,503293,1667937660000.0,2.9269222909337373,-0.072888522,1864.7094338736,1871.8599549159994,-720.1,0.5061,1440.3,0.5020353946799976,long_nclose,723.0815789576005,0.38777171704201013,31.0
1667937780000.0,503295,1667937780000.0,6.1673722909337805,-0.07353661200000002,1870.8032695525337,1876.5393783039995,-720.1,0.5106,720.2,0.5020353946799976,long_nclose,361.5658912485343,0.19326772468973452,2.0
1667937840000.0,503296,1667937840000.0,3.08411437573289,-0.03677341200000001,1873.8506105162667,1877.7989648919995,-360.1,0.5106,360.1,0.5020353946799976,long_nclose,180.78294562426714,0.0964767119692959,1.0
1667937960000.0,503298,1667937960000.0,4.704564375732872,-0.037097502000000004,1878.5180773899995,1878.5180773899995,-360.1,0.5151,0.0,0.5020353946799976,long_nclose,0.0,0.0,2.0
1667938020000.0,503299,1667938020000.0,0.0,-0.0150246,1878.5030527899994,1878.5030527899994,147.3,0.51,147.3,0.51,long_ientry_normal,75.123,0.039990885236212664,1.0
1667938380000.0,503305,1667938380000.0,0.20130999999999963,-0.005048462,1878.6993143279992,1879.0921143279993,-49.1,0.5141,98.2,0.51,long_nclose,50.082,0.026657805013312663,6.0
1667938440000.0,503306,1667938440000.0,0.0,-0.0049344,1878.6943799279993,1878.7947799279993,48.0,0.514,146.2,0.5113132694938441,long_ientry_partial,74.754,0.03979039954485036,1.0
1667938440000.0,503306,1667938440000.0,0.09112608755129645,-0.0033622140000000005,1878.7821438015508,1878.8600877139995,-32.7,0.5141,113.5,0.5113132694938441,long_nclose,58.03405608755131,0.030889188658204135,0.0
1667938500000.0,503307,1667938500000.0,0.0,-0.00340992,1878.7787338815508,1878.8566777939996,33.3,0.512,146.8,0.5114690469179244,long_ientry_partial,75.0836560875513,0.03996407598910209,1.0
1667938620000.0,503309,1667938620000.0,0.20200360571349493,-0.005042568,1878.9756949192645,1879.1255752259997,-48.9,0.5156,97.9,0.5114690469179244,long_nclose,50.0728196932648,0.026648998083722588,2.0
1667938740000.0,503311,1667938740000.0,0.13466907047566332,-0.003361712,1879.10700227774,1879.2722735139996,-32.6,0.5156,65.3,0.5114690469179244,long_nclose,33.398928763740464,0.017773830188092695,2.0
1667938800000.0,503312,1667938800000.0,0.0,-0.00831652,1879.09868575774,1878.6791569939994,80.9,0.514,146.2,0.5128695537875545,long_ientry_partial,74.98152876374046,0.039902922253124994,1.0
1667938800000.0,503312,1667938800000.0,0.059250682810066214,-0.0022377039999999996,1879.15569873655,1878.7984392899994,-21.7,0.5156,124.5,0.5128695537875545,long_nclose,63.85225944655053,0.03397922774013967,0.0
1667940360000.0,503338,1667940360000.0,0.1714135178164889,-0.0042911,1879.3228211543665,1879.6656481899995,-41.5,0.517,83.0,0.5128695537875545,long_nclose,42.56817296436702,0.02265080404771528,26.0
1667940480000.0,503340,1667940480000.0,0.11400031546349623,-0.0028538400000000003,1879.43396762983,1879.6627943499996,-27.6,0.517,55.4,0.5128695537875545,long_nclose,28.412973279830517,0.015117835353195386,2.0
1667940600000.0,503342,1667940600000.0,0.0,-0.009306,1879.42466162983,1879.0718883499997,90.0,0.517,145.4,0.5154262261336349,long_ientry_partial,74.94297327983051,0.03987548679649667,2.0
1667941980000.0,503365,1667941980000.0,0.20201065513206998,-0.005029728,1879.6216425569621,1880.0652986219995,-48.4,0.5196,97.0,0.5154262261336349,long_nclose,49.99634393496258,0.026599153150284837,23.0
1667942040000.0,503366,1667942040000.0,0.0,-0.004950400000000001,1879.616692156962,1879.9157482219994,47.6,0.52,144.6,0.5169318391076251,long_ientry_partial,74.74834393496258,0.03976786556900854,1.0
1667943720000.0,503394,1667943720000.0,0.20090535501247153,-0.005023404,1879.8125741079746,1880.2047448179994,-48.2,0.5211,96.4,0.5169318391076251,long_nclose,49.83222928997506,0.026509147760979252,28.0
1667943840000.0,503396,1667943840000.0,0.1337979646452352,-0.003345462,1879.9430266106199,1880.2046093559995,-32.1,0.5211,64.3,0.5169318391076251,long_nclose,33.23871725462029,0.017680704566109602,2.0
1667943900000.0,503397,1667943900000.0,0.08919864309682346,-0.002230308,1880.0299949457167,1880.2903190479997,-21.4,0.5211,42.9,0.5169318391076251,long_nclose,22.176375897717115,0.011795756428001793,1.0
1667943960000.0,503398,1667943960000.0,0.0,-0.010554140000000002,1880.0194408057166,1879.7045649079996,100.9,0.523,143.8,0.52118967939998,long_ientry_partial,74.94707589771713,0.03986505366433721,1.0
1667947740000.0,503461,1667947740000.0,0.0,-0.015041036,1880.0043997697167,1877.5535438719994,148.1,0.5078,291.9,0.5143962175324328,long_rentry,150.1522558977171,0.0798680343067864,63.0
1667948700000.0,503477,1667948700000.0,0.4090280340942828,-0.010091956,1880.403335847811,1881.2992319159996,-97.3,0.5186,194.6,0.5143962175324328,long_nclose,100.10150393181142,0.05323405996122582,16.0
1667949000000.0,503482,1667949000000.0,0.2724051038983507,-0.006721055999999999,1880.6690198957092,1881.6559908599995,-64.8,0.5186,129.8,0.5143962175324328,long_nclose,66.76862903570978,0.035502594198851836,5.0
1667949240000.0,503486,1667949240000.0,0.1816034025989005,-0.004480704,1880.8461425943083,1881.1582301559995,-43.2,0.5186,86.6,0.5143962175324328,long_nclose,44.54671243830868,0.023684400031181736,4.0
1667949360000.0,503488,1667949360000.0,0.0,-0.00607096,1880.8400716343083,1880.8617591959996,58.6,0.518,145.2,0.5158506366274702,long_ientry_partial,74.90151243830867,0.0398234350532658,2.0
1667949360000.0,503488,1667949360000.0,0.07918166512885634,-0.002987136,1880.916266163437,1880.9336520599995,-28.8,0.5186,116.4,0.5158506366274702,long_nclose,60.04501410343754,0.03192327866136923,0.0
1667949420000.0,503489,1667949420000.0,0.0,-0.0030340799999999998,1880.9132320834372,1880.7848179799996,29.4,0.516,145.8,0.51588075516761,long_ientry_partial,75.21541410343754,0.039988773974503566,1.0
1667950440000.0,503506,1667950440000.0,0.20505529885415405,-0.005055372000000001,1881.1132320102913,1881.6108226079996,-48.6,0.5201,97.2,0.51588075516761,long_nclose,50.143609402291695,0.02665634824582286,17.0
1667950620000.0,503509,1667950620000.0,0.42861529885415645,-0.005100084,1881.5367472251453,1882.0771425239996,-48.6,0.5247,48.6,0.51588075516761,long_nclose,25.071804701145847,0.013325174083430084,3.0
1667950800000.0,503512,1667950800000.0,0.6570352988541529,-0.005145768,1882.1886367559996,1882.1886367559996,-48.6,0.5294,0.0,0.51588075516761,long_nclose,0.0,0.0,3.0
1667951520000.0,503524,1667951520000.0,0.0,-0.015061380000000001,1882.1735753759997,1882.0284753759997,145.1,0.519,145.1,0.519,long_ientry_normal,75.3069,0.04001060315861465,12.0
1667953320000.0,503554,1667953320000.0,0.2028599999999991,-0.005054112,1882.3713812639999,1882.8553812639998,-48.3,0.5232,96.8,0.519,long_nclose,50.2392,0.026689313543571146,30.0
1667953860000.0,503563,1667953860000.0,0.13523999999999942,-0.003369408,1882.503251856,1882.9554518559999,-32.2,0.5232,64.6,0.519,long_nclose,33.5274,0.01781000907538652,9.0
1667953980000.0,503565,1667953980000.0,0.2874700000000006,-0.003410234,1882.7873116219998,1882.9811116219998,-32.3,0.5279,32.3,0.519,long_nclose,16.7637,0.008903661022422264,2.0
1667954760000.0,503578,1667954760000.0,0.0,-0.01172228,1882.7755893419999,1882.633289342,113.5,0.5164,145.8,0.5169759945130316,long_ientry_partial,75.3751,0.040034032959999445,13.0
1667961360000.0,503688,1667961360000.0,0.0,-0.015060630000000002,1882.7605287119998,1881.5040787119997,149.5,0.5037,295.3,0.5102548256010837,long_rentry,150.67825000000002,0.08003049123994506,110.0
1667962800000.0,503712,1667962800000.0,0.0,-0.015095659999999999,1882.7454330519997,1877.6500830519997,153.1,0.493,448.4,0.5043634032114185,long_rentry,226.15655000000004,0.12012062067965924,24.0
1667972520000.0,503874,1667972520000.0,0.6180075602140717,-0.01519398,1883.3482466322137,1885.3325890719996,-149.4,0.5085,299.0,0.5043634032114185,long_nclose,150.80465756021414,0.08007263544056797,162.0
1667981520000.0,504024,1667981520000.0,0.0,-0.015116046000000001,1883.3331305862137,1878.0949430259996,155.1,0.4873,454.1,0.4985353172433695,long_rentry,226.3848875602141,0.1202043780166224,150.0
1667983080000.0,504050,1667983080000.0,0.0,-0.02249496,1883.3106356262138,1874.0797480659996,235.5,0.4776,689.6,0.4913858578309369,long_rentry,338.8596875602141,0.17992766628620507,26.0
1667987040000.0,504116,1667987040000.0,0.0,-0.033242496,1883.2773931302138,1867.2476255699999,357.6,0.4648,1047.2,0.48230726466788965,long_rentry,505.07216756021404,0.2681878778997759,66.0
1668010920000.0,504514,1668010920000.0,0.0,-0.048618312000000004,1883.2287748182139,1845.9291472579998,543.1,0.4476,1590.3,0.4704544598882061,long_rentry,748.1637275602142,0.3972771325313005,398.0
1668018480000.0,504640,1668018480000.0,0.0,-0.069992528,1883.1587822902138,1804.2046147299995,824.8,0.4243,2415.1,0.4546918833837995,long_rentry,1098.1263675602142,0.5831299930135057,126.0
1668029280000.0,504820,1668029280000.0,0.0,-0.09842145000000001,1883.060360840214,1697.5175432799997,1252.5,0.3929,3667.6,0.4335897092268007,long_rentry,1590.233617560214,0.8444942342956326,180.0
1668047580000.0,505125,1668047580000.0,4.291330470236156,-0.10687094999999999,1887.24482036045,1898.0284223299996,-1222.5,0.4371,2445.1,0.4335897092268007,long_nclose,1060.1701980304504,0.5617555213784959,305.0
1668047820000.0,505129,1668047820000.0,2.8608869801574373,-0.0712473,1890.0344600406072,1900.4838750299994,-815.0,0.4371,1630.1,0.4335897092268007,long_nclose,706.7945850106078,0.3739585705730584,4.0
1668047880000.0,505130,1668047880000.0,6.039386980157449,-0.071883,1896.0019640207645,1906.9326920299993,-815.0,0.441,815.1,0.4335897092268007,long_nclose,353.4189719907653,0.18640221829796308,1.0
1668047880000.0,505130,1668047880000.0,9.21901800923478,-0.072527598,1905.1484544319992,1905.1484544319992,-815.1,0.4449,0.0,0.4335897092268007,long_nclose,0.0,0.0,0.0
1668132780000.0,506545,1668132780000.0,0.0,-0.015239140000000002,1905.1332152919992,1905.1655152919993,161.5,0.4718,161.5,0.4718,long_ientry_normal,76.1957,0.03999494596409181,1415.0
1668136740000.0,506611,1668136740000.0,0.0,-0.015243652000000002,1905.1179716399993,1902.9347116399993,165.8,0.4597,327.3,0.4656705163458601,long_rentry,152.41396,0.0800023737473833,66.0
1668144600000.0,506742,1668144600000.0,0.4068866666666616,-0.010242307999999999,1905.514615998666,1906.4593093319993,-109.1,0.4694,218.2,0.4656705163458601,long_nclose,101.60930666666667,0.053323813847218376,131.0
1668145200000.0,506752,1668145200000.0,0.2711334616559698,-0.006825076,1905.778924384322,1906.4088642559993,-72.7,0.4694,145.5,0.4656705163458601,long_nclose,67.75506012832264,0.035552423873200026,10.0
1668145680000.0,506760,1668145680000.0,0.5764734616559725,-0.006886144,1906.348511701978,1906.8820981119993,-72.7,0.4736,72.8,0.4656705163458601,long_nclose,33.90081358997861,0.017783114358094022,8.0
1668145860000.0,506763,1668145860000.0,0.28863320501069323,-0.003447808,1906.6336970989887,1906.9368903039995,-36.4,0.4736,36.4,0.4656705163458601,long_nclose,16.950406794989306,0.008890227221295814,3.0
1668145980000.0,506765,1668145980000.0,0.14431660250534661,-0.001723904,1906.776289797494,1906.9278863999994,-18.2,0.4736,18.2,0.4656705163458601,long_nclose,8.475203397494653,0.004444781195802864,2.0
1668146220000.0,506769,1668146220000.0,0.07215830125267331,-0.000861952,1906.8475861467468,1906.9233844479995,-9.1,0.4736,9.1,0.4656705163458601,long_nclose,4.237601698747326,0.002222307503511825,4.0
1668146460000.0,506773,1668146460000.0,0.03568267644362966,-0.00042624000000000004,1906.8828425831905,1906.9303582079995,-4.5,0.4736,4.6,0.4656705163458601,long_nclose,2.142084375190956,0.0011233434626162697,4.0
1668148500000.0,506807,1668148500000.0,0.018237812404521825,-0.00021785600000000002,1906.900862539595,1906.9177203519996,-2.3,0.4736,2.3,0.4656705163458601,long_nclose,1.071042187595478,0.0005616664235858979,34.0
1668148620000.0,506809,1668148620000.0,0.008722432019553916,-0.00010419200000000002,1906.9094807796146,1906.9218761599996,-1.1,0.4736,1.2,0.4656705163458601,long_nclose,0.5588046196150321,0.000293042027032438,2.0
1668150180000.0,506835,1668150180000.0,0.004757690192483954,-5.683200000000001e-05,1906.9141816378071,1906.9191793279997,-0.6,0.4736,0.6,0.4656705163458601,long_nclose,0.27940230980751607,0.0001465206523177375,26.0
1668150840000.0,506846,1668150840000.0,0.002378845096241977,-2.8416000000000004e-05,1906.9165320669033,1906.9199309119995,-0.3,0.4736,0.3,0.4656705163458601,long_nclose,0.13970115490375803,7.326023585958229e-05,11.0
1668150960000.0,506848,1668150960000.0,0.0036388450962419714,-2.8668e-05,1906.9201422439996,1906.9201422439996,-0.3,0.4778,0.0,0.4656705163458601,long_nclose,0.0,0.0,2.0
1668175260000.0,507253,1668175260000.0,0.0,-0.015254624,1906.9048876199997,1906.7055676199998,166.1,0.4592,166.1,0.4592,long_ientry_normal,76.27311999999999,0.03999838717451512,405.0
1668176220000.0,507269,1668176220000.0,0.0,-0.01525634,1906.8896312799998,1904.4584112799998,170.5,0.4474,336.6,0.45322287581699344,long_rentry,152.55482,0.0800019138483634,16.0
1668176400000.0,507272,1668176400000.0,0.0,-0.015291468,1906.8743398119998,1901.7677798119998,174.6,0.4379,511.2,0.44798935837245696,long_rentry,229.01216,0.12009819169446607,3.0
1668178020000.0,507299,1668178020000.0,0.6152533333333345,-0.015390528,1907.4742026173333,1909.181829284,-170.4,0.4516,340.8,0.44798935837245696,long_nclose,152.67477333333335,0.08004028213007612,27.0
1668178200000.0,507302,1668178200000.0,0.4101688888888897,-0.010260351999999999,1907.8741111542222,1908.785328932,-113.6,0.4516,227.2,0.44798935837245696,long_nclose,101.78318222222222,0.053349003284417766,3.0
1668178800000.0,507312,1668178800000.0,0.2733255712050084,-0.006837224000000001,1908.1405995014272,1908.748211708,-75.7,0.4516,151.5,0.44798935837245696,long_nclose,67.87038779342723,0.03556886102164636,10.0
1668183180000.0,507385,1668183180000.0,0.0,-0.015265286000000001,1908.1253342154273,1905.825516422,174.7,0.4369,326.2,0.4420503304519535,long_rentry,144.19681779342724,0.0755698879983255,73.0
1668190080000.0,507500,1668190080000.0,0.3858490798726518,-0.009687344,1908.5014959513,1909.360549078,-108.7,0.4456,217.5,0.4420503304519535,long_nclose,96.14594687329989,0.050377716274922574,115.0
1668190680000.0,507510,1668190680000.0,0.2573510422333694,-0.006461199999999999,1908.7523857935332,1909.325087878,-72.5,0.4456,145.0,0.4420503304519535,long_nclose,64.09729791553326,0.033580729691602106,10.0
1668199140000.0,507651,1668199140000.0,0.0,-0.015273104000000001,1908.7371126895332,1906.455194774,177.1,0.4312,322.1,0.43608450144530664,long_rentry,140.46281791553326,0.07358939949441866,141.0
1668201720000.0,507694,1668201720000.0,0.3772129949185967,-0.009433816000000001,1909.104891868452,1910.1607409580001,-107.3,0.4396,214.8,0.43608450144530664,long_nclose,93.67095091045186,0.04906537682105857,43.0
1668204720000.0,507744,1668204720000.0,0.251709696516044,-0.006295072,1909.3503064929678,1909.9110058859999,-71.6,0.4396,143.2,0.43608450144530664,long_nclose,62.44730060696791,0.032706046865579666,50.0
1668205080000.0,507750,1668205080000.0,0.16768928105887293,-0.004193784000000001,1909.5138019900266,1909.7922321019998,-47.7,0.4396,95.5,0.43608450144530664,long_nclose,41.64606988802679,0.021809776836713486,6.0
1668205260000.0,507753,1668205260000.0,0.11179285403924862,-0.0027958559999999998,1909.622798988066,1909.808516246,-31.8,0.4396,63.7,0.43608450144530664,long_nclose,27.778582742066035,0.014546633375337929,3.0
1668205800000.0,507762,1668205800000.0,0.07452856935949907,-0.0018639039999999998,1909.6954636534256,1909.861872342,-21.2,0.4396,42.5,0.43608450144530664,long_nclose,18.533591311425532,0.009704998343541667,9.0
1668206880000.0,507780,1668206880000.0,0.04956852962117627,-0.001239672,1909.7437925110466,1909.88339267,-14.1,0.4396,28.4,0.43608450144530664,long_nclose,12.384799841046707,0.006485058304476761,18.0
1668208020000.0,507799,1668208020000.0,0.033045686414117516,-0.0008264480000000001,1909.7760117494608,1909.850406222,-9.4,0.4396,19.0,0.43608450144530664,long_nclose,8.285605527460826,0.004338522149448694,19.0
1668208560000.0,507808,1668208560000.0,0.02214764089456812,-0.000553896,1909.7976054943556,1909.8473323260002,-6.3,0.4396,12.7,0.43608450144530664,long_nclose,5.538273168355394,0.0028999267526685366,9.0
1668208800000.0,507812,1668208800000.0,0.014765093929712082,-0.000369264,1909.8120013242853,1909.8452830620001,-4.2,0.4396,8.5,0.43608450144530664,long_nclose,3.7067182622851065,0.0019408812279506182,4.0
1668209040000.0,507816,1668209040000.0,0.009843395953141387,-0.000246176,1909.8215985442384,1909.8439168860002,-2.8,0.4396,5.7,0.43608450144530664,long_nclose,2.485681658238248,0.001301525577118281,4.0
1668210540000.0,507841,1668210540000.0,0.021043395953141395,-0.000248416,1909.8423935241915,1909.86534847,-2.8,0.4436,2.9,0.43608450144530664,long_nclose,1.2646450541913892,0.0006621724695605728,25.0
1668210660000.0,507843,1668210660000.0,0.010521697976570698,-0.000124208,1909.8527910141681,1909.8646642620001,-1.4,0.4436,1.5,0.43608450144530664,long_nclose,0.6541267521679599,0.00034250113686542627,2.0
1668213960000.0,507898,1668213960000.0,0.0017577492773466763,-4.396e-05,1909.8545048034455,1909.8574203020003,-0.5,0.4396,1.0,0.43608450144530664,long_nclose,0.43608450144530664,0.00022833388635025195,55.0
1668214020000.0,507899,1668214020000.0,0.0010546495664080057,-2.6376e-05,1909.8555330770118,1909.858273926,-0.3,0.4396,0.7,0.43608450144530664,long_nclose,0.30525915101171464,0.00015983363439008637,1.0
1668214740000.0,507911,1668214740000.0,0.0007030997109386706,-1.7584e-05,1909.8562185927228,1909.8581763420002,-0.2,0.4396,0.5,0.43608450144530664,long_nclose,0.21804225072265332,0.00011416684072862705,12.0
1668223380000.0,508055,1668223380000.0,0.0,-0.015235360000000002,1909.840983232723,1909.6575409820002,178.4,0.427,178.9,0.42702538988665545,long_ientry_partial,76.39484225072266,0.04000062985422572,144.0
1668227340000.0,508121,1668227340000.0,0.0,-0.01527552,1909.825707712723,1907.8532654620003,183.6,0.416,362.5,0.4214412200019935,long_rentry,152.77244225072266,0.07999287140902953,66.0
1668229740000.0,508161,1668229740000.0,0.0,-0.015310720000000002,1909.810396992723,1904.5378547420005,188.0,0.4072,550.5,0.41657773342547255,long_rentry,229.32604225072265,0.12007791067209089,40.0
1668231480000.0,508190,1668231480000.0,0.0,-0.02278861,1909.7876083827232,1900.0825161320006,285.5,0.3991,836.0,0.4106089620223955,long_rentry,343.2690922507226,0.17974202510477866,29.0
1668235260000.0,508253,1668235260000.0,0.9168831805606121,-0.023062508000000002,1910.6814290552838,1910.3419936240007,-278.6,0.4139,557.4,0.4106089620223955,long_nclose,228.87343543128324,0.11978628773528577,63.0
1668237300000.0,508287,1668237300000.0,0.6114748562389151,-0.015380524000000001,1911.2775233875227,1912.5376331000004,-185.8,0.4139,371.6,0.4106089620223955,long_nclose,152.58229028752217,0.079832618978895,34.0
1668237540000.0,508291,1668237540000.0,0.4074305016274363,-0.010248164,1911.6747057251503,1912.7628049360007,-123.8,0.4139,247.8,0.4106089620223955,long_nclose,101.7489007891496,0.05322500762521387,4.0
1668238380000.0,508305,1668238380000.0,0.2718397369501312,-0.006837628,1911.9397078341003,1912.3347073080006,-82.6,0.4139,165.2,0.4106089620223955,long_nclose,67.83260052609972,0.035478420291266625,14.0
1668239520000.0,508324,1668239520000.0,0.18100708876824717,-0.0045528999999999995,1912.1161620228686,1912.4898544080006,-55.0,0.4139,110.2,0.4106089620223955,long_nclose,45.24910761486799,0.02366441355058575,19.0
1668241020000.0,508349,1668241020000.0,0.12078109377808494,-0.0030380260000000005,1912.2339050906467,1912.4831463820005,-36.7,0.4139,73.5,0.4106089620223955,long_nclose,30.17975870864607,0.015782461877860827,25.0
1668241740000.0,508361,1668241740000.0,0.0,-0.009291564000000002,1912.2246135266466,1911.9646348180006,113.7,0.4086,187.2,0.40938877515302396,long_ientry_partial,76.63757870864607,0.04007770748610236,12.0
1668242280000.0,508370,1668242280000.0,0.2066204304513053,-0.005150496,1912.426083461098,1912.8767643220006,-62.4,0.4127,124.8,0.40938877515302396,long_nclose,51.09171913909739,0.026715656924440126,9.0
1668243600000.0,508392,1668243600000.0,0.13774695363420353,-0.0034336640000000003,1912.560396750732,1912.8608506580003,-41.6,0.4127,83.2,0.40938877515302396,long_nclose,34.0611460927316,0.01780918717683291,22.0
1668248100000.0,508467,1668248100000.0,0.09172092826123648,-0.002286358,1912.6498313209934,1912.9057543000006,-27.7,0.4127,55.5,0.40938877515302396,long_nclose,22.72107702099283,0.011879371042685978,75.0
1668248220000.0,508469,1668248220000.0,0.19421092826123595,-0.002306856,1912.8417353932548,1913.0255274440008,-27.7,0.4164,27.8,0.40938877515302396,long_nclose,11.381007949254066,0.005949790690296854,2.0
1668248640000.0,508476,1668248640000.0,0.09745602537296678,-0.001157592,1912.9380338266278,1913.0299298520008,-13.9,0.4164,13.9,0.40938877515302396,long_nclose,5.690503974627033,0.0029747455871551617,7.0
1668249180000.0,508485,1668249180000.0,0.04837745144413459,-0.000574632,1912.985836646072,1913.0391152200007,-6.9,0.4164,7.0,0.40938877515302396,long_nclose,2.865721426071168,0.0014980358825319232,9.0
1668250800000.0,508512,1668250800000.0,0.007615817148044906,-0.00018984200000000002,1912.9932626212199,1913.0102353780007,-2.3,0.4127,4.7,0.40938877515302396,long_nclose,1.9241272432192127,0.0010058201880871953,27.0
1668252240000.0,508536,1668252240000.0,0.0049668372704640695,-0.00012381,1912.9981056484903,1913.0096615680006,-1.5,0.4127,3.2,0.40938877515302396,long_nclose,1.3100440804896767,0.0006848120113770749,24.0
1668254400000.0,508572,1668254400000.0,0.011217959755161645,-0.000133248,1913.0091903602454,1913.0213683200006,-1.6,0.4164,1.6,0.40938877515302396,long_nclose,0.6550220402448383,0.00034240402165631464,36.0
1668255180000.0,508585,1668255180000.0,0.005608979877580822,-6.6624e-05,1913.0147327161228,1913.0208216960004,-0.8,0.4164,0.8,0.40938877515302396,long_nclose,0.32751102012241917,0.00017120151482441268,13.0
1668255300000.0,508587,1668255300000.0,0.002804489938790411,-3.3312e-05,1913.0175038940617,1913.0201483840005,-0.4,0.4164,0.4,0.40938877515302396,long_nclose,0.16375551006120959,8.560063341180905e-05,2.0
1668256620000.0,508609,1668256620000.0,0.0014022449693952056,-1.6656e-05,1913.018889483031,1913.0204117280005,-0.2,0.4164,0.2,0.40938877515302396,long_nclose,0.08187775503060479,4.280028570587257e-05,22.0
1668258900000.0,508647,1668258900000.0,0.00033112248469760464,-8.254000000000001e-06,1913.0192123515158,1913.0196734740005,-0.1,0.4127,0.1,0.40938877515302396,long_nclose,0.040938877515302396,2.1400139241142086e-05,38.0
1668261000000.0,508682,1668261000000.0,0.00033112248469760464,-8.254000000000001e-06,1913.0195352200005,1913.0195352200005,-0.1,0.4127,0.0,0.40938877515302396,long_nclose,0.0,0.0,35.0
1668329820000.0,509829,1668329820000.0,0.0,-0.015301676000000002,1913.0042335440005,1912.9852535440004,189.8,0.4031,189.8,0.4031,long_ientry_normal,76.50838,0.039993837263110406,1147.0
1668338880000.0,509980,1668338880000.0,0.20855999999999808,-0.005136896,1913.2076566480005,1913.8279966480004,-63.2,0.4064,126.6,0.4031,long_nclose,51.03246,0.02667376947958198,151.0
1668339240000.0,509986,1668339240000.0,0.13925999999999872,-0.003430016,1913.3434866320003,1913.8414466320003,-42.2,0.4064,84.4,0.4031,long_nclose,34.021640000000005,0.017781250589713637,6.0
1668342120000.0,510034,1668342120000.0,0.09272999999999915,-0.0022839680000000004,1913.4339326640004,1913.7098026640003,-28.1,0.4064,56.3,0.4031,long_nclose,22.69453,0.01186062900452658,48.0
1668342480000.0,510040,1668342480000.0,0.06170999999999943,-0.001519936,1913.4941227280003,1913.6031627280004,-18.7,0.4064,37.6,0.4031,long_nclose,15.15656,0.007920881397007811,6.0
1668343800000.0,510062,1668343800000.0,0.04124999999999962,-0.001016,1913.5343567280004,1913.6322467280004,-12.5,0.4064,25.1,0.4031,long_nclose,10.11781,0.0052874984786271065,22.0
1668343920000.0,510064,1668343920000.0,0.02738999999999975,-0.0006746240000000001,1913.5610721040002,1913.6265921040003,-8.3,0.4064,16.8,0.4031,long_nclose,6.772080000000001,0.0035389933975579664,2.0
1668345120000.0,510084,1668345120000.0,0.01847999999999983,-0.00045516799999999994,1913.5790969360003,1913.6227769360003,-5.6,0.4064,11.2,0.4031,long_nclose,4.51472,0.0023593067081621633,20.0
1668346440000.0,510106,1668346440000.0,0.012209999999999888,-0.000300736,1913.5910062000003,1913.6202562000003,-3.7,0.4064,7.5,0.4031,long_nclose,3.02325,0.0015798830524415743,22.0
1668346620000.0,510109,1668346620000.0,0.008249999999999924,-0.0002032,1913.5990530000004,1913.6235530000004,-2.5,0.4064,5.0,0.4031,long_nclose,2.0155000000000003,0.001053250939291722,3.0
1668346740000.0,510111,1668346740000.0,0.017249999999999904,-0.000205,1913.6160980000004,1913.6383480000004,-2.5,0.41,2.5,0.4031,long_nclose,1.0077500000000001,0.0005266207788768298,2.0
1668346800000.0,510112,1668346800000.0,0.026250000000000023,-0.0002068,1913.6421412000004,1913.6421412000004,-2.5,0.4136,0.0,0.4031,long_nclose,0.0,0.0,1.0
1668385440000.0,510756,1668385440000.0,0.0,-0.015305582,1913.6268356180003,1911.2812256180002,190.7,0.4013,190.7,0.4013,long_ientry_normal,76.52790999999999,0.039991030944800436,644.0
1668385440000.0,510756,1668385440000.0,0.0,-0.01531156,1913.6115240580002,1910.8743140580002,195.8,0.391,386.5,0.3960820439844761,long_rentry,153.08571,0.07999832153778359,0.0
1668385920000.0,510764,1668385920000.0,0.414472734799476,-0.010285968000000001,1914.0157108247997,1914.5099680900003,-128.8,0.3993,257.7,0.3960820439844761,long_nclose,102.07034273479948,0.05332785000537675,8.0
1668385980000.0,510765,1668385980000.0,0.27642242173350146,-0.0068599740000000005,1914.2852732725332,1915.1301781160003,-85.9,0.3993,171.8,0.3960820439844761,long_nclose,68.046895156533,0.035546893718826245,1.0
1668386160000.0,510768,1668386160000.0,0.5856624217335008,-0.006921822,1914.8640138722667,1915.4582662940002,-85.9,0.4029,85.9,0.3960820439844761,long_nclose,34.0234475782665,0.017768075086159133,3.0
1668386460000.0,510773,1668386460000.0,0.2924903130659742,-0.0034568819999999997,1915.1530473033329,1915.5365194120004,-42.9,0.4029,43.0,0.3960820439844761,long_nclose,17.031527891332473,0.00889303751223122,5.0
1668386820000.0,510779,1668386820000.0,0.1465860543337633,-0.00173247,1915.2979008876666,1915.4036369420005,-21.5,0.4029,21.5,0.3960820439844761,long_nclose,8.515763945666237,0.004446182466821223,6.0
1668387120000.0,510784,1668387120000.0,0.07295212936610544,-0.000862206,1915.3699908110327,1915.4447047360004,-10.7,0.4029,10.8,0.3960820439844761,long_nclose,4.277686075032342,0.002233347131653151,5.0
1668387480000.0,510790,1668387480000.0,0.03681696248382892,-0.0004351320000000001,1915.4063726415166,1915.4383296040003,-5.4,0.4029,5.4,0.3960820439844761,long_nclose,2.138843037516171,0.001116652355377995,6.0
1668387540000.0,510791,1668387540000.0,0.01840848124191446,-0.00021756600000000004,1915.4245635567586,1915.4432420380006,-2.7,0.4029,2.7,0.3960820439844761,long_nclose,1.0694215187580856,0.0005583208752279301,1.0
1668387840000.0,510796,1668387840000.0,0.008863342820181036,-0.000104754,1915.4333221455788,1915.4444072840006,-1.3,0.4029,1.4,0.3960820439844761,long_nclose,0.5545148615782665,0.00028949838930290975,5.0
1668387900000.0,510797,1668387900000.0,0.014445138421733427,-0.00011379199999999998,1915.4476534920004,1915.4476534920004,-1.4,0.4064,0.0,0.3960820439844761,long_nclose,0.0,0.0,1.0
1668389820000.0,510829,1668389820000.0,0.0,-0.015325440000000001,1915.4323280520005,1916.1811280520005,192.0,0.3991,192.0,0.3991,long_ientry_normal,76.6272,0.04000517213674161,32.0
1668394380000.0,510905,1668394380000.0,0.20479999999999876,-0.00514944,1915.6319786120005,1915.6191786120005,-64.0,0.4023,128.0,0.3991,long_nclose,51.0848,0.02666733515119864,76.0
1668394740000.0,510911,1668394740000.0,0.1363199999999992,-0.0034275959999999998,1915.7648710160006,1916.0979310160005,-42.6,0.4023,85.4,0.3991,long_nclose,34.08314,0.017790878471388015,6.0
1668394860000.0,510913,1668394860000.0,0.09087999999999945,-0.002285064,1915.8534659520005,1916.0757659520004,-28.4,0.4023,57.0,0.3991,long_nclose,22.7487,0.011873924809116868,2.0
1668394980000.0,510915,1668394980000.0,0.06079999999999963,-0.00152874,1915.9127372120006,1916.0609372120007,-19.0,0.4023,38.0,0.3991,long_nclose,15.1658,0.007915704982508223,2.0
1668399480000.0,510990,1668399480000.0,0.0,-0.01233533,1915.9004018820006,1915.6909518820005,156.5,0.3941,194.5,0.3950768637532134,long_ientry_partial,76.84245,0.04010774773287651,75.0
1668407880000.0,511130,1668407880000.0,0.2088592287917721,-0.005161967999999999,1916.1040991427924,1916.4832299140007,-64.8,0.3983,129.7,0.3950768637532134,long_nclose,51.24146922879177,0.026742528890635782,140.0
1668408000000.0,511132,1668408000000.0,0.1392394858611814,-0.003441312,1916.2398973166537,1916.6657486020008,-43.2,0.3983,86.5,0.3950768637532134,long_nclose,34.17414871465296,0.01783396158409375,2.0
1668408060000.0,511133,1668408060000.0,0.29043948586118157,-0.003471552,1916.526865250515,1916.9565370500009,-43.2,0.4018,43.3,0.3950768637532134,long_nclose,17.106828200514137,0.008925952727658766,1.0
1668408120000.0,511134,1668408120000.0,0.4469917994858598,-0.003510764,1916.9703462860007,1916.9703462860007,-43.3,0.4054,0.0,0.3950768637532134,long_nclose,0.0,0.0,1.0
1668537600000.0,513292,1668537600000.0,0.0,-0.015336272000000003,1916.9550100140007,1917.1020500140007,183.8,0.4172,183.8,0.4172,long_ientry_normal,76.68136000000001,0.0400016482387033,2158.0
1668537780000.0,513295,1668537780000.0,0.2080799999999975,-0.005148144,1917.1579418700007,1917.5012218700008,-61.2,0.4206,122.6,0.4172,long_nclose,51.14872,0.02667945028572315,3.0
1668537900000.0,513297,1668537900000.0,0.1387199999999983,-0.0034320959999999995,1917.2932297740006,1917.5222697740005,-40.8,0.4206,81.8,0.4172,long_nclose,34.12696,0.017799551716991505,2.0
1668537960000.0,513298,1668537960000.0,0.09247999999999887,-0.0022880640000000002,1917.3834217100007,1917.5909017100007,-27.2,0.4206,54.6,0.4172,long_nclose,22.779120000000002,0.011880315508144248,1.0
1668538740000.0,513311,1668538740000.0,0.06187999999999924,-0.0015309839999999998,1917.4437707260006,1917.5456907260007,-18.2,0.4206,36.4,0.4172,long_nclose,15.18608,0.007919961060579161,13.0
1668538860000.0,513313,1668538860000.0,0.041139999999999496,-0.0010178519999999999,1917.4838928740007,1917.5519328740008,-12.1,0.4206,24.3,0.4172,long_nclose,10.137960000000001,0.005287116120075891,2.0
1668539460000.0,513323,1668539460000.0,0.027539999999999662,-0.000681372,1917.5107515020009,1917.5885115020008,-8.1,0.4206,16.2,0.4172,long_nclose,6.75864,0.0035246947088593402,10.0
1668540960000.0,513348,1668540960000.0,0.01835999999999978,-0.00045424800000000003,1917.5286572540008,1917.5804972540009,-5.4,0.4206,10.8,0.4172,long_nclose,4.50576,0.0023497745303334757,25.0
1668553800000.0,513562,1668553800000.0,0.03833999999999998,-0.000458244,1917.566539010001,1917.614059010001,-5.4,0.4243,5.4,0.4172,long_nclose,2.25288,0.0011748640551284934,214.0
1668554520000.0,513574,1668554520000.0,0.01916999999999999,-0.000229122,1917.585479888001,1917.606539888001,-2.7,0.4243,2.7,0.4172,long_nclose,1.12644,0.0005874262252266279,12.0
1668555900000.0,513597,1668555900000.0,0.009229999999999993,-0.00011031800000000001,1917.5945995700008,1917.6055195700008,-1.3,0.4243,1.4,0.4172,long_nclose,0.5840799999999999,0.0003045899274700572,23.0
1668556440000.0,513606,1668556440000.0,0.004969999999999996,-5.9402000000000005e-05,1917.5995101680007,1917.6049701680008,-0.7,0.4243,0.7,0.4172,long_nclose,0.29203999999999997,0.00015229457373735686,9.0
1668559680000.0,513660,1668559680000.0,0.0021299999999999986,-2.5458e-05,1917.6016147100008,1917.6051347100008,-0.3,0.4243,0.4,0.4172,long_nclose,0.16688000000000003,8.702537519777658e-05,54.0
1668560700000.0,513677,1668560700000.0,0.0014199999999999992,-1.6972000000000003e-05,1917.603017738001,1917.604577738001,-0.2,0.4243,0.2,0.4172,long_nclose,0.08344000000000001,4.3512655762518356e-05,17.0
1668562320000.0,513704,1668562320000.0,0.0007099999999999996,-8.486000000000001e-06,1917.603719252001,1917.604499252001,-0.1,0.4243,0.1,0.4172,long_nclose,0.04172000000000001,2.175631992217543e-05,27.0
1668563160000.0,513718,1668563160000.0,0.0010899999999999966,-8.562e-06,1917.604800690001,1917.604800690001,-0.1,0.4281,0.0,0.4172,long_nclose,0.0,0.0,14.0
1668587700000.0,514127,1668587700000.0,0.0,-0.015344560000000002,1917.589456130001,1917.478156130001,185.5,0.4136,185.5,0.4136,long_ientry_normal,76.7228,0.04001002391556677,409.0
1668607440000.0,514456,1668607440000.0,0.0,-0.015338180000000003,1917.574117950001,1915.232017950001,190.3,0.403,375.8,0.40823230441724323,long_rentry,153.4137,0.08000405228873668,329.0
1668645180000.0,515085,1668645180000.0,0.4216354869611503,-0.010306464000000001,1917.985446972962,1918.929631486001,-125.2,0.4116,250.6,0.40823230441724323,long_nclose,102.30301548696116,0.053338786093721245,629.0
1668645540000.0,515091,1668645540000.0,0.28120258116019203,-0.006873720000000001,1918.2597758341224,1918.555157766001,-83.5,0.4116,167.1,0.40823230441724323,long_nclose,68.21561806812134,0.035561199232496524,6.0
1668646260000.0,515103,1668646260000.0,0.1875806439595533,-0.004585224000000001,1918.442771254082,1918.973892542001,-55.7,0.4116,111.4,0.40823230441724323,long_nclose,45.477078712080896,0.023705204759562688,12.0
1668646560000.0,515108,1668646560000.0,0.12494150612027696,-0.0030540720000000006,1918.5646586882021,1918.844598470001,-37.1,0.4116,74.3,0.40823230441724323,long_nclose,30.331660218201172,0.015809558505544514,5.0
1668652200000.0,515202,1668652200000.0,0.08318208089409274,-0.002033304,1918.6458074650964,1918.832685166001,-24.7,0.4116,49.6,0.40823230441724323,long_nclose,20.248322299095264,0.0105534446328305,94.0
1668653220000.0,515219,1668653220000.0,0.17279885045236823,-0.002059392,1918.8165469235487,1918.984385774001,-24.8,0.4152,24.8,0.40823230441724323,long_nclose,10.124161149547632,0.0052762527849677795,17.0
1668653760000.0,515228,1668653760000.0,0.027615103778605685,-0.000675024,1918.8434870033273,1918.906030750001,-8.2,0.4116,16.6,0.40823230441724323,long_nclose,6.776656253326238,0.0035316357479001034,9.0
1668654600000.0,515242,1668654600000.0,0.01852232570516235,-0.0004527600000000001,1918.8615565690325,1918.903377990001,-5.5,0.4116,11.1,0.40823230441724323,long_nclose,4.5313785790314,0.002361493232025351,14.0
1668665340000.0,515421,1668665340000.0,0.012460473656200129,-0.00030458400000000005,1918.8737124586885,1918.908993406001,-3.7,0.4116,7.4,0.40823230441724323,long_nclose,3.0209190526876,0.0015743188481209848,179.0
1668669960000.0,515498,1668669960000.0,0.008082469398616298,-0.00019756800000000002,1918.8815973600872,1918.895435838001,-2.4,0.4116,5.0,0.40823230441724323,long_nclose,2.0411615220862163,0.0010637245804505898,77.0
1668670500000.0,515507,1668670500000.0,0.0053883129324108665,-0.000131712,1918.8868539610196,1918.899664126001,-1.6,0.4116,3.4,0.40823230441724323,long_nclose,1.387989835018627,0.0007233307332079012,9.0
1668683880000.0,515730,1668683880000.0,0.0037044651410324705,-9.055200000000001e-05,1918.8904678741605,1918.8991335740009,-1.1,0.4116,2.3,0.40823230441724323,long_nclose,0.9389343001596594,0.0004893110450435746,223.0
1668686160000.0,515768,1668686160000.0,0.0023573869079297535,-5.7624e-05,1918.8927676370686,1918.8971959500009,-0.7,0.4116,1.6,0.40823230441724323,long_nclose,0.6531716870675892,0.00034038988425179545,38.0
1668698520000.0,515974,1668698520000.0,0.0016838477913783956,-4.1160000000000006e-05,1918.89441032486,1918.896354790001,-0.5,0.4116,1.1,0.40823230441724323,long_nclose,0.4490555348589676,0.0002340178450897382,206.0
1668738960000.0,516648,1668738960000.0,0.0010103086748270373,-2.4696000000000002e-05,1918.8953959375347,1918.8984100940008,-0.3,0.4116,0.8,0.40823230441724323,long_nclose,0.3265858435337946,0.0001701947090108219,674.0
1668751440000.0,516856,1668751440000.0,0.0027870782331027135,-3.3216e-05,1918.8981497997677,1918.9004568780008,-0.4,0.4152,0.4,0.40823230441724323,long_nclose,0.1632929217668973,8.509723237991371e-05,208.0
1668752880000.0,516880,1668752880000.0,0.00033676955827567916,-8.232e-06,1918.898478337326,1918.8999086460008,-0.1,0.4116,0.3,0.40823230441724323,long_nclose,0.12246969132517296,6.38229133577143e-05,24.0
1668753060000.0,516883,1668753060000.0,0.00033676955827567916,-8.232e-06,1918.8988068748843,1918.899560414001,-0.1,0.4116,0.2,0.40823230441724323,long_nclose,0.08164646088344865,4.254860162033138e-05,3.0
1668767400000.0,517122,1668767400000.0,0.00033676955827567916,-8.232e-06,1918.8991354124425,1918.8995121820008,-0.1,0.4116,0.1,0.40823230441724323,long_nclose,0.040823230441724326,2.1274297167761193e-05,239.0
1668770040000.0,517166,1668770040000.0,0.00033676955827567916,-8.232e-06,1918.8994639500008,1918.8994639500008,-0.1,0.4116,0.0,0.40823230441724323,long_nclose,0.0,0.0,44.0
1668944040000.0,520066,1668944040000.0,0.0,-0.015350016,1918.8841139340009,1918.732433934001,189.6,0.4048,189.6,0.4048,long_ientry_normal,76.75008,0.03999724602579089,2900.0
1668947700000.0,520127,1668947700000.0,0.2085600000000016,-0.005158384,1919.087515550001,1919.618395550001,-63.2,0.4081,126.4,0.4048,long_nclose,51.16672,0.026662004512772765,61.0
1668948420000.0,520139,1668948420000.0,0.13893000000000105,-0.003436202,1919.223009348001,1919.5770693480008,-42.1,0.4081,84.3,0.4048,long_nclose,34.12464,0.017780445437444413,12.0
1668949380000.0,520155,1668949380000.0,0.09273000000000071,-0.002293522,1919.313445826001,1919.549485826001,-28.1,0.4081,56.2,0.4048,long_nclose,22.749760000000002,0.011853071758276226,16.0
1668951480000.0,520190,1668951480000.0,0.1938900000000005,-0.0023137540000000003,1919.505022072001,1919.7073420720012,-28.1,0.4117,28.1,0.4048,long_nclose,11.374880000000001,0.005925944381078741,35.0
1668952020000.0,520199,1668952020000.0,0.09660000000000024,-0.00115276,1919.6004693120012,1919.7019893120012,-14.0,0.4117,14.1,0.4048,long_nclose,5.70768,0.0029733687250272835,9.0
1668965880000.0,520430,1668965880000.0,0.04830000000000012,-0.00057638,1919.6481929320012,1919.6993129320012,-7.0,0.4117,7.1,0.4048,long_nclose,2.8740799999999997,0.0014971910012376976,231.0
1668967680000.0,520460,1668967680000.0,0.007590000000000058,-0.000187726,1919.6555952060012,1919.6757552060012,-2.3,0.4081,4.8,0.4048,long_nclose,1.9430399999999999,0.0010121815625950806,30.0
1668980760000.0,520678,1668980760000.0,0.0,-0.014980502,1919.640614704001,1919.773364704001,189.1,0.3961,193.9,0.3963153687467767,long_ientry_partial,76.84555,0.040031216995192194,218.0
1668989220000.0,520819,1668989220000.0,0.0,-0.015359058000000002,1919.625255646001,1917.998015646001,198.9,0.3861,392.8,0.39114266802444,long_rentry,153.64084000000003,0.08003689238204782,141.0
1668997380000.0,520955,1668997380000.0,0.0,-0.015395646,1919.6098600000012,1914.467790000001,203.7,0.3779,596.5,0.38662040234702444,long_rentry,230.61907000000008,0.12013851085345016,136.0
1669010640000.0,521176,1669010640000.0,0.6321040134115375,-0.015498448,1920.2264655654126,1921.570531552001,-198.8,0.3898,397.7,0.38662040234702444,long_nclose,153.75893401341162,0.08007333341702337,221.0
1669022280000.0,521370,1669022280000.0,0.4212966890192592,-0.0103297,1920.6374325544318,1921.533701852001,-132.5,0.3898,265.2,0.38662040234702444,long_nclose,102.53173070243088,0.0533842197202543,194.0
1669023120000.0,521384,1669023120000.0,0.2810764325230378,-0.0068916640000000005,1920.911617322955,1921.685930188001,-88.4,0.3898,176.8,0.38662040234702444,long_nclose,68.35448713495393,0.03558439988520397,14.0
1669024020000.0,521399,1669024020000.0,0.5816364325230391,-0.0069517760000000015,1921.486301979478,1922.050258412001,-88.4,0.3932,88.4,0.38662040234702444,long_nclose,34.177243567476964,0.017786878590947137,15.0
1669024200000.0,521402,1669024200000.0,0.29081821626151955,-0.0034758880000000008,1921.7736443077395,1922.099822524001,-44.2,0.3932,44.2,0.38662040234702444,long_nclose,17.088621783738482,0.008892109554293601,3.0
1669024440000.0,521406,1669024440000.0,0.4455182162615197,-0.0035068280000000005,1922.215655696001,1922.215655696001,-44.2,0.3967,0.0,0.38662040234702444,long_nclose,0.0,0.0,4.0
1669096500000.0,522607,1669096500000.0,0.0,-0.0153816,1922.200274096001,1922.512274096001,195.0,0.3944,195.0,0.3944,long_ientry_normal,76.908,0.04001039903928292,1201.0
1669121580000.0,523025,1669121580000.0,0.20800000000000235,-0.0051688,1922.403105296001,1922.8711052960011,-65.0,0.3976,130.0,0.3944,long_nclose,51.272,0.02667078504958273,418.0
1669122540000.0,523041,1669122540000.0,0.44200000000000184,-0.0052156,1922.8398896960011,1923.333889696001,-65.0,0.4012,65.0,0.3944,long_nclose,25.636,0.013332363311878776,16.0
1669123620000.0,523059,1669123620000.0,0.669500000000002,-0.0052611,1923.504128596001,1923.504128596001,-65.0,0.4047,0.0,0.3944,long_nclose,0.0,0.0,18.0
1669336080000.0,526600,1669336080000.0,0.0,-0.015386994,1923.488741602001,1923.8358716020011,182.7,0.4211,182.7,0.4211,long_ientry_normal,76.93496999999999,0.039997619084541025,3541.0
1669336200000.0,526602,1669336200000.0,0.20706000000000085,-0.00517041,1923.690631192001,1924.287451192001,-60.9,0.4245,121.8,0.4211,long_nclose,51.28997999999999,0.0266622809137551,2.0
1669341840000.0,526696,1669341840000.0,0.0,-0.0051859820000000004,1923.685445210001,1923.252155210001,61.9,0.4189,183.7,0.42035868263473053,long_ientry_partial,77.21988999999999,0.04014164072004517,94.0
1669370880000.0,527180,1669370880000.0,0.0,-0.015520049999999999,1923.669925160001,1921.4885851600009,189.5,0.4095,373.2,0.41484496248660235,long_rentry,154.82013999999998,0.0804816553895663,484.0
1669378320000.0,527304,1669378320000.0,0.4173666666666693,-0.010404816,1924.0768870106676,1925.110660344001,-124.4,0.4182,248.8,0.41484496248660235,long_nclose,103.21342666666666,0.053643088466710745,124.0
1669378740000.0,527311,1669378740000.0,0.2781326098606663,-0.006933756000000001,1924.3480858645282,1925.037406588001,-82.9,0.4182,165.9,0.41484496248660235,long_nclose,68.82277927652733,0.03576420491805575,7.0
1669379520000.0,527324,1669379520000.0,0.5931526098606638,-0.006996760000000001,1924.934241714389,1925.611109828001,-82.9,0.422,83.0,0.41484496248660235,long_nclose,34.43213188638799,0.017887432796520872,13.0
1669381020000.0,527349,1669381020000.0,0.0925990353697755,-0.0023084640000000005,1925.0245322857588,1925.254721364001,-27.6,0.4182,55.4,0.41484496248660235,long_nclose,22.98241092175777,0.011938762616426834,25.0
1669398000000.0,527632,1669398000000.0,0.061732690246516994,-0.001538976,1925.0847260000055,1925.2384623880012,-18.4,0.4182,37.0,0.41484496248660235,long_nclose,15.349263612004288,0.007973292502246078,283.0
1669398720000.0,527644,1669398720000.0,0.041266961414791255,-0.001028772,1925.1249641894203,1925.2522936160012,-12.3,0.4182,24.7,0.41484496248660235,long_nclose,10.246670573419077,0.005322600228049855,12.0
1669399740000.0,527661,1669399740000.0,0.027511307609860834,-0.000685848,1925.15178964903,1925.2203477680011,-8.2,0.4182,16.5,0.41484496248660235,long_nclose,6.844941881028939,0.0035555336040680847,17.0
1669403340000.0,527721,1669403340000.0,0.018452706323687146,-0.00046002,1925.1697823353536,1925.215487748001,-5.5,0.4182,11.0,0.41484496248660235,long_nclose,4.563294587352626,0.0023703335826396874,60.0
1669407660000.0,527793,1669407660000.0,0.03935270632368698,-0.00046419999999999995,1925.2086708416773,1925.248023548001,-5.5,0.422,5.5,0.41484496248660235,long_nclose,2.281647293676313,0.0011851428513870161,72.0
1669410900000.0,527847,1669410900000.0,0.006039067524115794,-0.00015055200000000003,1925.2145593572016,1925.229932996001,-1.8,0.4182,3.7,0.41484496248660235,long_nclose,1.5349263612004287,0.0007972754796290945,54.0
1669414080000.0,527900,1669414080000.0,0.004026045016077195,-0.000100368,1925.2184850342178,1925.2263726280014,-1.2,0.4182,2.5,0.41484496248660235,long_nclose,1.0371124062165058,0.0005386985499456561,53.0
1669417140000.0,527951,1669417140000.0,0.0026840300107181304,-6.691200000000001e-05,1925.2211021522285,1925.2281657160013,-0.8,0.4182,1.7,0.41484496248660235,long_nclose,0.705236436227224,0.0003663145159996592,51.0
1669418700000.0,527977,1669418700000.0,0.0016775187566988314,-4.182e-05,1925.2227378509851,1925.2277238960012,-0.5,0.4182,1.2,0.41484496248660235,long_nclose,0.4978139549839228,0.0002585747327811034,26.0
1669422660000.0,528043,1669422660000.0,0.00429302250803858,-5.0639999999999996e-05,1925.2269802334934,1925.2324732560014,-0.6,0.422,0.6,0.41484496248660235,long_nclose,0.2489069774919614,0.00012928708149611206,66.0
1669422720000.0,528044,1669422720000.0,0.006513022508038602,-5.1084e-05,1925.2334421720013,1925.2334421720013,-0.6,0.4257,0.0,0.41484496248660235,long_nclose,0.0,0.0,1.0
1669598640000.0,530976,1669598640000.0,0.0,-0.015402599999999999,1925.2180395720013,1925.2180395720013,179.1,0.43,179.1,0.43,long_ientry_normal,77.01299999999999,0.040002222302633776,2932.0
1669601100000.0,531017,1669601100000.0,0.0,-0.015398764,1925.2026408080012,1922.888020808001,183.8,0.4189,362.9,0.42437812069440617,long_rentry,154.00681999999998,0.07999512193447014,41.0
1669652340000.0,531871,1669652340000.0,0.0,-0.015555399999999999,1925.1870854080012,1918.3114654080011,189.7,0.41,552.6,0.41944230908432856,long_rentry,231.78381999999996,0.12039547831834664,854.0
1669685940000.0,532431,1669685940000.0,0.6369066666666794,-0.015579636000000001,1925.8084124386678,1927.1190657720012,-184.2,0.4229,368.4,0.41944230908432856,long_nclose,154.52254666666664,0.08023775660580557,560.0
1669687620000.0,532459,1669687620000.0,1.3184466666666759,-0.015715944,1927.1111431613344,1928.503269828001,-184.2,0.4266,184.2,0.41944230908432856,long_nclose,77.26127333333332,0.04009175786643518,28.0
1669687980000.0,532465,1669687980000.0,0.6592233333333379,-0.007857972,1927.7625085226678,1928.458571856001,-92.1,0.4266,92.1,0.41944230908432856,long_nclose,38.63063666666666,0.020039105696827292,6.0
1669692840000.0,532546,1669692840000.0,0.3292537821208854,-0.0039247200000000005,1928.0878375847888,1928.3901471360011,-46.0,0.4266,46.1,0.41944230908432856,long_nclose,19.336290448787548,0.010028739392396704,81.0
1669694400000.0,532572,1669694400000.0,0.1646268910604427,-0.0019623600000000002,1928.250502115849,1928.401984776001,-23.0,0.4266,23.1,0.41944230908432856,long_nclose,9.689117339847991,0.00502482293105394,26.0
1669694580000.0,532575,1669694580000.0,0.08231344553022135,-0.0009811800000000001,1928.3318343813792,1928.419503596001,-11.5,0.4266,11.6,0.41944230908432856,long_nclose,4.865530785378211,0.002523181279605387,3.0
1669695600000.0,532592,1669695600000.0,0.04151460731089424,-0.000494856,1928.3728541326902,1928.4224887400012,-5.8,0.4266,5.8,0.41944230908432856,long_nclose,2.4327653926891055,0.0012615638036365493,17.0
1669696020000.0,532599,1669696020000.0,0.06355460731089439,-0.000499264,1928.4359094760011,1928.4359094760011,-5.8,0.4304,0.0,0.41944230908432856,long_nclose,0.0,0.0,7.0
1670397120000.0,544284,1670397120000.0,0.0,-0.015424746000000003,1928.4204847300011,1928.140154730001,164.9,0.4677,164.9,0.4677,long_ientry_normal,77.12373000000001,0.03999321237805568,11685.0
1670403000000.0,544382,1670403000000.0,0.0,-0.015430002000000002,1928.4050547280012,1925.5239147280013,169.3,0.4557,334.2,0.4616210053859965,long_rentry,154.27374000000003,0.0800006926043658,98.0
1670427540000.0,544791,1670427540000.0,0.0,-0.015458360000000003,1928.3895963680013,1922.6615563680014,173.3,0.446,507.5,0.45628677832512315,long_rentry,231.56554,0.12008234250803826,409.0
1670443260000.0,545053,1670443260000.0,0.0,-0.023008944,1928.3665874240014,1920.0936274240014,263.2,0.4371,770.7,0.44973434540028545,long_rentry,346.61026000000004,0.17974292972116757,262.0
1670813400000.0,551222,1670813400000.0,0.0,-0.034006476,1928.3325809480014,1907.9395409480014,399.7,0.4254,1170.4,0.441423991797676,long_rentry,516.64264,0.26792195760443444,6169.0
1670915640000.0,552926,1670915640000.0,0.0,-0.04973758,1928.2828433680013,1891.6863033680013,607.0,0.4097,1777.4,0.4305899291099359,long_rentry,765.33054,0.39689744823080464,1704.0
1670938380000.0,553305,1670938380000.0,2.0793659952739785,-0.05143216800000001,1930.3107771952753,1934.3517112000013,-592.4,0.4341,1185.0,0.4305899291099359,long_nclose,510.249065995274,0.2643351899721875,379.0
1670938440000.0,553306,1670938440000.0,1.3864780015753233,-0.034293899999999995,1931.6629612968507,1936.7269173000013,-395.0,0.4341,790.0,0.4305899291099359,long_nclose,340.16604399684934,0.1761001017322783,1.0
1670938680000.0,553310,1670938680000.0,2.9269780015753293,-0.034602,1934.5553372984261,1937.8773153000016,-395.0,0.438,395.0,0.4305899291099359,long_nclose,170.08302199842467,0.08791840621935516,4.0
1670938980000.0,553315,1670938980000.0,1.4634890007876646,-0.017301,1936.0015252992137,1937.8600143000012,-197.5,0.438,197.5,0.4305899291099359,long_nclose,85.04151099921233,0.043926365701632886,5.0
1670939520000.0,553324,1670939520000.0,0.23096266456621842,-0.005712755999999999,1936.2267752077798,1936.4124815440014,-65.8,0.4341,131.7,0.4305899291099359,long_nclose,56.70869366377855,0.02928824990434968,9.0
1670939700000.0,553327,1670939700000.0,0.1540921120738144,-0.003811398,1936.3770559218538,1936.9398601460014,-43.9,0.4341,87.8,0.4305899291099359,long_nclose,37.80579577585237,0.019523984577401485,3.0
1670939820000.0,553329,1670939820000.0,0.32530211207381504,-0.0038456400000000004,1936.6985123939276,1937.0677145060013,-43.9,0.438,43.9,0.4305899291099359,long_nclose,18.902897887926184,0.009760371976823879,2.0
1670940000000.0,553332,1670940000000.0,0.1622805524924043,-0.0019184400000000002,1936.8588745064199,1937.0218960660013,-21.9,0.438,22.0,0.4305899291099359,long_nclose,9.47297844041859,0.004890897610096988,3.0
1670940120000.0,553334,1670940120000.0,0.08151077979070537,-0.0009636,1936.9394216862106,1937.0429324660013,-11.0,0.438,11.0,0.4305899291099359,long_nclose,4.736489220209295,0.002445347111623101,2.0
1670940780000.0,553345,1670940780000.0,0.040755389895352684,-0.0004818,1936.979695276106,1937.0259506660013,-5.5,0.438,5.5,0.4305899291099359,long_nclose,2.3682446101046475,0.001222648134041006,11.0
1670941320000.0,553354,1670941320000.0,0.061655389895352825,-0.00048598,1937.0408646860014,1937.0408646860014,-5.5,0.4418,0.0,0.4305899291099359,long_nclose,0.0,0.0,9.0
1671181260000.0,557353,1671181260000.0,0.0,-0.015493216000000002,1937.0253714700013,1936.5773914700014,172.3,0.4496,172.3,0.4496,long_ientry_normal,77.46608,0.03999228979701556,3999.0
1671181320000.0,557354,1671181320000.0,0.20663999999999955,-0.0052027359999999995,1937.2268087340015,1937.8472687340015,-57.4,0.4532,114.9,0.4496,long_nclose,51.659040000000005,0.02666649034955269,1.0
1671181620000.0,557359,1671181620000.0,0.0,-0.0051704,1937.2216383340015,1937.1181983340014,57.5,0.4496,172.4,0.4496,long_ientry_partial,77.51104000000001,0.040011446530536905,5.0
1671189060000.0,557483,1671189060000.0,0.20663999999999955,-0.0052027359999999995,1937.4230755980016,1937.9290755980016,-57.4,0.4532,115.0,0.4496,long_nclose,51.704,0.026686995035424124,124.0
1671189300000.0,557487,1671189300000.0,0.4427499999999991,-0.00525895,1937.8605666480014,1938.2860666480015,-57.5,0.4573,57.5,0.4496,long_nclose,25.852,0.013340485092132964,4.0
1671190500000.0,557507,1671190500000.0,0.22098999999999955,-0.002624902,1938.0789317460014,1938.3208517460014,-28.7,0.4573,28.8,0.4496,long_nclose,12.94848,0.006681090118623191,20.0
1671190920000.0,557514,1671190920000.0,0.11087999999999978,-0.001317024,1938.1884947220015,1938.3094547220014,-14.4,0.4573,14.4,0.4496,long_nclose,6.47424,0.0033403562231590967,7.0
1671192240000.0,557536,1671192240000.0,0.16847999999999982,-0.001328544,1938.3556461780015,1938.3556461780015,-14.4,0.4613,0.0,0.4496,long_nclose,0.0,0.0,22.0
1671209640000.0,557826,1671209640000.0,0.0,-0.015504160000000003,1938.3401420180014,1938.4273420180014,174.4,0.4445,174.4,0.4445,long_ientry_normal,77.52080000000001,0.039993393481132414,290.0
1671213120000.0,557884,1671213120000.0,0.0,-0.015504980000000002,1938.3246370380014,1936.3011370380013,179.0,0.4331,353.4,0.43872580645161297,long_rentry,155.0457,0.07998954201857998,58.0
1671230220000.0,558169,1671230220000.0,0.0,-0.015540174000000002,1938.3090968640013,1929.3664268640014,183.3,0.4239,536.7,0.4336623253214086,long_rentry,232.74657,0.12007711792539265,285.0
1671230280000.0,558170,1671230280000.0,0.0,-0.02312673,1938.2859701340012,1922.4257501340012,278.3,0.4155,815.0,0.4274603926380368,long_rentry,348.38022,0.17973623364560345,1.0
1671230340000.0,558171,1671230340000.0,0.0,-0.034179522,1938.2517906120013,1920.2424606120014,422.7,0.4043,1237.7,0.41955064232043304,long_rentry,519.27783,0.2679104090165904,1.0
1671274560000.0,558908,1671274560000.0,1.4228600428213647,-0.0348975,1939.6397531548228,1943.3113631120013,-412.5,0.423,825.2,0.41955064232043304,long_nclose,346.21319004282134,0.1784935524649388,737.0
1671274680000.0,558910,1671274680000.0,0.9485733618809098,-0.023265,1940.5650615167037,1943.0130981120014,-275.0,0.423,550.2,0.41955064232043304,long_nclose,230.83676340470228,0.11895337496403509,2.0
1671404640000.0,561076,1671404640000.0,0.6326121984325777,-0.01551564,1941.1821580751362,1942.8141824720012,-183.4,0.423,366.8,0.41955064232043304,long_nclose,153.89117560313485,0.07927704000521639,2166.0
1671405240000.0,561086,1671405240000.0,0.4215115084430806,-0.01033812,1941.5933314635793,1942.6816443520013,-122.2,0.423,244.6,0.41955064232043304,long_nclose,102.62208711157793,0.05285457332829891,10.0
1671406020000.0,561099,1671406020000.0,0.281122650884706,-0.0068949,1941.867559214464,1942.5932494520014,-81.5,0.423,163.1,0.41955064232043304,long_nclose,68.42870976246263,0.03523860802852272,13.0
1671409380000.0,561155,1671409380000.0,0.18730012200048507,-0.0045937799999999996,1942.0502655564646,1942.5343556720015,-54.3,0.423,108.8,0.41955064232043304,long_nclose,45.64710988446311,0.023504597534906562,56.0
1671409860000.0,561163,1671409860000.0,0.38892505776844377,-0.004642496,1942.434548118233,1942.7853931760014,-54.4,0.4267,54.4,0.41955064232043304,long_nclose,22.823554942231556,0.011749973745237527,8.0
1671442560000.0,561708,1671442560000.0,0.062433374000161704,-0.0015312600000000002,1942.495450232233,1942.6569619160014,-18.1,0.423,36.3,0.41955064232043304,long_nclose,15.229688316231718,0.00784026974910595,545.0
1671442920000.0,561714,1671442920000.0,0.04173722792276003,-0.00102366,1942.5361638001557,1942.6680382560012,-12.1,0.423,24.2,0.41955064232043304,long_nclose,10.153125544154479,0.005226736950056088,6.0
1671443880000.0,561730,1671443880000.0,0.08650722792276047,-0.001032614,1942.6216384140785,1942.6996756420012,-12.1,0.4267,12.1,0.41955064232043304,long_nclose,5.0765627720772395,0.002613253487808184,16.0
1671444300000.0,561737,1671444300000.0,0.04289614607740189,-0.0005120400000000001,1942.6640225201559,1942.7155636020013,-6.0,0.4267,6.1,0.41955064232043304,long_nclose,2.5592589181546415,0.001317396569085887,7.0
1671445020000.0,561749,1671445020000.0,0.021448073038700943,-0.00025602000000000003,1942.6852145731946,1942.7083075820012,-3.0,0.4267,3.1,0.41955064232043304,long_nclose,1.3006069911933424,0.0006694893137790644,12.0
1671446340000.0,561771,1671446340000.0,0.03394300880665755,-0.00026691000000000003,1942.7188906720012,1942.7188906720012,-3.1,0.4305,0.0,0.41955064232043304,long_nclose,0.0,0.0,22.0
1671652500000.0,565207,1671652500000.0,0.0,-0.015544236000000001,1942.703346436001,1942.861566436001,175.8,0.4421,175.8,0.4421,long_ientry_normal,77.72118,0.040006715457912755,3436.0
1671685320000.0,565754,1671685320000.0,0.0,-0.01563441,1942.687712026001,1940.433482026001,181.5,0.4307,357.3,0.4363090680100756,long_rentry,155.89323000000002,0.08024616053056784,547.0
1671700920000.0,566014,1671700920000.0,0.4276800000000007,-0.010478418,1943.104913608001,1943.9840936080009,-119.1,0.4399,238.2,0.4363090680100756,long_nclose,103.92882,0.05348595398640757,260.0
1671764820000.0,567079,1671764820000.0,0.28512000000000054,-0.006985612,1943.3830479960009,1943.9691679960008,-79.4,0.4399,158.8,0.4363090680100756,long_nclose,69.28588,0.03565219943204042,1065.0
1671767160000.0,567118,1671767160000.0,0.18996030226700286,-0.004654142000000001,1943.568354156268,1943.959223854001,-52.9,0.4399,105.9,0.4363090680100756,long_nclose,46.20513030226701,0.023773349778750306,39.0
1671768000000.0,567132,1671768000000.0,0.1267598992443327,-0.003105694,1943.6920083615123,1944.023188160001,-35.3,0.4399,70.6,0.4363090680100756,long_nclose,30.803420201511333,0.01584789157387024,14.0
1671771600000.0,567192,1671771600000.0,0.08438690176322433,-0.00206753,1943.7743277332756,1943.9952706300012,-23.5,0.4399,47.1,0.4363090680100756,long_nclose,20.55015710327456,0.010572295770177724,60.0
1671773700000.0,567227,1671773700000.0,0.0563776322418137,-0.0013812860000000002,1943.8293240795174,1943.913819344001,-15.7,0.4399,31.4,0.4363090680100756,long_nclose,13.700104735516373,0.007047997766987044,35.0
1671774240000.0,567236,1671774240000.0,0.03734569269521417,-0.000914992,1943.8657547802127,1943.943264352001,-10.4,0.4399,21.0,0.4363090680100756,long_nclose,9.162490428211587,0.004713540739981586,9.0
1671775320000.0,567254,1671775320000.0,0.025136523929471077,-0.00061586,1943.8902754441422,1943.941948492001,-7.0,0.4399,14.0,0.4363090680100756,long_nclose,6.108326952141058,0.003142320854887461,18.0
1671775800000.0,567262,1671775800000.0,0.01651828715365242,-0.00040470800000000004,1943.906389023296,1943.9410837840012,-4.6,0.4399,9.4,0.4363090680100756,long_nclose,4.10130523929471,0.0021098265134852435,8.0
1671777540000.0,567291,1671777540000.0,0.011131889168765762,-0.000272738,1943.917248174465,1943.9468010460014,-3.1,0.4399,6.3,0.4363090680100756,long_nclose,2.748747128463476,0.001414024764194478,29.0
1671778680000.0,567310,1671778680000.0,0.007540957178841324,-0.00018475800000000004,1943.924604373644,1943.9401062880015,-2.1,0.4399,4.2,0.4363090680100756,long_nclose,1.8324980856423174,0.0009426796088281267,19.0
1671782460000.0,567373,1671782460000.0,0.005027304785894215,-0.000123172,1943.9295085064298,1943.9370431160016,-1.4,0.4399,2.8,0.4363090680100756,long_nclose,1.2216653904282115,0.0006284514870947394,63.0
1671782520000.0,567374,1671782520000.0,0.0032318387909319956,-7.918200000000002e-05,1943.9326611632207,1943.9434739340015,-0.9,0.4399,1.9,0.4363090680100756,long_nclose,0.8289872292191436,0.000426448531773261,1.0
1671783600000.0,567392,1671783600000.0,0.002154559193954664,-5.2788000000000003e-05,1943.9347629344147,1943.9395611460016,-0.6,0.4399,1.3,0.4363090680100756,long_nclose,0.5672017884130983,0.0002917802588996835,18.0
1671784380000.0,567405,1671784380000.0,0.001436372795969776,-3.5192000000000005e-05,1943.9361641152107,1943.9394859540016,-0.4,0.4399,0.9,0.4363090680100756,long_nclose,0.392678161209068,0.00020200157209781467,13.0
1671786000000.0,567432,1671786000000.0,0.001077279596977332,-2.6394000000000002e-05,1943.9372150008076,1943.9394295600016,-0.3,0.4399,0.6,0.4363090680100756,long_nclose,0.2617854408060453,0.0001346676419309852,27.0
1671791520000.0,567524,1671791520000.0,0.000718186397984888,-1.7596000000000002e-05,1943.9379155912056,1943.9393919640015,-0.2,0.4399,0.4,0.4363090680100756,long_nclose,0.17452362720403025,8.977839559806763e-05,92.0
1671796140000.0,567601,1671796140000.0,0.000359093198992444,-8.798000000000001e-06,1943.9382658864047,1943.9390731660017,-0.1,0.4399,0.3,0.4363090680100756,long_nclose,0.13089272040302266,6.733378456508632e-05,77.0
1671796200000.0,567602,1671796200000.0,0.000359093198992444,-8.798000000000001e-06,1943.9386161816037,1943.9393543680017,-0.1,0.4399,0.2,0.4363090680100756,long_nclose,0.08726181360201513,4.488918162108422e-05,1.0
1671802620000.0,567709,1671802620000.0,0.000359093198992444,-8.798000000000001e-06,1943.9389664768028,1943.9393355700017,-0.1,0.4399,0.1,0.4363090680100756,long_nclose,0.04363090680100756,2.2444586766056893e-05,107.0
1671804360000.0,567738,1671804360000.0,0.000359093198992444,-8.798000000000001e-06,1943.9393167720018,1943.9393167720018,-0.1,0.4399,0.0,0.4363090680100756,long_nclose,0.0,0.0,29.0
1672206240000.0,574436,1672206240000.0,0.0,-0.015554352,1943.9237624200018,1944.0804024200017,195.8,0.3972,195.8,0.3972,long_ientry_normal,77.77176,0.040007618355969624,6698.0
1672206420000.0,574439,1672206420000.0,0.20863999999999874,-0.005221216,1944.1271812040018,1944.6234612040018,-65.2,0.4004,130.6,0.3972,long_nclose,51.87432,0.026682575348735225,3.0
1672206540000.0,574441,1672206540000.0,0.13919999999999916,-0.00348348,1944.2628977240017,1944.5938777240017,-43.5,0.4004,87.1,0.3972,long_nclose,34.59612,0.017793951651548255,2.0
1672206900000.0,574447,1672206900000.0,0.09279999999999944,-0.00232232,1944.3533754040016,1944.5741554040017,-29.0,0.4004,58.1,0.3972,long_nclose,23.07732,0.011868891885563214,6.0
1672212360000.0,574538,1672212360000.0,0.06175999999999963,-0.001545544,1944.4135898600016,1944.5610298600016,-19.3,0.4004,38.8,0.3972,long_nclose,15.411359999999998,0.007925968055546054,91.0
1672213200000.0,574552,1672213200000.0,0.041279999999999754,-0.0010330320000000001,1944.4538368280016,1944.5522568280016,-12.9,0.4004,25.9,0.3972,long_nclose,10.287479999999999,0.005290678444072512,14.0
1672237920000.0,574964,1672237920000.0,0.08772000000000037,-0.0010423200000000002,1944.5405145080017,1944.6549145080016,-12.9,0.404,13.0,0.3972,long_nclose,5.1636,0.0026554345160077412,412.0
1672237980000.0,574965,1672237980000.0,0.13520000000000026,-0.00105976,1944.6746547480016,1944.6746547480016,-13.0,0.4076,0.0,0.3972,long_nclose,0.0,0.0,1.0
1672263180000.0,575385,1672263180000.0,0.0,-0.015557674,1944.6590970740015,1944.5197270740014,199.1,0.3907,199.1,0.3907,long_ientry_normal,77.78837,0.04000103160345325,420.0
1672323180000.0,576385,1672323180000.0,0.2121599999999987,-0.005223114,1944.8660339600015,1945.3042739600014,-66.3,0.3939,132.8,0.3907,long_nclose,51.88496000000001,0.02667790947757746,1000.0
1672324440000.0,576406,1672324440000.0,0.14143999999999915,-0.003482076,1945.0039918840016,1945.2963718840017,-44.2,0.3939,88.6,0.3907,long_nclose,34.61602,0.017797403061609998,21.0
1672517220000.0,579619,1672517220000.0,0.09439999999999943,-0.00232401,1945.0960678740016,1945.5865978740017,-29.5,0.3939,59.1,0.3907,long_nclose,23.09037,0.011871069188494053,3213.0
1672517220000.0,579619,1672517220000.0,0.19764999999999952,-0.00234466,1945.2913732140016,1945.5370532140016,-29.5,0.3974,29.6,0.3907,long_nclose,11.56472,0.005944980869828679,0.0
1672643640000.0,581726,1672643640000.0,0.03135999999999981,-0.000772044,1945.3219611700015,1945.4665011700015,-9.8,0.3939,19.8,0.3907,long_nclose,7.73586,0.003976647647234351,2107.0
1672643640000.0,581726,1672643640000.0,0.06565999999999984,-0.0007789040000000001,1945.3868422660014,1945.4598422660015,-9.8,0.3974,10.0,0.3907,long_nclose,3.907,0.002008340919716048,0.0
1672643760000.0,581728,1672643760000.0,0.03349999999999992,-0.0003974,1945.4199448660013,1945.4514448660013,-5.0,0.3974,5.0,0.3907,long_nclose,1.9535,0.0010041533732371368,2.0
1672643820000.0,581729,1672643820000.0,0.01674999999999996,-0.0001987,1945.4364961660012,1945.4572461660011,-2.5,0.3974,2.5,0.3907,long_nclose,0.97675,0.0005020724150723733,1.0
1672643820000.0,581729,1672643820000.0,0.025499999999999967,-0.00020045,1945.4617957160012,1945.4617957160012,-2.5,0.4009,0.0,0.3907,long_nclose,0.0,0.0,0.0
1673318400000.0,592972,1673318400000.0,0.0,-0.01556352,1945.4462321960013,1945.4126321960014,168.0,0.4632,168.0,0.4632,long_ientry_normal,77.8176,0.03999987186084306,11243.0
1673318760000.0,592978,1673318760000.0,0.21280000000000143,-0.0052304000000000005,1945.6538017960013,1946.1914017960014,-56.0,0.467,112.0,0.4632,long_nclose,51.8784,0.02666373635027562,6.0
1673320320000.0,593004,1673320320000.0,0.14174000000000095,-0.0034838200000000003,1945.7920579760014,1946.1506179760013,-37.3,0.467,74.7,0.4632,long_nclose,34.601040000000005,0.01778249626323984,26.0
1673323020000.0,593049,1673323020000.0,0.29467000000000065,-0.003514406,1946.0832135700014,1946.4123335700015,-37.3,0.4711,37.4,0.4632,long_nclose,17.32368,0.008901818729642344,45.0
1673323200000.0,593052,1673323200000.0,0.14773000000000033,-0.0017619140000000003,1946.2291816560012,1946.393741656001,-18.7,0.4711,18.7,0.4632,long_nclose,8.66184,0.004450575544566566,3.0
1673326740000.0,593111,1673326740000.0,0.22626999999999997,-0.001777622,1946.4536740340013,1946.4536740340013,-18.7,0.4753,0.0,0.4632,long_nclose,0.0,0.0,59.0
1673687940000.0,599131,1673687940000.0,0.0,-0.015575034,1946.4380990000013,1946.0463290000014,145.1,0.5367,145.1,0.5367,long_ientry_normal,77.87517,0.04000906581103659,6020.0
1673688060000.0,599133,1673688060000.0,0.0,-0.015571962000000003,1946.4225270380014,1942.0975470380013,148.9,0.5229,294.0,0.5297108163265306,long_rentry,155.73498,0.08001088039039095,2.0
1673688060000.0,599133,1673688060000.0,0.5452675714285733,-0.00522606,1946.96256854943,1943.3481209780014,-48.3,0.541,245.7,0.5297108163265306,long_nclose,130.14994757142856,0.0668476886375868,0.0
1673688180000.0,599135,1673688180000.0,0.3512841428571456,-0.008746920000000002,1947.305105772287,1948.3352740580015,-81.9,0.534,163.8,0.5297108163265306,long_nclose,86.76663171428572,0.044557286609626955,2.0
1673688300000.0,599137,1673688300000.0,0.7444041428571387,-0.008825544,1948.0406843711442,1949.0471685140012,-81.9,0.5388,81.9,0.5297108163265306,long_nclose,43.38331585714286,0.02227023090698315,2.0
1673688540000.0,599141,1673688540000.0,1.1293341428571417,-0.00890253,1949.1611159840013,1949.1611159840013,-81.9,0.5435,0.0,0.5297108163265306,long_nclose,0.0,0.0,4.0
1673688660000.0,599143,1673688660000.0,0.0,-0.015598512,1949.1455174720013,1949.0873574720013,145.4,0.5364,145.4,0.5364,long_ientry_normal,77.99256,0.04001371847349531,2.0
1673688960000.0,599148,1673688960000.0,0.20811999999999856,-0.0052339759999999996,1949.3484034960013,1949.6976034960014,-48.4,0.5407,97.0,0.5364,long_nclose,52.0308,0.026691380518067933,5.0
1673689020000.0,599149,1673689020000.0,0.13888999999999904,-0.0034929219999999994,1949.4838005740012,1949.7814205740012,-32.3,0.5407,64.7,0.5364,long_nclose,34.70508,0.017802189476917696,1.0
1673689380000.0,599155,1673689380000.0,0.0,-0.008663376,1949.4751371980012,1949.2956771980012,80.8,0.5361,145.5,0.5362334020618557,long_ientry_partial,78.02195999999999,0.04002203388556249,6.0
1673689920000.0,599164,1673689920000.0,0.21177999999999914,-0.00524382,1949.6816733780013,1950.0470333780013,-48.5,0.5406,97.0,0.5362334020618557,long_nclose,52.01464,0.026678529480086813,9.0
1673689980000.0,599165,1673689980000.0,0.14104111340206127,-0.003492276,1949.8192222154032,1950.127621102001,-32.3,0.5406,64.7,0.5362334020618557,long_nclose,34.69430111340206,0.017793598872198044,1.0
1673690280000.0,599170,1673690280000.0,0.2960811134020621,-0.003523284,1950.1117800448053,1950.4282178180013,-32.3,0.5454,32.4,0.5362334020618557,long_nclose,17.37396222680412,0.008909213515137548,5.0
1673690400000.0,599172,1673690400000.0,0.14849888659793828,-0.001767096,1950.2585118354032,1950.4005307220011,-16.2,0.5454,16.2,0.5362334020618557,long_nclose,8.68698111340206,0.00445427160588402,2.0
1673691660000.0,599193,1673691660000.0,0.0,-0.013869450000000002,1950.2446423854033,1950.0142112720011,129.5,0.5355,145.7,0.5355815450473718,long_ientry_partial,78.03423111340206,0.04001253453923403,21.0
1673692620000.0,599209,1673692620000.0,0.20944506520247164,-0.005237030000000001,1950.4488504206058,1950.8783242420013,-48.5,0.5399,97.2,0.5355815450473718,long_nclose,52.05852617860454,0.026690536471837414,16.0
1673693340000.0,599221,1673693340000.0,0.4431569106977304,-0.005294484,1950.8867128473037,1951.3444497580015,-48.6,0.5447,48.6,0.5355815450473718,long_nclose,26.02926308930227,0.013342272986888493,12.0
1673693580000.0,599225,1673693580000.0,0.2215784553488652,-0.002647242,1951.1056440606526,1951.3588125160015,-24.3,0.5447,24.3,0.5355815450473718,long_nclose,13.014631544651134,0.006670387933256657,4.0
1673694240000.0,599236,1673694240000.0,0.34064845534886556,-0.002671056,1951.4436214600014,1951.4436214600014,-24.3,0.5496,0.0,0.5355815450473718,long_nclose,0.0,0.0,11.0
1673881980000.0,602365,1673881980000.0,0.0,-0.015609297999999999,1951.4280121620013,1951.1922221620014,138.7,0.5627,138.7,0.5627,long_ientry_normal,78.04648999999999,0.03999455245778281,3129.0
1673882580000.0,602375,1673882580000.0,0.21252000000000226,-0.005241852000000001,1951.6352903100014,1952.1255403100015,-46.2,0.5673,92.5,0.5627,long_nclose,52.049749999999996,0.02666981390346365,10.0
1673883360000.0,602388,1673883360000.0,0.44352000000000247,-0.0052880520000000006,1952.0735222580015,1952.5504122580014,-46.2,0.5723,46.3,0.5627,long_nclose,26.053009999999997,0.01334632620284915,13.0
1673883780000.0,602395,1673883780000.0,0.22176000000000123,-0.0026440260000000003,1952.2926382320013,1952.5315982320012,-23.1,0.5723,23.2,0.5627,long_nclose,13.05464,0.006686825399199526,7.0
1673884680000.0,602410,1673884680000.0,0.11136000000000061,-0.0013277360000000002,1952.4026704960015,1952.5221504960016,-11.6,0.5723,11.6,0.5627,long_nclose,6.52732,0.0033432242736800575,15.0
1673885580000.0,602425,1673885580000.0,0.055680000000000306,-0.0006638680000000001,1952.4576866280015,1952.5232266280016,-5.8,0.5723,5.8,0.5627,long_nclose,3.26366,0.0016715650343421856,15.0
1673887140000.0,602451,1673887140000.0,0.027840000000000153,-0.00033193400000000004,1952.4851946940014,1952.5179646940014,-2.9,0.5723,2.9,0.5627,long_nclose,1.63183,0.0008357707420443434,26.0
1673887320000.0,602454,1673887320000.0,0.013440000000000073,-0.000160244,1952.4984744500014,1952.5139244500015,-1.4,0.5723,1.5,0.5627,long_nclose,0.84405,0.00043229227118231686,3.0
1673888400000.0,602472,1673888400000.0,0.006720000000000037,-8.0122e-05,1952.5051143280014,1952.5141543280013,-0.7,0.5723,0.8,0.5627,long_nclose,0.45016,0.00023055509391325344,18.0
1673890620000.0,602509,1673890620000.0,0.011760000000000038,-9.238400000000002e-05,1952.5167819440014,1952.5167819440014,-0.8,0.5774,0.0,0.5627,long_nclose,0.0,0.0,37.0
1674057180000.0,605285,1674057180000.0,0.0,-0.015614322000000002,1952.5011676220015,1952.1186576220016,131.9,0.5919,131.9,0.5919,long_ientry_normal,78.07161,0.039985435755249925,2776.0
1674057240000.0,605286,1674057240000.0,0.0,-0.015617036000000003,1952.4855505860014,1947.6205605860014,135.4,0.5767,267.3,0.5842004863449308,long_rentry,156.15679000000003,0.07997846127626017,1.0
1674057300000.0,605287,1674057300000.0,0.0,-0.015645168,1952.4699054180014,1952.2915754180015,138.6,0.5644,405.9,0.577439344666174,long_rentry,234.38263,0.12004417038623771,1.0
1674057420000.0,605289,1674057420000.0,0.6305866666666552,-0.015751626,1953.084740458668,1954.0482537920013,-135.3,0.5821,270.6,0.577439344666174,long_nclose,156.2550866666667,0.08000425349182305,2.0
1674058920000.0,605314,1674058920000.0,0.0,-0.015654674,1953.069085784668,1951.1100291180012,140.3,0.5579,410.9,0.5707677212622699,long_rentry,234.5284566666667,0.12008200753044135,25.0
1674061140000.0,605351,1674061140000.0,0.6341589591952492,-0.015754452000000002,1953.6874902918632,1955.6691346660014,-136.9,0.5754,274.0,0.5707677212622699,long_nclose,156.39035562586196,0.08004880842150382,37.0
1674061200000.0,605352,1674061200000.0,1.3333221870690213,-0.015905700000000002,1955.004906778932,1955.858728966001,-137.0,0.5805,137.0,0.5707677212622699,long_nclose,78.19517781293098,0.03999743302013775,1.0
1674061260000.0,605353,1674061260000.0,0.6666610935345106,-0.007952850000000001,1955.6636150224665,1956.296026116001,-68.5,0.5805,68.5,0.5707677212622699,long_nclose,39.09758890646549,0.019991980525759456,1.0
1674061320000.0,605354,1674061320000.0,0.0,-0.007702400000000001,1955.6559126224665,1956.288323716001,66.4,0.58,134.9,0.5753120007892178,long_ientry_partial,77.60958890646549,0.0396846850233453,1.0
1674061320000.0,605354,1674061320000.0,0.17742957300875017,-0.00397062,1955.8293715754753,1956.301453096001,-34.2,0.5805,100.7,0.5753120007892178,long_nclose,57.93391847947424,0.02962115168196234,0.0
1674061380000.0,605355,1674061380000.0,0.0,-0.0039672,1955.8254043754753,1956.162585896001,34.2,0.58,134.9,0.5765005076313879,long_ientry_partial,77.76991847947424,0.039763221351707186,1.0
1674061440000.0,605356,1674061440000.0,0.21100720735068385,-0.005219176000000001,1956.0311924068258,1956.4361467200008,-44.9,0.5812,90.0,0.5765005076313879,long_nclose,51.88504568682492,0.026525673970966814,1.0
1674061500000.0,605357,1674061500000.0,0.14098477105836338,-0.0034872,1956.168689977884,1956.6786595200008,-30.0,0.5812,60.0,0.5765005076313879,long_nclose,34.59003045788327,0.01768253966802543,1.0
1674061560000.0,605358,1674061560000.0,0.29698477105836285,-0.0035184000000000005,1956.4621563489422,1956.7771411200006,-30.0,0.5864,30.0,0.5765005076313879,long_nclose,17.295015228941637,0.008839943656879509,1.0
1674061740000.0,605361,1674061740000.0,0.14849238552918143,-0.0017592000000000003,1956.6088895344715,1956.7513819200005,-15.0,0.5864,15.0,0.5765005076313879,long_nclose,8.647507614470818,0.004419640358747571,3.0
1674061800000.0,605362,1674061800000.0,0.07424619276459071,-0.0008796000000000001,1956.682256127236,1956.7685023200006,-7.5,0.5864,7.5,0.5765005076313879,long_nclose,4.323753807235409,0.0022097373212721823,1.0
1674061980000.0,605365,1674061980000.0,0.11324619276459058,-0.0008874000000000001,1956.7946149200006,1956.7946149200006,-7.5,0.5916,0.0,0.5765005076313879,long_nclose,0.0,0.0,3.0
1674075960000.0,605598,1674075960000.0,0.0,-0.015659192000000002,1956.7789557280007,1956.9947957280008,134.9,0.5804,134.9,0.5804,long_ientry_normal,78.29596000000001,0.04001267479436416,233.0
1674076140000.0,605601,1674076140000.0,0.2110299999999967,-0.005254198,1956.9847315300005,1957.4887315300005,-44.9,0.5851,90.0,0.5804,long_nclose,52.236000000000004,0.02669208357040226,3.0
1674076320000.0,605604,1674076320000.0,0.1409999999999978,-0.0035105999999999996,1957.1222209300006,1957.4582209300006,-30.0,0.5851,60.0,0.5804,long_nclose,34.824,0.0177934722868008,3.0
1674076860000.0,605613,1674076860000.0,0.09399999999999853,-0.0023404,1957.2138805300006,1957.4378805300005,-20.0,0.5851,40.0,0.5804,long_nclose,23.216,0.011861759325819446,9.0
1674077460000.0,605623,1674077460000.0,0.06250999999999902,-0.001556366,1957.2748341640006,1957.4243541640005,-13.3,0.5851,26.7,0.5804,long_nclose,15.49668,0.007917477775480113,10.0
1674080340000.0,605671,1674080340000.0,0.04182999999999935,-0.0010414780000000002,1957.3156226860006,1957.3797026860007,-8.9,0.5851,17.8,0.5804,long_nclose,10.33112,0.005278208522048544,48.0
1674080520000.0,605674,1674080520000.0,0.027729999999999567,-0.000690418,1957.3426622680006,1957.4093022680006,-5.9,0.5851,11.9,0.5804,long_nclose,6.90676,0.0035286412201310934,3.0
1674080700000.0,605677,1674080700000.0,0.01832999999999971,-0.00045637799999999996,1957.3605358900006,1957.3973358900007,-3.9,0.5851,8.0,0.5804,long_nclose,4.6432,0.0023721741165527097,3.0
1674080820000.0,605679,1674080820000.0,0.01221999999999981,-0.000304252,1957.3724516380007,1957.3972916380008,-2.6,0.5851,5.4,0.5804,long_nclose,3.1341600000000005,0.0016012077810624243,2.0
1674080940000.0,605681,1674080940000.0,0.008459999999999869,-0.00021063600000000002,1957.3807010020007,1957.4008610020007,-1.8,0.5851,3.6,0.5804,long_nclose,2.08944,0.001067467355190739,2.0
1674081120000.0,605684,1674081120000.0,0.005639999999999912,-0.000140424,1957.3862005780009,1957.3996405780008,-1.2,0.5851,2.4,0.5804,long_nclose,1.39296,0.0007116429039852584,3.0
1674082440000.0,605706,1674082440000.0,0.0037599999999999413,-9.3616e-05,1957.389866962001,1957.3988269620008,-0.8,0.5851,1.6,0.5804,long_nclose,0.9286400000000001,0.0004744277140053407,22.0
1674082680000.0,605710,1674082680000.0,0.0023499999999999632,-5.851e-05,1957.392158452001,1957.398318452001,-0.5,0.5851,1.1,0.5804,long_nclose,0.6384400000000001,0.00032616867153739335,4.0
1674087000000.0,605782,1674087000000.0,0.001409999999999978,-3.5106e-05,1957.393533346001,1957.3988133460011,-0.3,0.5851,0.8,0.5804,long_nclose,0.46432000000000007,0.00023721341267858576,72.0
1674087360000.0,605788,1674087360000.0,0.0009399999999999853,-2.3404e-05,1957.3944499420008,1957.3978099420008,-0.2,0.5851,0.6,0.5804,long_nclose,0.34824,0.0001779099761983685,6.0
1674087420000.0,605789,1674087420000.0,0.002970000000000006,-3.5418e-05,1957.397384524001,1957.400864524001,-0.3,0.5903,0.3,0.5804,long_nclose,0.17412,8.895485473551014e-05,1.0
1674087600000.0,605792,1674087600000.0,0.000990000000000002,-1.1806000000000002e-05,1957.398362718001,1957.4002827180009,-0.1,0.5903,0.2,0.5804,long_nclose,0.11608000000000002,5.930320685402733e-05,3.0
1674087840000.0,605796,1674087840000.0,0.00046999999999999267,-1.1702e-05,1957.398821016001,1957.399381016001,-0.1,0.5851,0.1,0.5804,long_nclose,0.05804000000000001,2.9651596484498727e-05,4.0
1674088200000.0,605802,1674088200000.0,0.00046999999999999267,-1.1702e-05,1957.399279314001,1957.399279314001,-0.1,0.5851,0.0,0.5804,long_nclose,0.0,0.0,6.0
1674127260000.0,606453,1674127260000.0,0.0,-0.015662892000000005,1957.383616422001,1957.3557564220011,139.3,0.5622,139.3,0.5622,long_ientry_normal,78.31446000000001,0.04000976576229595,651.0
1674130260000.0,606503,1674130260000.0,0.2134399999999971,-0.005259904,1957.591796518001,1958.037716518001,-46.4,0.5668,92.9,0.5622,long_nclose,52.22838000000001,0.026679913602467808,50.0
1674130680000.0,606510,1674130680000.0,0.4454399999999973,-0.0053063039999999995,1958.031930214001,1958.441130214001,-46.4,0.5718,46.5,0.5622,long_nclose,26.142300000000002,0.013351314448249477,7.0
1674130800000.0,606512,1674130800000.0,0.22271999999999864,-0.0026531519999999998,1958.251997062001,1958.480337062001,-23.2,0.5718,23.3,0.5622,long_nclose,13.099260000000001,0.006689261657668699,2.0
1674131160000.0,606518,1674131160000.0,0.11135999999999932,-0.0013265759999999999,1958.362030486001,1958.476690486001,-11.6,0.5718,11.7,0.5622,long_nclose,6.57774,0.0033587967380922013,6.0
1674132600000.0,606542,1674132600000.0,0.017939999999999755,-0.00044210399999999997,1958.379528382001,1958.416968382001,-3.9,0.5668,7.8,0.5622,long_nclose,4.38516,0.0022391778184195927,24.0
1674132900000.0,606547,1674132900000.0,0.011959999999999837,-0.000294736,1958.391193646001,1958.421353646001,-2.6,0.5668,5.2,0.5622,long_nclose,2.9234400000000003,0.0014927763204231612,5.0
1674134940000.0,606581,1674134940000.0,0.007819999999999893,-0.000192712,1958.3988209340012,1958.419120934001,-1.7,0.5668,3.5,0.5622,long_nclose,1.9677000000000002,0.0010047493794249544,34.0
1674135120000.0,606584,1674135120000.0,0.005059999999999932,-0.00012469600000000001,1958.403756238001,1958.4176762380011,-1.1,0.5668,2.4,0.5622,long_nclose,1.34928,0.0006889692667828118,3.0
1674135960000.0,606598,1674135960000.0,0.01151999999999993,-0.00013723200000000002,1958.415139006001,1958.425699006001,-1.2,0.5718,1.2,0.5622,long_nclose,0.67464,0.00034448263116594136,14.0
1674137040000.0,606616,1674137040000.0,0.005759999999999965,-6.861600000000001e-05,1958.4208303900011,1958.426710390001,-0.6,0.5718,0.6,0.5622,long_nclose,0.33732,0.00017224081503096854,18.0
1674138120000.0,606634,1674138120000.0,0.0009199999999999876,-2.2672000000000002e-05,1958.4217277180012,1958.4236477180011,-0.2,0.5668,0.4,0.5622,long_nclose,0.22488000000000002,0.00011482715740803972,18.0
1674138780000.0,606645,1674138780000.0,0.0019199999999999886,-2.2872e-05,1958.423624846001,1958.4255848460011,-0.2,0.5718,0.2,0.5622,long_nclose,0.11244000000000001,5.741352308739721e-05,11.0
1674139080000.0,606650,1674139080000.0,0.0009599999999999943,-1.1436e-05,1958.4245734100011,1958.4256534100011,-0.1,0.5718,0.1,0.5622,long_nclose,0.056220000000000006,2.8706747639563143e-05,5.0
1674140280000.0,606670,1674140280000.0,0.0009599999999999943,-1.1436e-05,1958.4255219740012,1958.4255219740012,-0.1,0.5718,0.0,0.5622,long_nclose,0.0,0.0,20.0
1674355440000.0,610256,1674355440000.0,0.0,-0.015673350000000003,1958.4098486240011,1958.3465986240012,126.5,0.6195,126.5,0.6195,long_ientry_normal,78.36675000000001,0.040015500358651326,3586.0
1674356580000.0,610275,1674356580000.0,0.2105000000000002,-0.005258290000000001,1958.615090334001,1959.079290334001,-42.1,0.6245,84.4,0.6195,long_nclose,52.28580000000001,0.02669529110545337,19.0
1674357360000.0,610288,1674357360000.0,0.14050000000000012,-0.0035096900000000006,1958.752080644001,1959.0617306440008,-28.1,0.6245,56.3,0.6195,long_nclose,34.87785,0.01780615849481718,13.0
1674358020000.0,610299,1674358020000.0,0.09350000000000008,-0.00233563,1958.8432450140008,1959.0500450140007,-18.7,0.6245,37.6,0.6195,long_nclose,23.293200000000002,0.011891303737187768,11.0
1674360120000.0,610334,1674360120000.0,0.06250000000000006,-0.0015612500000000001,1958.904183764001,1959.042233764001,-12.5,0.6245,25.1,0.6195,long_nclose,15.549450000000002,0.007937830818310877,35.0
1674360900000.0,610347,1674360900000.0,0.041500000000000044,-0.0010366700000000002,1958.9446470940009,1959.0706470940008,-8.3,0.6245,16.8,0.6195,long_nclose,10.4076,0.005312860685185347,13.0
1674362700000.0,610377,1674362700000.0,0.08903999999999952,-0.001058568,1959.032628526001,1959.129228526001,-8.4,0.6301,8.4,0.6195,long_nclose,5.2038,0.0026563110405748575,30.0
1674364080000.0,610400,1674364080000.0,0.13607999999999995,-0.0010679760000000002,1959.167640550001,1959.167640550001,-8.4,0.6357,0.0,0.6195,long_nclose,0.0,0.0,23.0
1674485940000.0,612431,1674485940000.0,0.0,-0.015672224000000002,1959.151968326001,1959.747648326001,116.8,0.6709,116.8,0.6709,long_ientry_normal,78.36112,0.039997468939051074,2031.0
1674486000000.0,612432,1674486000000.0,0.21005999999999844,-0.005261614,1959.356766712001,1960.065656712001,-38.9,0.6763,77.9,0.6709,long_nclose,52.263110000000005,0.026673605791406124,1.0
1674486720000.0,612444,1674486720000.0,0.44734999999999825,-0.005309072,1959.7988076400009,1960.3097076400009,-38.9,0.6824,39.0,0.6709,long_nclose,26.165100000000002,0.013350911276197856,12.0
1674487140000.0,612451,1674487140000.0,0.6824999999999984,-0.00536952,1960.4759381200008,1960.4759381200008,-39.0,0.6884,0.0,0.6709,long_nclose,0.0,0.0,7.0
1674579960000.0,613998,1674579960000.0,0.0,-0.015685168000000003,1960.460252952001,1960.275612952001,115.4,0.6796,115.4,0.6796,long_ientry_normal,78.42584000000001,0.04000378986613413,1547.0
1674580260000.0,614003,1674580260000.0,0.2112000000000023,-0.005261568,1960.666191384001,1961.158991384001,-38.4,0.6851,77.0,0.6796,long_nclose,52.3292,0.026689499839369243,5.0
1674580560000.0,614008,1674580560000.0,0.14080000000000156,-0.003507712,1960.8034836720008,1961.1324436720008,-25.6,0.6851,51.4,0.6796,long_nclose,34.931439999999995,0.01781486022994197,5.0
1674582000000.0,614032,1674582000000.0,0.09405000000000104,-0.0023430420000000005,1960.8951906300008,1961.114710630001,-17.1,0.6851,34.3,0.6796,long_nclose,23.31028,0.01188757059091507,24.0
1674582900000.0,614047,1674582900000.0,0.06270000000000069,-0.0015620280000000002,1960.9563286020007,1961.1257886020007,-11.4,0.6851,22.9,0.6796,long_nclose,15.562839999999998,0.007936352162974997,15.0
1674583920000.0,614064,1674583920000.0,0.041800000000000455,-0.0010413520000000002,1960.9970872500007,1961.0950072500007,-7.6,0.6851,15.3,0.6796,long_nclose,10.39788,0.005302343418868327,17.0
1674587400000.0,614122,1674587400000.0,0.028050000000000307,-0.000698802,1961.0244384480006,1961.0897184480007,-5.1,0.6851,10.2,0.6796,long_nclose,6.931919999999999,0.0035348463099654577,58.0
1674588660000.0,614143,1674588660000.0,0.018700000000000206,-0.00046586800000000003,1961.0426725800007,1961.0861925800007,-3.4,0.6851,6.8,0.6796,long_nclose,4.62128,0.0023565422948803654,21.0
1674591120000.0,614184,1674591120000.0,0.012100000000000133,-0.00030144400000000005,1961.0544711360008,1961.0839111360008,-2.2,0.6851,4.6,0.6796,long_nclose,3.1261599999999996,0.0015941219614308193,41.0
1674596880000.0,614280,1674596880000.0,0.0,-0.015077140000000001,1961.0393939960009,1961.285933996001,112.6,0.6695,117.2,0.6698964163822526,long_ientry_partial,78.51186000000001,0.04003584029998335,96.0
1674599220000.0,614319,1674599220000.0,0.0,-0.015690908,1961.023703088001,1958.842103088001,120.2,0.6527,237.4,0.6611895534962089,long_rentry,156.9664,0.08004309165301106,39.0
1674606060000.0,614433,1674606060000.0,0.0,-0.015727256000000002,1961.007975832001,1955.043795832001,123.1,0.6388,360.5,0.6535441886269071,long_rentry,235.60268000000002,0.12014366229185804,114.0
1674622200000.0,614702,1674622200000.0,0.6312229459084626,-0.015824376,1961.6233744019096,1963.1753514560012,-120.1,0.6588,240.4,0.6535441886269071,long_nclose,157.11202294590848,0.08009285829080787,269.0
1674622440000.0,614706,1674622440000.0,0.42099049098474484,-0.010553976000000001,1962.0338109168943,1962.908377480001,-80.1,0.6588,160.3,0.6535441886269071,long_nclose,104.76313343689321,0.05339517232271114,4.0
1674622800000.0,614712,1674622800000.0,0.2806603273231632,-0.007035984000000001,1962.3074352602175,1962.676861496001,-53.4,0.6588,106.9,0.6535441886269071,long_nclose,69.86387376421638,0.03560291955727716,6.0
1674623100000.0,614717,1674623100000.0,0.18710688488210883,-0.0046906560000000005,1962.4898514890995,1962.878850840001,-35.6,0.6588,71.3,0.6535441886269071,long_nclose,46.59770064909848,0.023744174072411656,5.0
1674623700000.0,614727,1674623700000.0,0.12456272954230278,-0.0031227120000000006,1962.6112915066417,1962.8709881280008,-23.7,0.6588,47.6,0.6535441886269071,long_nclose,31.10870337864078,0.015850669724191538,10.0
1674624000000.0,614732,1674624000000.0,0.08304181969486853,-0.002081808,1962.6922515183367,1962.865746320001,-15.8,0.6588,31.8,0.6535441886269071,long_nclose,20.782705198335645,0.010588876163472987,5.0
1674624480000.0,614740,1674624480000.0,0.17737740083217632,-0.002113746,1962.8675151731688,1963.049662574001,-15.9,0.6647,15.9,0.6535441886269071,long_nclose,10.391352599167822,0.005293965343479166,8.0
1674625140000.0,614751,1674625140000.0,0.08813090984743352,-0.001050226,1962.9545958570163,1963.0382423480012,-7.9,0.6647,8.0,0.6535441886269071,long_nclose,5.228353509015257,0.002663512197403926,11.0
1674625200000.0,614752,1674625200000.0,0.0446232454923714,-0.00053176,1962.9986873425087,1963.044510588001,-4.0,0.6647,4.0,0.6535441886269071,long_nclose,2.6141767545076284,0.0013317261857401846,1.0
1674625800000.0,614762,1674625800000.0,0.06822324549237146,-0.00053648,1963.0663741080011,1963.0663741080011,-4.0,0.6706,0.0,0.6535441886269071,long_nclose,0.0,0.0,10.0
1674725700000.0,616427,1674725700000.0,0.0,-0.015704724,1963.0506693840011,1963.0278493840012,114.1,0.6882,114.1,0.6882,long_ientry_normal,78.52362,0.04000081160647802,1665.0
1674739800000.0,616662,1674739800000.0,0.0,-0.01570311,1963.0349662740011,1961.3621962740012,117.1,0.6705,231.2,0.6792351643598615,long_rentry,157.03916999999998,0.07999815219698965,235.0
1674740220000.0,616669,1674740220000.0,0.42079234429066015,-0.01054438,1963.4452142382918,1964.179951894001,-77.0,0.6847,154.2,0.6792351643598615,long_nclose,104.73806234429064,0.05334402079811695,7.0
1674740400000.0,616672,1674740400000.0,0.28089255190311596,-0.0070387159999999995,1963.719068074195,1964.3116931780014,-51.4,0.6847,102.8,0.6792351643598615,long_nclose,69.82537489619376,0.03555772107701281,3.0
1674740820000.0,616679,1674740820000.0,0.18689737889273478,-0.004683348,1963.9012821050878,1964.2281498300013,-34.2,0.6847,68.6,0.6792351643598615,long_nclose,46.5955322750865,0.023726005324025846,7.0
1674740940000.0,616681,1674740940000.0,0.12459825259515651,-0.003122232,1964.0227581256831,1964.2867875980014,-22.8,0.6847,45.8,0.6792351643598615,long_nclose,31.108970527681656,0.01583941448691243,2.0
1674741240000.0,616686,1674741240000.0,0.2648347361591702,-0.0031638639999999997,1964.2844289978423,1964.5309437340015,-22.9,0.6908,22.9,0.6792351643598615,long_nclose,15.554485263840828,0.007918652224808689,5.0
1674741300000.0,616687,1674741300000.0,0.13183912629757819,-0.001575024,1964.4146931001399,1964.5844887100016,-11.4,0.6908,11.5,0.6792351643598615,long_nclose,7.811204390138408,0.003976352049073284,1.0
1674742320000.0,616704,1674742320000.0,0.20429560986159184,-0.0016030999999999999,1964.6173856100015,1964.6173856100015,-11.5,0.697,0.0,0.6792351643598615,long_nclose,0.0,0.0,17.0
1674748440000.0,616806,1674748440000.0,0.0,-0.015718944000000002,1964.6016666660016,1964.4965466660017,116.8,0.6729,116.8,0.6729,long_ientry_normal,78.59472000000001,0.040005422642941164,102.0
1674750720000.0,616844,1674750720000.0,0.21005999999999844,-0.005277174000000001,1964.8064494920015,1965.2037394920017,-38.9,0.6783,77.9,0.6729,long_nclose,52.41891000000001,0.026678917922705752,38.0
1674751620000.0,616859,1674751620000.0,0.13985999999999896,-0.003513594,1964.9427958980016,1965.2599958980015,-25.9,0.6783,52.0,0.6729,long_nclose,34.9908,0.017807541305042827,15.0
1674752400000.0,616872,1674752400000.0,0.09341999999999932,-0.0023469180000000004,1965.0338689800014,1965.2455389800014,-17.3,0.6783,34.7,0.6729,long_nclose,23.349630000000005,0.011882558549548155,13.0
1674752520000.0,616874,1674752520000.0,0.062099999999999544,-0.00156009,1965.0944088900014,1965.1895288900014,-11.5,0.6783,23.2,0.6729,long_nclose,15.61128,0.007944290070428805,2.0
1674752580000.0,616875,1674752580000.0,0.041579999999999694,-0.0010445820000000003,1965.1349443080014,1965.2294943080014,-7.7,0.6783,15.5,0.6729,long_nclose,10.429950000000002,0.00530749810857024,1.0
1674753420000.0,616889,1674753420000.0,0.027539999999999797,-0.0006918660000000001,1965.1617924420016,1965.2252324420015,-5.1,0.6783,10.4,0.6729,long_nclose,6.99816,0.003561111368496413,14.0
1674753720000.0,616894,1674753720000.0,0.018359999999999866,-0.00046124400000000003,1965.1796911980016,1965.2223911980016,-3.4,0.6783,7.0,0.6729,long_nclose,4.7103,0.002396880051782203,5.0
1674756420000.0,616939,1674756420000.0,0.0,-0.014789640000000001,1965.1649015580017,1965.0944015580017,111.0,0.6662,118.0,0.6665974576271186,long_ientry_partial,78.6585,0.04002641200117038,45.0
1674763440000.0,617056,1674763440000.0,0.2123199152542391,-0.005281920000000001,1965.371939553256,1965.8758196380018,-39.3,0.672,78.7,0.6665974576271186,long_nclose,52.46121991525424,0.02669276937330197,117.0
1674763680000.0,617060,1674763680000.0,0.14154661016949274,-0.0035212800000000003,1965.5099648834255,1965.8985983580017,-26.2,0.672,52.5,0.6665974576271186,long_nclose,34.99636652542373,0.017805234850335326,4.0
1674767100000.0,617117,1674767100000.0,0.09454449152542455,-0.0023520000000000004,1965.6021573749508,1965.7562463580016,-17.5,0.672,35.0,0.6665974576271186,long_nclose,23.330911016949152,0.011869599821821236,57.0
1674768720000.0,617144,1674768720000.0,0.06266949152542427,-0.0015590400000000003,1965.6632678264762,1965.8130873180016,-11.6,0.672,23.4,0.6665974576271186,long_nclose,15.598380508474575,0.007935428597453734,27.0
1674768900000.0,617147,1674768900000.0,0.04213983050847494,-0.0010483200000000002,1965.7043593369845,1965.8042389980014,-7.8,0.672,15.6,0.6665974576271186,long_nclose,10.39892033898305,0.005290175142354834,3.0
1674769140000.0,617151,1674769140000.0,0.028093220338983295,-0.00069888,1965.7317536773235,1965.7983401180015,-5.2,0.672,10.4,0.6665974576271186,long_nclose,6.932613559322034,0.0035267342791574135,4.0
1674774780000.0,617245,1674774780000.0,0.018368644067796768,-0.00045696000000000007,1965.7496653613912,1965.7944831580014,-3.4,0.672,7.0,0.6665974576271186,long_nclose,4.66618220338983,0.002373741827666536,94.0
1674775080000.0,617250,1674775080000.0,0.012425847457627225,-0.00030912,1965.7617820888488,1965.7965740380014,-2.3,0.672,4.7,0.6665974576271186,long_nclose,3.1330080508474576,0.00159378826030399,5.0
1674775500000.0,617257,1674775500000.0,0.026225847457627235,-0.00031188,1965.7876960563065,1965.8174621580013,-2.3,0.678,2.4,0.6665974576271186,long_nclose,1.5998338983050846,0.0008138385958537713,7.0
1674776160000.0,617268,1674776160000.0,0.01368305084745769,-0.00016272000000000001,1965.801216387154,1965.8160994380014,-1.2,0.678,1.2,0.6665974576271186,long_nclose,0.7999169491525423,0.00040691649922908733,11.0
1674776580000.0,617275,1674776580000.0,0.006841525423728845,-8.136000000000001e-05,1965.8079765525777,1965.8160180780014,-0.6,0.678,0.6,0.6665974576271186,long_nclose,0.39995847457627115,0.00020345754994731237,7.0
1674777600000.0,617292,1674777600000.0,0.0034207627118644224,-4.0680000000000004e-05,1965.8113566352895,1965.8153773980014,-0.3,0.678,0.3,0.6665974576271186,long_nclose,0.19997923728813558,0.00010172860005775064,17.0
1674778080000.0,617300,1674778080000.0,0.005220762711864424,-4.104000000000001e-05,1965.8165363580013,1965.8165363580013,-0.3,0.684,0.0,0.6665974576271186,long_nclose,0.0,0.0,8.0
1674783480000.0,617390,1674783480000.0,0.0,-0.015723792,1965.8008125660012,1965.9444525660012,119.7,0.6568,119.7,0.6568,long_ientry_normal,78.61896,0.039993350037014694,90.0
1674783720000.0,617394,1674783720000.0,0.21146999999999885,-0.005283558000000001,1966.0069990080012,1966.5017590080013,-39.9,0.6621,79.8,0.6568,long_nclose,52.41264,0.026659437136513822,4.0
1674784380000.0,617405,1674784380000.0,0.14097999999999924,-0.003522372,1966.1444566360012,1966.4742966360013,-26.6,0.6621,53.2,0.6568,long_nclose,34.94176,0.017771715543111227,11.0
1674784800000.0,617412,1674784800000.0,0.09380999999999949,-0.002343834,1966.2359228020014,1966.4560228020014,-17.7,0.6621,35.5,0.6568,long_nclose,23.3164,0.011858393862915883,7.0
1674785460000.0,617423,1674785460000.0,0.19823999999999978,-0.0023647200000000003,1966.4317980820013,1966.6489580820012,-17.7,0.668,17.8,0.6568,long_nclose,11.691040000000001,0.005945306626653968,11.0
1674785820000.0,617429,1674785820000.0,0.0996799999999999,-0.0011890400000000001,1966.5302890420012,1966.6388690420013,-8.9,0.668,8.9,0.6568,long_nclose,5.8455200000000005,0.0029725044320815706,6.0
1674786240000.0,617436,1674786240000.0,0.04927999999999995,-0.0005878400000000002,1966.5789812020012,1966.6338812020012,-4.4,0.668,4.5,0.6568,long_nclose,2.9556000000000004,0.0015029144663152535,7.0
1674786600000.0,617442,1674786600000.0,0.024639999999999974,-0.0002939200000000001,1966.6033272820011,1966.6336872820011,-2.2,0.668,2.3,0.6568,long_nclose,1.51064,0.0007681467731918373,6.0
1674787140000.0,617451,1674787140000.0,0.039330000000000004,-0.000309994,1966.6423472880012,1966.6423472880012,-2.3,0.6739,0.0,0.6568,long_nclose,0.0,0.0,9.0
1674909120000.0,619484,1674909120000.0,0.0,-0.015736866000000002,1966.6266104220012,1966.7593804220012,120.7,0.6519,120.7,0.6519,long_ientry_normal,78.68433,0.04000979625873964,2033.0
1674909360000.0,619488,1674909360000.0,0.21305999999999886,-0.0052838880000000005,1966.8343865340014,1967.3254365340015,-40.2,0.6572,80.5,0.6519,long_nclose,52.47795,0.02668142796327544,4.0
1674910500000.0,619507,1674910500000.0,0.14203999999999925,-0.003522592,1966.9729039420013,1967.2467739420013,-26.8,0.6572,53.7,0.6519,long_nclose,35.00703,0.017797413441660824,19.0
1674911220000.0,619519,1674911220000.0,0.0,-0.008750346,1966.9641535960013,1966.6133935960013,67.3,0.6501,121.0,0.6508988429752066,long_ientry_partial,78.75876,0.04004077036991922,12.0
1674916440000.0,619606,1674916440000.0,0.2136366280991736,-0.005288972,1967.1725012521006,1967.6648646240014,-40.3,0.6562,80.7,0.6508988429752066,long_nclose,52.52753662809918,0.026702049055009423,87.0
1674918780000.0,619645,1674918780000.0,0.1426011239669422,-0.003530356,1967.3115720200674,1967.5860142680012,-26.9,0.6562,53.8,0.6508988429752066,long_nclose,35.018357752066116,0.01780010764441786,39.0
1674918840000.0,619646,1674918840000.0,0.09489071074380168,-0.002349196,1967.4041135348111,1967.6231450720013,-17.9,0.6562,35.9,0.6508988429752066,long_nclose,23.367268462809918,0.011877208298007586,1.0
1674920340000.0,619671,1674920340000.0,0.19871071074380217,-0.00236996,1967.600454285555,1967.8362751120014,-17.9,0.662,18.0,0.6508988429752066,long_nclose,11.71617917355372,0.005954551976258777,25.0
1674920460000.0,619673,1674920460000.0,0.09991041322314076,-0.0011916000000000001,1967.6991730987781,1967.8170835120013,-9.0,0.662,9.0,0.6508988429752066,long_nclose,5.85808958677686,0.0029771266191830556,2.0
1674921600000.0,619692,1674921600000.0,0.04995520661157038,-0.0005958000000000001,1967.7485325053897,1967.7984877120011,-4.5,0.662,4.5,0.6508988429752066,long_nclose,2.92904479338843,0.0014885259701650456,19.0
1674921660000.0,619693,1674921660000.0,0.02442254545454552,-0.00029128000000000004,1967.7726637708442,1967.8027964320013,-2.2,0.662,2.3,0.6508988429752066,long_nclose,1.4970673388429752,0.0007607928326304441,1.0
1674922440000.0,619706,1674922440000.0,0.0391026611570249,-0.00030723400000000003,1967.8114591980013,1967.8114591980013,-2.3,0.6679,0.0,0.6508988429752066,long_nclose,0.0,0.0,13.0
1675087380000.0,622455,1675087380000.0,0.0,-0.015742638,1967.7957165600014,1967.8076265600014,119.1,0.6609,119.1,0.6609,long_ientry_normal,78.71319,0.04000069180839682,2749.0
1675087800000.0,622462,1675087800000.0,0.21040999999999888,-0.005289628000000001,1968.0008369320014,1968.3263769320015,-39.7,0.6662,79.4,0.6609,long_nclose,52.475460000000005,0.02666434841654142,7.0
1675087920000.0,622464,1675087920000.0,0.13991999999999924,-0.003517536,1968.1372393960016,1968.4605393960016,-26.4,0.6662,53.0,0.6609,long_nclose,35.0277,0.01779738693971849,2.0
1675088460000.0,622473,1675088460000.0,0.2994499999999994,-0.0035626600000000005,1968.4331267360017,1968.7537767360016,-26.5,0.6722,26.5,0.6609,long_nclose,17.51385,0.008897355852286919,9.0
1675088580000.0,622475,1675088580000.0,0.14915999999999968,-0.001774608,1968.5805121280016,1968.7414421280016,-13.2,0.6722,13.3,0.6609,long_nclose,8.78997,0.004465131065682549,2.0
1675089120000.0,622484,1675089120000.0,0.2287599999999999,-0.0018037460000000004,1968.8074683820016,1968.8074683820016,-13.3,0.6781,0.0,0.6609,long_nclose,0.0,0.0,9.0
1675105680000.0,622760,1675105680000.0,0.0,-0.015753472000000004,1968.7917149100017,1968.8155549100018,119.2,0.6608,119.2,0.6608,long_ientry_normal,78.76736000000001,0.04000797006787519,276.0
1675105800000.0,622762,1675105800000.0,0.0,-0.015747348,1968.7759675620016,1965.5903675620016,122.3,0.6438,241.5,0.6521908902691512,long_rentry,157.50410000000002,0.08000102733631109,2.0
1675110120000.0,622834,1675110120000.0,0.0,-0.015777704,1968.7601898580017,1965.9554698580016,125.2,0.6301,366.7,0.6446485410417236,long_rentry,236.39262000000005,0.12007182043692688,72.0
1675123020000.0,623049,1675123020000.0,0.6417282847013748,-0.015883556000000004,1969.386034586703,1970.4499663020017,-122.2,0.6499,244.5,0.6446485410417236,long_nclose,157.61656828470143,0.08003335329722644,215.0
1675123140000.0,623051,1675123140000.0,0.42799390509952573,-0.010593370000000001,1969.8034351218027,1970.6757229320017,-81.5,0.6499,163.0,0.6446485410417236,long_nclose,105.07771218980095,0.053344262841791355,2.0
1675123320000.0,623054,1675123320000.0,0.28515422143440794,-0.007057914,1970.0815314292372,1970.5545350180018,-54.3,0.6499,108.7,0.6446485410417236,long_nclose,70.07329641123536,0.035568729158330425,3.0
1675123380000.0,623055,1675123380000.0,0.19010281428960532,-0.004705276000000001,1970.2669289675266,1970.5099097420016,-36.2,0.6499,72.5,0.6446485410417236,long_nclose,46.73701922552497,0.02372116109669284,1.0
1675126140000.0,623101,1675126140000.0,0.12656016089446098,-0.0031325180000000004,1970.3903566104211,1970.6493672240017,-24.1,0.6499,48.4,0.6446485410417236,long_nclose,31.200989386419423,0.015834927978480955,46.0
1675127820000.0,623129,1675127820000.0,0.2674453067902866,-0.0031735879999999998,1970.6546283292114,1970.9535336360016,-24.2,0.6557,24.2,0.6446485410417236,long_nclose,15.600494693209711,0.007916402229464402,28.0
1675128240000.0,623136,1675128240000.0,0.40780530679028726,-0.00320166,1971.0592319760017,1971.0592319760017,-24.2,0.6615,0.0,0.6446485410417236,long_nclose,0.0,0.0,7.0
1675240080000.0,625000,1675240080000.0,0.0,-0.01576816,1971.0434638160016,1971.1546638160016,111.2,0.709,111.2,0.709,long_ientry_normal,78.8408,0.039999523829556634,1864.0
1675240260000.0,625003,1675240260000.0,0.21090000000000142,-0.00528878,1971.2490750360016,1971.6942750360017,-37.0,0.7147,74.2,0.709,long_nclose,52.6078,0.02668754581357975,3.0
1675241160000.0,625018,1675241160000.0,0.44891000000000003,-0.0053505620000000005,1971.6926344740016,1972.1749344740015,-37.1,0.7211,37.1,0.709,long_nclose,26.3039,0.01334077104112996,15.0
1675241460000.0,625023,1675241460000.0,0.22385,-0.00266807,1971.9138164040016,1972.1556164040016,-18.5,0.7211,18.6,0.709,long_nclose,13.1874,0.0066876147883829186,5.0
1675241880000.0,625030,1675241880000.0,0.11253,-0.0013412460000000001,1972.0250051580017,1972.1459051580016,-9.3,0.7211,9.3,0.709,long_nclose,6.5937,0.0033436188601836227,7.0
1675242120000.0,625034,1675242120000.0,0.055659999999999994,-0.0006634119999999999,1972.0800017460017,1972.1364017460016,-4.6,0.7211,4.7,0.709,long_nclose,3.3323,0.001689738751495737,4.0
1675242240000.0,625036,1675242240000.0,0.027829999999999997,-0.00033170599999999997,1972.1075000400017,1972.1339000400017,-2.3,0.7211,2.4,0.709,long_nclose,1.7015999999999998,0.0008628332887357738,2.0
1675242900000.0,625047,1675242900000.0,0.014519999999999998,-0.000173064,1972.1218469760017,1972.1374469760017,-1.2,0.7211,1.2,0.709,long_nclose,0.8507999999999999,0.00043141350586658404,11.0
1675243140000.0,625051,1675243140000.0,0.007259999999999999,-8.6532e-05,1972.1290204440018,1972.1374204440017,-0.6,0.7211,0.6,0.709,long_nclose,0.42539999999999994,0.00021570596831652837,4.0
1675243560000.0,625058,1675243560000.0,0.011100000000000042,-8.730000000000001e-05,1972.1400331440018,1972.1400331440018,-0.6,0.7275,0.0,0.709,long_nclose,0.0,0.0,7.0
1675266420000.0,625439,1675266420000.0,0.0,-0.015774749999999997,1972.1242583940018,1972.3380083940017,112.5,0.7011,112.5,0.7011,long_ientry_normal,78.87374999999999,0.039994310533064875,381.0
1675268040000.0,625466,1675268040000.0,0.21375000000000144,-0.005301,1972.3327073940018,1972.7002073940018,-37.5,0.7068,75.0,0.7011,long_nclose,52.582499999999996,0.026660055782107905,27.0
1675268100000.0,625467,1675268100000.0,0.14250000000000096,-0.003534,1972.4716733940018,1972.6666733940017,-25.0,0.7068,50.0,0.7011,long_nclose,35.055,0.017772118339059034,1.0
1675268160000.0,625468,1675268160000.0,0.09462000000000065,-0.0023465760000000004,1972.5639468180018,1972.7276068180017,-16.6,0.7068,33.4,0.7011,long_nclose,23.416739999999997,0.011871219707616678,1.0
1675268220000.0,625469,1675268220000.0,0.06327000000000042,-0.0015690959999999999,1972.625647722002,1972.757217722002,-11.1,0.7068,22.3,0.7011,long_nclose,15.63453,0.007925746082666437,1.0
1675268340000.0,625471,1675268340000.0,0.04218000000000029,-0.001046064,1972.6667816580018,1972.7546916580018,-7.4,0.7068,14.9,0.7011,long_nclose,10.44639,0.005295567450687206,2.0
1675268580000.0,625475,1675268580000.0,0.02793000000000019,-0.0006926640000000001,1972.6940189940017,1972.7330189940017,-4.9,0.7068,10.0,0.7011,long_nclose,7.010999999999999,0.0035540230428514914,4.0
1675269360000.0,625488,1675269360000.0,0.0,-0.014384980000000002,1972.6796340140017,1972.6177340140018,103.0,0.6983,113.0,0.6985477876106195,long_ientry_partial,78.9359,0.04001455615952272,13.0
1675276200000.0,625602,1675276200000.0,0.21252318584070748,-0.005295584000000001,1972.8868616158425,1972.9209584300017,-37.6,0.7042,75.4,0.6985477876106195,long_nclose,52.670503185840715,0.026697173675079518,114.0
1675278000000.0,625632,1675278000000.0,0.141870530973451,-0.003535084000000001,1973.0251970628158,1973.2491433460016,-25.1,0.7042,50.3,0.6985477876106195,long_nclose,35.13695371681416,0.017808669534034084,30.0
1675278060000.0,625633,1675278060000.0,0.09439194690265464,-0.002352028,1973.1172369817186,1973.5692313180018,-16.7,0.7042,33.6,0.6985477876106195,long_nclose,23.471205663716816,0.011895494714556731,1.0
1675278060000.0,625633,1675278060000.0,0.19960194690265418,-0.00237307,1973.3144658586214,1973.5418082480019,-16.7,0.7105,16.9,0.6985477876106195,long_nclose,11.805457610619468,0.005982552611290325,0.0
1675278300000.0,625637,1675278300000.0,0.031652389380530895,-0.000788704,1973.345329544002,1973.440839544002,-5.6,0.7042,11.3,0.6985477876106195,long_nclose,7.893590000000001,0.004000105750281448,4.0
1675278420000.0,625639,1675278420000.0,0.06693238938053074,-0.00079576,1973.4114661733825,1973.505243784002,-5.6,0.7105,5.7,0.6985477876106195,long_nclose,3.9817223893805314,0.0020176848354395344,2.0
1675278540000.0,625641,1675278540000.0,0.10403761061946863,-0.0008171520000000001,1973.514686632002,1973.514686632002,-5.7,0.7168,0.0,0.6985477876106195,long_nclose,0.0,0.0,2.0
1675554240000.0,630236,1675554240000.0,0.0,-0.015796676,1973.498889956002,1973.7523499560018,87.4,0.9037,87.4,0.9037,long_ientry_normal,78.98338,0.04002200376295164,4595.0
1675554360000.0,630238,1675554360000.0,0.21243000000000245,-0.00530202,1973.706017936002,1974.084967936002,-29.1,0.911,58.3,0.9037,long_nclose,52.68570999999999,0.026693798124553494,2.0
1675554420000.0,630239,1675554420000.0,0.14162000000000163,-0.0035346800000000005,1973.844103256002,1974.236993256002,-19.4,0.911,38.9,0.9037,long_nclose,35.153929999999995,0.017809881713561362,1.0
1675554660000.0,630243,1675554660000.0,0.09417000000000109,-0.0023503800000000004,1973.935922876002,1974.141322876002,-12.9,0.911,26.0,0.9037,long_nclose,23.496199999999998,0.011903223264596302,4.0
1675554960000.0,630248,1675554960000.0,0.06278000000000072,-0.00156692,1973.997135956002,1974.118935956002,-8.6,0.911,17.4,0.9037,long_nclose,15.724379999999998,0.00796575623823523,5.0
1675555080000.0,630250,1675555080000.0,0.04234000000000049,-0.0010567600000000001,1974.038419196002,1974.132379196002,-5.8,0.911,11.6,0.9037,long_nclose,10.482919999999998,0.005310393099780471,2.0
1675555320000.0,630254,1675555320000.0,0.02774000000000032,-0.0006923599999999999,1974.065466836002,1974.1395668360021,-3.8,0.911,7.8,0.9037,long_nclose,7.0488599999999995,0.0035707326420626718,4.0
1675555620000.0,630259,1675555620000.0,0.060060000000000315,-0.0007168980000000001,1974.124809938002,1974.186429938002,-3.9,0.9191,3.9,0.9037,long_nclose,3.5244299999999997,0.0017853126520965437,5.0
1675556520000.0,630274,1675556520000.0,0.02926000000000015,-0.000349258,1974.1537206800022,1974.1855206800021,-1.9,0.9191,2.0,0.9037,long_nclose,1.8074,0.0009155315419801435,15.0
1675557000000.0,630282,1675557000000.0,0.01540000000000008,-0.00018382,1974.168936860002,1974.184536860002,-1.0,0.9191,1.0,0.9037,long_nclose,0.9037,0.000457762242697108,8.0
1675557420000.0,630289,1675557420000.0,0.00770000000000004,-9.191e-05,1974.1765449500022,1974.1837949500023,-0.5,0.9191,0.5,0.9037,long_nclose,0.45185,0.00022888023928551105,7.0
1675557540000.0,630291,1675557540000.0,0.0030800000000000163,-3.6764e-05,1974.179588186002,1974.184298186002,-0.2,0.9191,0.3,0.9037,long_nclose,0.27110999999999996,0.0001373279318773185,2.0
1675557840000.0,630296,1675557840000.0,0.0015400000000000082,-1.8382e-05,1974.181109804002,1974.184209804002,-0.1,0.9191,0.2,0.9037,long_nclose,0.18074,9.155188402037946e-05,5.0
1675558620000.0,630309,1675558620000.0,0.0007300000000000084,-1.8220000000000005e-05,1974.1818215840021,1974.1825415840021,-0.1,0.911,0.1,0.9037,long_nclose,0.09037,4.577592550593483e-05,13.0
1675558680000.0,630310,1675558680000.0,0.0007300000000000084,-1.8220000000000005e-05,1974.1825333640022,1974.1825333640022,-0.1,0.911,0.0,0.9037,long_nclose,0.0,0.0,1.0
1675601280000.0,631020,1675601280000.0,0.0,-0.015793752,1974.1667396120022,1974.1488996120022,89.2,0.8853,89.2,0.8853,long_ientry_normal,78.96876,0.040001058884985737,710.0
1675601700000.0,631027,1675601700000.0,0.0,-0.015785580000000004,1974.1509540320021,1972.017694032002,91.5,0.8626,180.7,0.8738055340343112,long_rentry,157.89666000000003,0.07998205997242115,7.0
1675601760000.0,631028,1675601760000.0,0.0,-0.015822182,1974.1351318500022,1968.611401850002,93.7,0.8443,274.4,0.8637302113702625,long_rentry,237.00757000000002,0.12005640656315933,1.0
1675603380000.0,631055,1675603380000.0,0.6370386807580091,-0.015916396000000003,1974.7562541347602,1976.5441254540021,-91.4,0.8707,183.0,0.8637302113702625,long_nclose,158.06262868075805,0.08004158910741783,27.0
1675604340000.0,631071,1675604340000.0,1.3514356596209753,-0.016076550000000002,1976.0916132443813,1977.3698489040023,-91.5,0.8785,91.5,0.8637302113702625,long_nclose,79.03131434037903,0.03999375019391133,16.0
1675604640000.0,631076,1675604640000.0,0.6749793403790008,-0.00802949,1976.7585630947603,1977.4212794140024,-45.7,0.8785,45.8,0.8637302113702625,long_nclose,39.558843680758024,0.020011975371856113,5.0
1675604700000.0,631077,1675604700000.0,0.33822815962098723,-0.00402353,1977.0927677243812,1977.4584758840022,-22.9,0.8785,22.9,0.8637302113702625,long_nclose,19.779421840379012,0.010004296289619722,1.0
1675605120000.0,631084,1675605120000.0,0.16837559037900676,-0.0020029799999999997,1977.25914033476,1977.417492904002,-11.4,0.8785,11.5,0.8637302113702625,long_nclose,9.932897430758018,0.005023568852525991,7.0
1675605180000.0,631085,1675605180000.0,0.08418779518950338,-0.0010014899999999998,1977.3423266399498,1977.4343714140023,-5.7,0.8785,5.8,0.8637302113702625,long_nclose,5.009635225947522,0.002533519440945906,1.0
1675605360000.0,631088,1675605360000.0,0.04283238702623856,-0.00050953,1977.384649496976,1977.4315418840022,-2.9,0.8785,2.9,0.8637302113702625,long_nclose,2.504817612973761,0.0012667326074423397,3.0
1675605600000.0,631092,1675605600000.0,0.020677704081632407,-0.00024597999999999997,1977.4050812210576,1977.430685904002,-1.4,0.8785,1.5,0.8637302113702625,long_nclose,1.2955953170553938,0.0006551997511078292,4.0
1675606380000.0,631105,1675606380000.0,0.0,-0.015561056,1977.3895201650575,1977.406724848002,88.9,0.8752,90.4,0.8750096827107897,long_ientry_partial,79.1008753170554,0.040002677525292366,13.0
1675607340000.0,631121,1675607340000.0,0.21341855040522942,-0.005310242000000001,1977.597628473463,1978.0492946060024,-30.1,0.8821,60.3,0.8750096827107897,long_nclose,52.763083867460615,0.026680393982970754,16.0
1675607640000.0,631126,1675607640000.0,0.14251537751312662,-0.003546042,1977.736597808976,1978.0417285640024,-20.1,0.8821,40.2,0.8750096827107897,long_nclose,35.17538924497375,0.017785679490354075,5.0
1675607760000.0,631128,1675607760000.0,0.09501025167541775,-0.0023640280000000002,1977.8292440326513,1978.0139045360022,-13.4,0.8821,26.8,0.8750096827107897,long_nclose,23.450259496649164,0.011856564244563285,2.0
1675607820000.0,631129,1675607820000.0,0.0631038238739715,-0.001570138,1977.8907777185252,1978.0391743980022,-8.9,0.8821,17.9,0.8750096827107897,long_nclose,15.662673320523135,0.00791887676355408,1.0
1675608300000.0,631137,1675608300000.0,0.04183287200634065,-0.001040878,1977.9315697125317,1978.0382535200022,-5.9,0.8821,12.0,0.8750096827107897,long_nclose,10.500116192529477,0.0053086347138164855,8.0
1675608540000.0,631141,1675608540000.0,0.028361269156841118,-0.00070568,1977.9592253016885,1978.0231478400021,-4.0,0.8821,8.0,0.8750096827107897,long_nclose,7.000077461686318,0.0035390403260808522,4.0
1675608960000.0,631148,1675608960000.0,0.01843482495194673,-0.000458692,1977.9772014346406,1978.0187291480024,-2.6,0.8821,5.4,0.8750096827107897,long_nclose,4.725052286638265,0.0023888305098820916,7.0
1675609080000.0,631150,1675609080000.0,0.012762571120578504,-0.00031755600000000003,1977.9896464497613,1978.0162515920024,-1.8,0.8821,3.6,0.8750096827107897,long_nclose,3.150034857758843,0.00159254365330615,2.0
1675609200000.0,631152,1675609200000.0,0.008508380747052334,-0.000211704,1977.9979431265083,1978.0187998880024,-1.2,0.8821,2.4,0.8750096827107897,long_nclose,2.1000232385058952,0.001061691315606986,2.0
1675609440000.0,631156,1675609440000.0,0.005672253831368224,-0.000141136,1978.0034742443397,1978.0207387520024,-0.8,0.8821,1.6,0.8750096827107897,long_nclose,1.4000154923372636,0.0007077922311901469,4.0
1675609500000.0,631157,1675609500000.0,0.011912253831368248,-0.00014238400000000004,1978.015244114171,1978.0257163680023,-0.8,0.8899,0.8,0.8750096827107897,long_nclose,0.7000077461686318,0.0003538940097916795,1.0
1675610400000.0,631172,1675610400000.0,0.001418063457842056,-3.5284e-05,1978.0166268936289,1978.0208210840024,-0.2,0.8821,0.6,0.8750096827107897,long_nclose,0.5250058096264738,0.000265420321795256,15.0
1675610460000.0,631173,1675610460000.0,0.001418063457842056,-3.5284e-05,1978.0180096730867,1978.0209658000024,-0.2,0.8821,0.4,0.8750096827107897,long_nclose,0.3500038730843159,0.0001769467574980079,1.0
1675610640000.0,631176,1675610640000.0,0.000709031728921028,-1.7642e-05,1978.0187010628156,1978.0207081580024,-0.1,0.8821,0.3,0.8750096827107897,long_nclose,0.2625029048132369,0.00013271002173649351,3.0
1675611000000.0,631182,1675611000000.0,0.000709031728921028,-1.7642e-05,1978.0193924525445,1978.0212105160024,-0.1,0.8821,0.2,0.8750096827107897,long_nclose,0.17500193654215795,8.84733168996757e-05,6.0
1675611960000.0,631198,1675611960000.0,0.000709031728921028,-1.7642e-05,1978.0200838422734,1978.0209528740022,-0.1,0.8821,0.1,0.8750096827107897,long_nclose,0.08750096827107898,4.4236642987522e-05,16.0
1675612440000.0,631206,1675612440000.0,0.000709031728921028,-1.7642e-05,1978.0207752320023,1978.0207752320023,-0.1,0.8821,0.0,0.8750096827107897,long_nclose,0.0,0.0,8.0
1675652100000.0,631867,1675652100000.0,0.0,-0.015828672000000002,1978.0049465600023,1978.1508665600022,91.2,0.8678,91.2,0.8678,long_ientry_normal,79.14336,0.04001170984816807,661.0
1675652220000.0,631869,1675652220000.0,0.21280000000000018,-0.005318784,1978.2124277760022,1978.6258677760022,-30.4,0.8748,60.8,0.8678,long_nclose,52.76224,0.02667167552845563,2.0
1675652520000.0,631874,1675652520000.0,0.0,-0.0052744,1978.2071533760022,1978.5354733760023,30.4,0.8675,91.2,0.8677,long_ientry_partial,79.13424,0.04000300972774755,5.0
1675653120000.0,631884,1675653120000.0,0.21280000000000018,-0.005318176,1978.4146352000023,1978.7915952000023,-30.4,0.8747,60.8,0.8677,long_nclose,52.75616,0.02666587633419259,10.0
1675653180000.0,631885,1675653180000.0,0.1414000000000001,-0.003533788,1978.5525014120024,1978.8367014120024,-20.2,0.8747,40.6,0.8677,long_nclose,35.22862,0.017805249026679324,1.0
1675653240000.0,631886,1675653240000.0,0.09450000000000008,-0.00236169,1978.6446397220022,1978.8505997220022,-13.5,0.8747,27.1,0.8677,long_nclose,23.514670000000002,0.011884231017502866,1.0
1675654080000.0,631900,1675654080000.0,0.06300000000000006,-0.0015744600000000002,1978.7060652620023,1978.8345752620023,-9.0,0.8747,18.1,0.8677,long_nclose,15.705370000000002,0.007937192024486183,14.0
1675654200000.0,631902,1675654200000.0,0.04200000000000004,-0.0010496400000000001,1978.7470156220022,1978.851075622002,-6.0,0.8747,12.1,0.8677,long_nclose,10.49917,0.005305968836395023,2.0
1675655100000.0,631917,1675655100000.0,0.028000000000000025,-0.00069976,1978.7743158620021,1978.8358758620022,-4.0,0.8747,8.1,0.8677,long_nclose,7.02837,0.003551880547296406,15.0
1675657500000.0,631957,1675657500000.0,0.018900000000000017,-0.0004723380000000001,1978.7927435240022,1978.8332435240022,-2.7,0.8747,5.4,0.8677,long_nclose,4.685580000000001,0.0023678983134209,40.0
1675657980000.0,631965,1675657980000.0,0.0399599999999998,-0.00047655000000000006,1978.8322269740022,1978.8748869740023,-2.7,0.8825,2.7,0.8677,long_nclose,2.3427900000000004,0.0011839255334862605,8.0
1675658220000.0,631969,1675658220000.0,0.019239999999999903,-0.00022945,1978.8512375240023,1978.8722375240022,-1.3,0.8825,1.4,0.8677,long_nclose,1.21478,0.0006138814161290715,4.0
1675660140000.0,632001,1675660140000.0,0.0028000000000000026,-6.997600000000001e-05,1978.8539675480022,1978.8620675480022,-0.4,0.8747,1.0,0.8677,long_nclose,0.8677,0.00043848612087084277,32.0
1675661220000.0,632019,1675661220000.0,0.0,-0.015667378,1978.8383001700022,1978.3792101700021,91.1,0.8599,92.1,0.8599846905537458,long_ientry_partial,79.20458999999998,0.04002580200372891,18.0
1675661940000.0,632031,1675661940000.0,0.21230000000000335,-0.0053227660000000005,1979.045277404002,1979.451457404002,-30.7,0.8669,61.4,0.8599846905537458,long_nclose,52.803059999999995,0.026681077286551027,12.0
1675662060000.0,632033,1675662060000.0,0.14107231270358528,-0.0035369519999999995,1979.1828127647054,1979.5278404520018,-20.4,0.8669,41.0,0.8599846905537458,long_nclose,35.259372312703576,0.017815116463875322,2.0
1675662240000.0,632036,1675662240000.0,0.09404820846905686,-0.002357968,1979.2745030051744,1979.425622484002,-13.6,0.8669,27.4,0.8599846905537458,long_nclose,23.563580521172636,0.011905160444089766,3.0
1675662360000.0,632038,1675662360000.0,0.06292931596091304,-0.0015777579999999999,1979.3358545631354,1979.475214726002,-9.1,0.8669,18.3,0.8599846905537458,long_nclose,15.737719837133548,0.007951010335538565,2.0
1675663440000.0,632056,1675663440000.0,0.1339093159609133,-0.001591954,1979.4681719250962,1979.6072327720017,-9.1,0.8747,9.2,0.8599846905537458,long_nclose,7.911859153094461,0.003996962045315396,18.0
1675668180000.0,632135,1675668180000.0,0.020745928338762543,-0.00052014,1979.488397713435,1979.5430526320017,-3.0,0.8669,6.2,0.8599846905537458,long_nclose,5.3319050814332245,0.00269357733422043,79.0
1675669200000.0,632152,1675669200000.0,0.045617459283388055,-0.000542314,1979.5334728587184,1979.5722703180018,-3.1,0.8747,3.1,0.8599846905537458,long_nclose,2.6659525407166123,0.001346757999937536,17.0
1675669320000.0,632154,1675669320000.0,0.022072964169381315,-0.00026241000000000003,1979.5552834128878,1979.579787908002,-1.5,0.8747,1.6,0.8599846905537458,long_nclose,1.3759755048859934,0.0006950932446371077,2.0
1675669500000.0,632157,1675669500000.0,0.011772247557003368,-0.00013995200000000002,1979.5669157084449,1979.5793279560019,-0.8,0.8747,0.8,0.8599846905537458,long_nclose,0.6879877524429967,0.0003475445800713337,3.0
1675670460000.0,632173,1675670460000.0,0.005886123778501684,-6.997600000000001e-05,1979.5727318562233,1979.5791779800018,-0.4,0.8747,0.4,0.8599846905537458,long_nclose,0.34399387622149835,0.00017377177947836204,16.0
1675670640000.0,632176,1675670640000.0,0.008966123778501657,-7.0592e-05,1979.5816273880018,1979.5816273880018,-0.4,0.8824,0.0,0.8599846905537458,long_nclose,0.0,0.0,3.0
1675725000000.0,633082,1675725000000.0,0.0,-0.015831420000000002,1979.5657959680018,1979.6570959680018,91.3,0.867,91.3,0.867,long_ientry_normal,79.1571,0.03998710230355966,906.0
1675727040000.0,633116,1675727040000.0,0.21280000000000018,-0.00531392,1979.7732820480019,1980.2909320480019,-30.4,0.874,60.9,0.867,long_nclose,52.8003,0.026669871989271444,34.0
1675728480000.0,633140,1675728480000.0,0.44992000000000104,-0.005361344,1980.217840704002,1980.6722907040019,-30.4,0.8818,30.5,0.867,long_nclose,26.4435,0.013353833834058821,24.0
1675728600000.0,633142,1675728600000.0,0.22496000000000052,-0.002680672,1980.440120032002,1980.6543200320018,-15.2,0.8818,15.3,0.867,long_nclose,13.2651,0.006698056591474046,2.0
1675728660000.0,633143,1675728660000.0,0.11248000000000026,-0.001340336,1980.5512596960018,1980.666759696002,-7.6,0.8818,7.7,0.867,long_nclose,6.6759,0.003370728208784001,1.0
1675728780000.0,633145,1675728780000.0,0.05624000000000013,-0.000670168,1980.6068295280018,1980.6711795280019,-3.8,0.8818,3.9,0.867,long_nclose,3.3813,0.0017072040495820149,2.0
1675729500000.0,633157,1675729500000.0,0.08813999999999982,-0.0006938879999999999,1980.694275640002,1980.694275640002,-3.9,0.8896,0.0,0.867,long_nclose,0.0,0.0,12.0
1675871700000.0,635527,1675871700000.0,0.0,-0.015841848000000002,1980.678433792002,1980.594943792002,75.9,1.0436,75.9,1.0436,long_ientry_normal,79.20924000000001,0.039990964029609895,2370.0
1675872840000.0,635546,1675872840000.0,0.0,-0.015841744,1980.662592048002,1978.459292048002,77.9,1.0168,153.8,1.0300257477243173,long_rentry,158.41796000000002,0.07998230523261214,19.0
1675873560000.0,635558,1675873560000.0,0.0,-0.015883392,1980.646708656002,1975.5708286560018,79.8,0.9952,233.6,1.0181289383561645,long_rentry,237.83492,0.12007942605846478,12.0
1675875060000.0,635583,1675875060000.0,0.6357085958904034,-0.015969228,1981.2664480238925,1982.601819428002,-77.8,1.0263,155.8,1.0181289383561645,long_nclose,158.62448859589043,0.08006216869725012,25.0
1675875240000.0,635586,1675875240000.0,0.42407809931506346,-0.010652994,1981.6798731292074,1983.006786434002,-51.9,1.0263,103.9,1.0181289383561645,long_nclose,105.78359669520549,0.05338076958321527,3.0
1675875300000.0,635587,1675875300000.0,0.9015580993150685,-0.010748490000000001,1982.5706827385225,1983.3647779440018,-51.9,1.0355,52.0,1.0181289383561645,long_nclose,52.94270479452055,0.026704069244780144,1.0
1675875360000.0,635588,1675875360000.0,0.0,-0.0051049960000000005,1982.5655777425225,1983.4593829480018,24.7,1.0334,76.7,1.0230467378685861,long_ientry_partial,78.46768479452057,0.039578859673266874,1.0
1675875360000.0,635588,1675875360000.0,0.32378481541676285,-0.005384600000000001,1982.8839779579391,1983.4747983480017,-26.0,1.0355,50.7,1.0230467378685861,long_nclose,51.86846960993732,0.026158096079506248,0.0
1675875480000.0,635590,1675875480000.0,0.0,-0.00538044,1982.8785975179392,1983.4540779080019,26.0,1.0347,76.7,1.026996996218218,long_ientry_partial,78.77066960993731,0.039725412190407525,2.0
1675875540000.0,635591,1675875540000.0,0.21172659643544534,-0.005280030000000001,1983.0850440843747,1983.5562378780019,-25.5,1.0353,51.2,1.026996996218218,long_nclose,52.58224620637276,0.026515376313904333,1.0
1675875600000.0,635592,1675875600000.0,0.0,-0.005263896,1983.0797801883746,1983.1449939820018,25.4,1.0362,76.6,1.0300486449918116,long_ientry_partial,78.90172620637276,0.039787469467757776,1.0
1675881120000.0,635684,1675881120000.0,0.0,-0.01585846,1983.0639217283747,1981.201215522002,79.0,1.0037,155.6,1.016671119578231,long_rentry,158.19402620637274,0.07977253000926764,92.0
1675901340000.0,636021,1675901340000.0,0.42625600584763146,-0.010617964,1983.4795597702223,1984.302577558002,-51.8,1.0249,103.8,1.016671119578231,long_nclose,105.53046221222037,0.05320471375285845,337.0
1675901400000.0,636022,1675901400000.0,0.28471926259320557,-0.007092308,1983.7571867248155,1984.3266252500018,-34.6,1.0249,69.2,1.016671119578231,long_nclose,70.35364147481359,0.0354648451663419,1.0
1675901460000.0,636023,1675901460000.0,0.18926424970068578,-0.00471454,1983.9417364345163,1984.3542507100021,-23.0,1.0249,46.2,1.016671119578231,long_nclose,46.97020572451427,0.023675194115794846,1.0
1675902300000.0,636037,1675902300000.0,0.12672475849524178,-0.003156692,1984.0653045010115,1984.324914018002,-15.4,1.0249,30.8,1.016671119578231,long_nclose,31.313470483009514,0.015782479745990414,14.0
1675902420000.0,636039,1675902420000.0,0.08393458030204326,-0.002090796,1984.1471482853135,1984.374343222002,-10.2,1.0249,20.6,1.016671119578231,long_nclose,20.943425063311558,0.010555378960381404,2.0
1675903800000.0,636062,1675903800000.0,0.05595638686802884,-0.0013938639999999999,1984.2017108081816,1984.308369358002,-6.8,1.0249,13.8,1.016671119578231,long_nclose,14.030061450179588,0.007070884665483445,23.0
1675904100000.0,636067,1675904100000.0,0.03785284994013716,-0.0009429079999999999,1984.2386207501218,1984.349286450002,-4.6,1.0249,9.2,1.016671119578231,long_nclose,9.353374300119723,0.004713835423979286,5.0
1675904280000.0,636070,1675904280000.0,0.07971284994013765,-0.0009512800000000001,1984.3173823200618,1984.395255170002,-4.6,1.034,4.6,1.016671119578231,long_nclose,4.676687150059862,0.0023568241611590804,3.0
1675904340000.0,636071,1675904340000.0,0.039856424970068825,-0.00047564000000000005,1984.3567631050319,1984.391789530002,-2.3,1.034,2.3,1.016671119578231,long_nclose,2.338343575029931,0.0011783886942643299,1.0
1675904400000.0,636072,1675904400000.0,0.01906176846394596,-0.00022748000000000004,1984.3755973934958,1984.393032050002,-1.1,1.034,1.2,1.016671119578231,long_nclose,1.2200053434938771,0.000614805657304177,1.0
1675904460000.0,636073,1675904460000.0,0.010397328253061432,-0.00012408,1984.3858706417489,1984.395967970002,-0.6,1.034,0.6,1.016671119578231,long_nclose,0.6100026717469386,0.00030740123721484884,1.0
1675904580000.0,636075,1675904580000.0,0.005198664126530716,-6.204e-05,1984.3910072658753,1984.3965359300018,-0.3,1.034,0.3,1.016671119578231,long_nclose,0.3050013358734693,0.0001537002207512041,2.0
1675905360000.0,636088,1675905360000.0,0.0017328880421769056,-2.0680000000000002e-05,1984.3927194739174,1984.3962852500017,-0.1,1.034,0.2,1.016671119578231,long_nclose,0.2033342239156462,0.00010246672542194782,13.0
1675905960000.0,636098,1675905960000.0,0.0008228880421768947,-2.0498e-05,1984.3935218639597,1984.3943547520018,-0.1,1.0249,0.1,1.016671119578231,long_nclose,0.1016671119578231,5.123334199475022e-05,10.0
1675906080000.0,636100,1675906080000.0,0.0008228880421768947,-2.0498e-05,1984.394324254002,1984.394324254002,-0.1,1.0249,0.0,1.016671119578231,long_nclose,0.0,0.0,2.0
1675911360000.0,636188,1675911360000.0,0.0,-0.015872,1984.378452254002,1984.450452254002,80.0,0.992,80.0,0.992,long_ientry_normal,79.36,0.03999237136941147,88.0
1675911840000.0,636196,1675911840000.0,0.0,-0.01586993,1984.362582324002,1981.917332324002,82.1,0.9665,162.1,0.9790848241826033,long_rentry,158.70964999999998,0.07998016663573948,8.0
1675912020000.0,636199,1675912020000.0,0.0,-0.015911719999999997,1984.346670604002,1981.322520604002,84.1,0.946,246.2,0.9677833062550772,long_rentry,238.26825,0.1200739031791633,3.0
1675917900000.0,636297,1675917900000.0,0.6409688870836676,-0.01599984,1984.9716396510858,1986.386500764002,-82.0,0.9756,164.2,0.9677833062550772,long_nclose,158.91001888708368,0.0800565689266052,98.0
1675918020000.0,636299,1675918020000.0,0.42757314784727585,-0.010673064000000001,1985.388539734933,1986.386817700002,-54.7,0.9756,109.5,0.9677833062550772,long_nclose,105.97227203493095,0.05337608730685994,2.0
1675918920000.0,636314,1675918920000.0,0.2853093216896813,-0.007121880000000001,1985.6667271766225,1986.507445820002,-36.5,0.9756,73.0,0.9677833062550772,long_nclose,70.64818135662064,0.03557907295806572,15.0
1675919280000.0,636320,1675919280000.0,0.18994565800162347,-0.004741416000000001,1985.8519314186242,1986.266694404002,-24.3,0.9756,48.7,0.9677833062550772,long_nclose,47.13104701462226,0.023733414495285893,6.0
1675919400000.0,636322,1675919400000.0,0.12663043866774895,-0.003160944,1985.9754009132919,1986.2326934600019,-16.2,0.9756,32.5,0.9677833062550772,long_nclose,31.45295745329001,0.015837536275034283,2.0
1675919940000.0,636331,1675919940000.0,0.0,-0.009580636,1985.9658202772919,1986.0526828240017,49.4,0.9697,81.9,0.9689394072440782,long_ientry_partial,79.35613745329002,0.039958460837060054,9.0
1675920360000.0,636338,1675920360000.0,0.21186418223666462,-0.005332782,1986.1723516775285,1986.6452200420017,-27.3,0.9767,54.6,0.9689394072440782,long_nclose,52.904091635526676,0.0266362038474877,7.0
1675920900000.0,636347,1675920900000.0,0.45210418223666543,-0.0053808300000000005,1986.619075029765,1987.0602592120017,-27.3,0.9855,27.3,0.9689394072440782,long_nclose,26.452045817763338,0.013315107133644638,9.0
1675921020000.0,636349,1675921020000.0,0.2252240614805366,-0.0026805600000000002,1986.8416185312456,1987.1219286520018,-13.6,0.9855,13.7,0.9689394072440782,long_nclose,13.27446987924387,0.0066811917746402456,2.0
1675921080000.0,636350,1675921080000.0,0.3460701207561278,-0.002724108,1987.1849645440018,1987.1849645440018,-13.7,0.9942,0.0,0.9689394072440782,long_nclose,0.0,0.0,1.0
1675969680000.0,637160,1675969680000.0,0.0,-0.015900896,1987.1690636480018,1986.7869836480018,79.6,0.9988,79.6,0.9988,long_ientry_normal,79.50448,0.04000891592688516,810.0
1675970580000.0,637175,1675970580000.0,0.0,-0.015902088,1987.1531615600018,1985.4863915600017,81.7,0.9732,161.3,0.98583335399876,long_rentry,159.01492000000002,0.08002147145777448,15.0
1675971000000.0,637182,1675971000000.0,0.0,-0.01594485,1987.1372167100017,1981.1725467100016,83.7,0.9525,245.0,0.9744455918367346,long_rentry,238.73916999999997,0.12014226697201506,7.0
1675971120000.0,637184,1675971120000.0,0.0,-0.023732112,1987.1134845980016,1976.2876945980017,127.1,0.9336,372.1,0.960493765116904,long_rentry,357.39973,0.17985874121945425,2.0
1675977720000.0,637294,1675977720000.0,0.0,-0.035071960000000006,1987.0784126380015,1966.5255226380016,193.0,0.9086,565.1,0.9427703592284551,long_rentry,532.75953,0.26811198119389773,110.0
1675980300000.0,637337,1675980300000.0,0.0,-0.05129250000000001,1987.0271201380015,1944.4390901380016,293.1,0.875,858.2,0.9196248310417152,long_rentry,789.22203,0.3971873468668045,43.0
1676022240000.0,638036,1676022240000.0,2.1092983220694608,-0.053024400000000006,1989.083394060071,1993.0745857380016,-286.0,0.927,572.2,0.9196248310417152,long_nclose,526.2093283220695,0.2645486508476566,699.0
1676022300000.0,638037,1676022300000.0,1.4064447203449166,-0.03535578,1990.454483000416,1990.8646599580018,-190.7,0.927,381.5,0.9196248310417152,long_nclose,350.83687304241437,0.17625968141384574,1.0
1676022360000.0,638038,1676022360000.0,0.9373839745980016,-0.023564340000000003,1991.3683026350143,1994.313025618002,-127.1,0.927,254.4,0.9196248310417152,long_nclose,233.95255701701237,0.11748331873488302,1.0
1676022420000.0,638039,1676022420000.0,1.9938814914938268,-0.023794032000000003,1993.338390094508,1995.5739515860018,-127.2,0.9353,127.2,0.9196248310417152,long_nclose,116.97627850850618,0.058683602889402095,1.0
1676022720000.0,638044,1676022720000.0,0.31270716383127667,-0.00786096,1993.6432362983392,1994.5739306260018,-42.4,0.927,84.8,0.9196248310417152,long_nclose,77.98418567233745,0.0391164197547868,5.0
1676022960000.0,638048,1676022960000.0,0.20797976462363213,-0.00522828,1993.8459877829628,1994.3822823460016,-28.2,0.927,56.6,0.9196248310417152,long_nclose,52.050765436961086,0.02610571014807338,4.0
1676023020000.0,638049,1676023020000.0,0.4436072815194599,-0.005293798000000001,1994.2843012664823,1994.7788485480019,-28.3,0.9353,28.3,0.9196248310417152,long_nclose,26.025382718480543,0.013049986254193029,1.0
1676023500000.0,638057,1676023500000.0,0.06932658820787739,-0.0017427600000000003,1994.35188509469,1994.4969457880015,-9.4,0.927,18.9,0.9196248310417152,long_nclose,17.380909306688416,0.008715066501849139,8.0
1676023620000.0,638059,1676023620000.0,0.04646356443719441,-0.00116802,1994.397180639127,1994.4951477680015,-6.3,0.927,12.6,0.9196248310417152,long_nclose,11.587272871125611,0.005809912380347599,2.0
1676024280000.0,638070,1676024280000.0,0.030975709624796278,-0.0007786800000000001,1994.427377668752,1994.5162090880015,-4.2,0.927,8.4,0.9196248310417152,long_nclose,7.724848580750408,0.003873216276132268,11.0
1676025000000.0,638082,1676025000000.0,0.020650473083197517,-0.0005191200000000001,1994.447509021835,1994.5078499680014,-2.8,0.927,5.6,0.9196248310417152,long_nclose,5.149899053833605,0.0025821181207016787,12.0
1676025180000.0,638085,1676025180000.0,0.04389047308319744,-0.0005237680000000001,1994.4908757269181,1994.5286062000014,-2.8,0.9353,2.8,0.9196248310417152,long_nclose,2.5749495269168023,0.0012910309885365249,3.0
1676025300000.0,638087,1676025300000.0,0.02194523654159872,-0.00026188400000000004,1994.5125590794596,1994.5363243160011,-1.4,0.9353,1.4,0.9196248310417152,long_nclose,1.2874747634584012,0.000645508476543571,2.0
1676025360000.0,638088,1676025360000.0,0.03356523654159868,-0.000264208,1994.545860108001,1994.545860108001,-1.4,0.9436,0.0,0.9196248310417152,long_nclose,0.0,0.0,1.0
1676074980000.0,638915,1676074980000.0,0.0,-0.015950704,1994.529909404001,1994.564149404001,85.6,0.9317,85.6,0.9317,long_ientry_normal,79.75352,0.03998612386004865,827.0
1676076840000.0,638946,1676076840000.0,0.21375000000000177,-0.005353440000000001,1994.738305964001,1995.292175964001,-28.5,0.9392,57.1,0.9317,long_nclose,53.20007,0.02667020021670958,31.0
1676077200000.0,638952,1676077200000.0,0.4531500000000007,-0.00540132,1995.1860546440012,1995.7094346440012,-28.5,0.9476,28.6,0.9317,long_nclose,26.646620000000002,0.013355456218219474,6.0
1676077440000.0,638956,1676077440000.0,0.22737000000000038,-0.002710136,1995.4107145080013,1995.6509545080014,-14.3,0.9476,14.3,0.9317,long_nclose,13.323310000000001,0.006676976275175041,4.0
1676077860000.0,638963,1676077860000.0,0.11289000000000017,-0.001345592,1995.5222589160014,1995.6432189160014,-7.1,0.9476,7.2,0.9317,long_nclose,6.70824,0.0033616462908532124,7.0
1676078220000.0,638969,1676078220000.0,0.05724000000000009,-0.000682272,1995.5788166440016,1995.6439766440017,-3.6,0.9476,3.6,0.9317,long_nclose,3.35412,0.0016807755083513463,6.0
1676079540000.0,638991,1676079540000.0,0.028620000000000045,-0.000341136,1995.6070955080015,1995.6358955080016,-1.8,0.9476,1.8,0.9317,long_nclose,1.67706,0.0008403758454131412,22.0
1676080620000.0,639009,1676080620000.0,0.004500000000000037,-0.00011270400000000001,1995.6114828040015,1995.6230028040015,-0.6,0.9392,1.2,0.9317,long_nclose,1.11804,0.0005602493319135746,18.0
1676080740000.0,639011,1676080740000.0,0.009540000000000015,-0.000113712,1995.6209090920015,1995.6299690920016,-0.6,0.9476,0.6,0.9317,long_nclose,0.55902,0.0002801233427917688,2.0
1676080800000.0,639012,1676080800000.0,0.004770000000000008,-5.6856e-05,1995.6256222360016,1995.6305422360017,-0.3,0.9476,0.3,0.9317,long_nclose,0.27951,0.00014006134060697345,1.0
1676081280000.0,639020,1676081280000.0,0.0015900000000000027,-1.8952000000000004e-05,1995.6271932840018,1995.6306932840018,-0.1,0.9476,0.2,0.9317,long_nclose,0.18634,9.337415356290025e-05,8.0
1676081880000.0,639030,1676081880000.0,0.0015900000000000027,-1.8952000000000004e-05,1995.628764332002,1995.630424332002,-0.1,0.9476,0.1,0.9317,long_nclose,0.09317,4.66870400273003e-05,10.0
1676082060000.0,639033,1676082060000.0,0.002429999999999999,-1.9120000000000003e-05,1995.631175212002,1995.631175212002,-0.1,0.956,0.0,0.9317,long_nclose,0.0,0.0,3.0
1676094780000.0,639245,1676094780000.0,0.0,-0.0159588,1995.6152164120022,1995.718176412002,85.8,0.93,85.8,0.93,long_ientry_normal,79.794,0.03998466204495318,212.0
1676099040000.0,639316,1676099040000.0,0.2144999999999986,-0.0053625,1995.8243539120022,1996.304833912002,-28.6,0.9375,57.2,0.93,long_nclose,53.196000000000005,0.026653648100711306,71.0
1676099760000.0,639328,1676099760000.0,0.14249999999999907,-0.0035625,1995.963291412002,1996.3261914120021,-19.0,0.9375,38.2,0.93,long_nclose,35.526,0.01779892453576533,12.0
1676100360000.0,639338,1676100360000.0,0.3036899999999984,-0.0036133380000000002,1996.263368074002,1996.6090780740021,-19.1,0.9459,19.1,0.93,long_nclose,17.763,0.00889812450805916,10.0
1676100540000.0,639341,1676100540000.0,0.15104999999999918,-0.0017972099999999998,1996.412620864002,1996.589260864002,-9.5,0.9459,9.6,0.93,long_nclose,8.928,0.004472021418165632,3.0
1676100720000.0,639344,1676100720000.0,0.23231999999999997,-0.0018320640000000002,1996.6431088000022,1996.6431088000022,-9.6,0.9542,0.0,0.93,long_nclose,0.0,0.0,3.0
1676237220000.0,641619,1676237220000.0,0.0,-0.015971726,1996.6271370740021,1996.7198970740021,77.3,1.0331,77.3,1.0331,long_ientry_normal,79.85862999999999,0.039996766805959795,2275.0
1676239680000.0,641660,1676239680000.0,0.0,-0.015964675999999997,1996.611172398002,1994.296502398002,79.3,1.0066,156.6,1.019680779054917,long_rentry,159.68201,0.07997651831639113,41.0
1676246160000.0,641768,1676246160000.0,0.42904333333333755,-0.010731276000000001,1997.0294844553355,1998.148571122002,-52.2,1.0279,104.4,1.019680779054917,long_nclose,106.45467333333333,0.05330651057581531,108.0
1676246400000.0,641772,1676246400000.0,0.28602888888889166,-0.007154184,1997.3083591602244,1998.2284169380023,-34.8,1.0279,69.6,1.019680779054917,long_nclose,70.96978222222221,0.03553271176017193,4.0
1676247660000.0,641793,1676247660000.0,0.19068592592592779,-0.004769456000000001,1997.4942756301502,1997.884927482002,-23.2,1.0279,46.4,1.019680779054917,long_nclose,47.31318814814814,0.023686269705690263,21.0
1676249460000.0,641823,1676249460000.0,0.12657600255427967,-0.003165932,1997.6176857007044,1997.841481550002,-15.4,1.0279,31.0,1.019680779054917,long_nclose,31.610104150702426,0.015823900827957753,30.0
1676249520000.0,641824,1676249520000.0,0.08465797573435588,-0.0021174740000000003,1997.700226202439,1997.870364076002,-10.3,1.0279,20.7,1.019680779054917,long_nclose,21.10739212643678,0.010565845590637602,1.0
1676249580000.0,641825,1676249580000.0,0.056712624521073354,-0.0014185020000000003,1997.75552032496,1997.870325574002,-6.9,1.0279,13.8,1.019680779054917,long_nclose,14.071594750957855,0.007043702098577575,1.0
1676249700000.0,641827,1676249700000.0,0.03780841634738223,-0.0009456680000000001,1997.7923830733073,1997.861559906002,-4.6,1.0279,9.2,1.019680779054917,long_nclose,9.381063167305236,0.004695714753338813,2.0
1676249760000.0,641828,1676249760000.0,0.024657662835249283,-0.0006167400000000001,1997.8164239961427,1997.872343166002,-3.0,1.0279,6.2,1.019680779054917,long_nclose,6.322020830140485,0.0031644653403613684,1.0
1676250480000.0,641840,1676250480000.0,0.0,-0.014721616000000002,1997.8017023801426,1997.6379015500022,72.8,1.0111,79.0,1.0117734282296265,long_ientry_partial,79.93010083014049,0.04000902628870188,12.0
1676251680000.0,641860,1676251680000.0,0.0,-0.015989676,1997.7857127041427,1995.7658318740023,81.1,0.9858,160.1,0.9986163699571549,long_rentry,159.8784808301405,0.0800278427328093,20.0
1676254200000.0,641902,1676254200000.0,0.43085748128364215,-0.010731422,1998.2058387634265,1999.1332504520024,-53.3,1.0067,106.8,0.9986163699571549,long_nclose,106.65222831142414,0.05337399493208618,42.0
1676254320000.0,641904,1676254320000.0,0.28777722952528445,-0.007167704,1998.4864482889518,1999.1332027480023,-35.6,1.0067,71.2,0.9986163699571549,long_nclose,71.10148554094943,0.03557766708992424,2.0
1676255700000.0,641927,1676255700000.0,0.19158203201542814,-0.004771758,1998.6732585629672,1999.1379809900025,-23.7,1.0067,47.5,0.9986163699571549,long_nclose,47.43427757296486,0.023732882485789492,23.0
1676255820000.0,641929,1676255820000.0,0.1277213546769521,-0.003181172,1998.797798745644,1999.1174498180023,-15.8,1.0067,31.7,0.9986163699571549,long_nclose,31.65613892764181,0.015837589448771547,2.0
1676256240000.0,641936,1676256240000.0,0.08487811544987323,-0.00211407,1998.8805627910938,1999.0625357480021,-10.5,1.0067,21.2,0.9986163699571549,long_nclose,21.170667043091683,0.010591261647734709,7.0
1676256660000.0,641943,1676256660000.0,0.056585410299915484,-0.0014093799999999998,1998.9357388213937,1999.087446368002,-7.0,1.0067,14.2,0.9986163699571549,long_nclose,14.180352453391599,0.0070939511350938044,7.0
1676256780000.0,641945,1676256780000.0,0.037993061201371824,-0.000946298,1998.9727855845952,1999.0818800700022,-4.7,1.0067,9.5,0.9986163699571549,long_nclose,9.486855514592971,0.004745865267904866,2.0
1676258280000.0,641970,1676258280000.0,0.025059253132819714,-0.000624154,1998.997220683728,1999.0617559160023,-3.1,1.0067,6.4,0.9986163699571549,long_nclose,6.391144767725791,0.003197175414550998,25.0
1676258700000.0,641977,1676258700000.0,0.05466761613710461,-0.0006500480000000001,1999.0512382518652,1999.1084658680024,-3.2,1.0157,3.2,0.9986163699571549,long_nclose,3.1955723838628955,0.0015985445108737516,7.0
1676258820000.0,641979,1676258820000.0,0.027333808068552304,-0.00032502400000000004,1999.0782470359338,1999.1076608440023,-1.6,1.0157,1.6,0.9986163699571549,long_nclose,1.5977861919314478,0.0007992614567741466,2.0
1676258940000.0,641981,1676258940000.0,0.013666904034276152,-0.00016251200000000002,1999.0917514279681,1999.1052583320024,-0.8,1.0157,0.8,0.9986163699571549,long_nclose,0.7988930959657239,0.00039962802877610185,2.0
1676259180000.0,641985,1676259180000.0,0.006833452017138076,-8.125600000000001e-05,1999.0985036239854,1999.1056170760025,-0.4,1.0157,0.4,0.9986163699571549,long_nclose,0.39944654798286194,0.00019981333949214674,4.0
1676259360000.0,641988,1676259360000.0,0.003416726008569038,-4.0628000000000005e-05,1999.1018797219938,1999.1049364480023,-0.2,1.0157,0.2,0.9986163699571549,long_nclose,0.19972327399143097,9.990650102295217e-05,3.0
1676261040000.0,642016,1676261040000.0,0.001708363004284519,-2.0314000000000002e-05,1999.103567770998,1999.1053061340024,-0.1,1.0157,0.1,0.9986163699571549,long_nclose,0.09986163699571549,4.995320833080263e-05,28.0
1676261280000.0,642020,1676261280000.0,0.001708363004284519,-2.0314000000000002e-05,1999.1052558200024,1999.1052558200024,-0.1,1.0157,0.0,0.9986163699571549,long_nclose,0.0,0.0,4.0
1676275740000.0,642261,1676275740000.0,0.0,-0.015990694,1999.0892651260024,1999.0164551260025,80.9,0.9883,80.9,0.9883,long_ientry_normal,79.95347,0.03999494739668893,241.0
1676277720000.0,642294,1676277720000.0,0.0,-0.01598414,1999.0732809860024,1996.8873009860024,83.0,0.9629,163.9,0.9754372788285539,long_rentry,159.87417,0.07997414177890733,33.0
1676279880000.0,642330,1676279880000.0,0.0,-0.0160225,1999.0572584860024,1993.1859284860025,85.0,0.9425,248.9,0.96418911209321,long_rentry,239.98666999999998,0.12004992302309303,36.0
1676306940000.0,642781,1676306940000.0,0.6475226074728881,-0.01611576,1999.6886653334752,2000.8690727260023,-82.9,0.972,166.0,0.96418911209321,long_nclose,160.05539260747287,0.08004015594136574,451.0
1676307000000.0,642782,1676307000000.0,0.43194210124548504,-0.010750319999999999,2000.1098571147209,2000.5317224060025,-55.3,0.972,110.7,0.96418911209321,long_nclose,106.73573470871835,0.053364936095405824,1.0
1676309280000.0,642820,1676309280000.0,0.0,-0.016056752,2000.093800362721,1997.3760656540026,85.7,0.9368,196.4,0.9522377530993806,long_rentry,187.01949470871836,0.0935053619359262,38.0
1676314080000.0,642900,1676314080000.0,0.5011109473005049,-0.012555492000000001,2000.5823558180214,2001.5992101620025,-65.4,0.9599,131.0,0.9522377530993806,long_nclose,124.74314565601887,0.0623534168904596,80.0
1676314260000.0,642903,1676314260000.0,0.33407396486700325,-0.008370328000000002,2000.9080594548884,2001.4990798340025,-43.6,0.9599,87.4,0.9522377530993806,long_nclose,83.22557962088587,0.04159390494111918,3.0
1676314320000.0,642904,1676314320000.0,0.2229713848080228,-0.005586618000000001,2001.1254442216964,2001.6596032160026,-29.1,0.9599,58.3,0.9522377530993806,long_nclose,55.515461005693886,0.027742119398859413,1.0
1676314560000.0,642908,1676314560000.0,0.1486475898720152,-0.003724412,2001.2703673995684,2001.6306688040024,-19.4,0.9599,38.9,0.9522377530993806,long_nclose,37.04204859556591,0.0185092675127639,4.0
1676314800000.0,642912,1676314800000.0,0.0988429850179895,-0.002476542,2001.3667338425862,2001.4489522620022,-12.9,0.9599,26.0,0.9522377530993806,long_nclose,24.758181580583898,0.01237063710609832,4.0
1676314920000.0,642914,1676314920000.0,0.06589532334532633,-0.001651028,2001.4309781379316,2001.5573412340023,-8.6,0.9599,17.4,0.9522377530993806,long_nclose,16.56893690392922,0.008278545243336065,2.0
1676314980000.0,642915,1676314980000.0,0.044441032023592175,-0.0011134839999999999,2001.4743056859552,2001.5701477500024,-5.8,0.9599,11.6,0.9522377530993806,long_nclose,11.045957935952815,0.005518910687273145,1.0
1676318280000.0,642970,1676318280000.0,0.029116538222353494,-0.0007295240000000001,2001.5026927001775,2001.5554382260023,-3.8,0.9599,7.8,0.9522377530993806,long_nclose,7.4274544741751685,0.0037109390365870428,55.0
1676318820000.0,642979,1676318820000.0,0.019921841941610285,-0.000499148,2001.522115394119,2001.5655990780024,-2.6,0.9599,5.2,0.9522377530993806,long_nclose,4.95163631611678,0.0024739353505178504,9.0
1676319120000.0,642984,1676319120000.0,0.013025819731052879,-0.00032636599999999997,2001.53481484785,2001.5588327120022,-1.7,0.9599,3.5,0.9522377530993806,long_nclose,3.3328321358478323,0.001665138228485515,5.0
1676320260000.0,643003,1676320260000.0,0.008428471590681275,-0.00021117800000000002,2001.5430321414406,2001.5640615340021,-1.1,0.9599,2.4,0.9522377530993806,long_nclose,2.2853706074385136,0.0011418043832879313,19.0
1676328720000.0,643144,1676328720000.0,0.0061297975204954724,-0.000153584,2001.5490083549612,2001.5619079500023,-0.8,0.9599,1.6,0.9522377530993806,long_nclose,1.5235804049590091,0.0007612006493966459,141.0
1676329440000.0,643156,1676329440000.0,0.0038311234503096703,-9.599000000000001e-05,2001.5527434884114,2001.562601960002,-0.5,0.9599,1.1,0.9522377530993806,long_nclose,1.0474615284093187,0.0005233244698731984,12.0
1676329980000.0,643165,1676329980000.0,0.002298674070185802,-5.7594000000000005e-05,2001.5549845684816,2001.558794366002,-0.3,0.9599,0.8,0.9522377530993806,long_nclose,0.7617902024795046,0.00038059918830745494,9.0
1676330160000.0,643168,1676330160000.0,0.0015324493801238681,-3.8396e-05,2001.5564786218617,2001.562455970002,-0.2,0.9599,0.6,0.9522377530993806,long_nclose,0.5713426518596284,0.00028544917815809864,3.0
1676330520000.0,643174,1676330520000.0,0.004878674070185818,-5.811e-05,2001.5612991859318,2001.5662078600021,-0.3,0.9685,0.3,0.9522377530993806,long_nclose,0.2856713259298142,0.00014272424534087538,6.0
1676330820000.0,643179,1676330820000.0,0.0016262246900619393,-1.9370000000000003e-05,2001.5629060406218,2001.5660984900019,-0.1,0.9685,0.2,0.9522377530993806,long_nclose,0.19044755061987614,9.514942050790135e-05,5.0
1676330880000.0,643180,1676330880000.0,0.0016262246900619393,-1.9370000000000003e-05,2001.5645128953117,2001.566419120002,-0.1,0.9685,0.1,0.9522377530993806,long_nclose,0.09522377530993807,4.75746720610042e-05,1.0
1676331480000.0,643190,1676331480000.0,0.0016262246900619393,-1.9370000000000003e-05,2001.5661197500017,2001.5661197500017,-0.1,0.9685,0.0,0.9522377530993806,long_nclose,0.0,0.0,10.0
1676555880000.0,646930,1676555880000.0,0.0,-0.016023546,2001.5500962040016,2001.4045662040016,69.3,1.1561,69.3,1.1561,long_ientry_normal,80.11773,0.04002784149742023,3740.0
1676557380000.0,646955,1676557380000.0,0.214830000000002,-0.005384148000000001,2001.7595420560015,2002.2492620560015,-23.1,1.1654,46.2,1.1561,long_nclose,53.41182,0.026682435566232333,25.0
1676558220000.0,646969,1676558220000.0,0.0,-0.005368786,2001.7541732700015,2001.5068232700014,23.3,1.1521,69.5,1.1547589928057553,long_ientry_partial,80.25574999999999,0.040092710219705334,14.0
1676559180000.0,646985,1676559180000.0,0.21577726618704973,-0.005378142,2001.9645723941887,2002.3747951280018,-23.1,1.1641,46.4,1.1547589928057553,long_nclose,53.58081726618705,0.026764118608806696,16.0
1676559240000.0,646986,1676559240000.0,0.1438515107913665,-0.003585428,2002.1048384769801,2002.4161097000017,-15.4,1.1641,31.0,1.1547589928057553,long_nclose,35.79752877697842,0.01787994718808528,1.0
1676559360000.0,646988,1676559360000.0,0.09621237410071914,-0.002398046,2002.1986528050809,2002.4002916540016,-10.3,1.1641,20.7,1.1547589928057553,long_nclose,23.903511151079133,0.011938631123135712,2.0
1676559600000.0,646992,1676559600000.0,0.06445294964028758,-0.001606458,2002.2614992967212,2002.3697051960019,-6.9,1.1641,13.8,1.1547589928057553,long_nclose,15.935674100719424,0.007958837597544928,4.0
1676559780000.0,646995,1676559780000.0,0.042968633093525055,-0.001070972,2002.3033969578148,2002.3838142240018,-4.6,1.1641,9.2,1.1547589928057553,long_nclose,10.623782733812948,0.005305780707336419,3.0
1676559840000.0,646996,1676559840000.0,0.02802302158273373,-0.00069846,2002.3307215193977,2002.433895764002,-3.0,1.1641,6.2,1.1547589928057553,long_nclose,7.159505755395683,0.003575586030045499,1.0
1676559960000.0,646998,1676559960000.0,0.06119712230215877,-0.0007281900000000002,2002.3911904517,2002.462617574002,-3.1,1.1745,3.1,1.1547589928057553,long_nclose,3.5797528776978416,0.0017877390266036479,2.0
1676560260000.0,647003,1676560260000.0,0.029611510791367146,-0.00035235,2002.4204496124912,2002.454275224002,-1.5,1.1745,1.6,1.1547589928057553,long_nclose,1.8476143884892087,0.0009226905312751672,5.0
1676560560000.0,647008,1676560560000.0,0.015792805755395812,-0.00018792000000000003,2002.4360544982467,2002.452567304002,-0.8,1.1745,0.8,1.1547589928057553,long_nclose,0.9238071942446043,0.000461341670396603,5.0
1676560980000.0,647015,1676560980000.0,0.024112805755395785,-0.00018958400000000002,2002.459977720002,2002.459977720002,-0.8,1.1849,0.0,1.1547589928057553,long_nclose,0.0,0.0,7.0
1676583060000.0,647383,1676583060000.0,0.0,-0.016026272,2002.4439514480018,2002.2857114480018,68.8,1.1647,68.8,1.1647,long_ientry_normal,80.13136,0.040016780465718216,368.0
1676583180000.0,647385,1676583180000.0,0.21525999999999662,-0.0053773779999999995,2002.6538340700017,2003.1679140700016,-22.9,1.1741,45.9,1.1647,long_nclose,53.45973,0.026694443687930614,2.0
1676584380000.0,647405,1676584380000.0,0.0,-0.005331119999999999,2002.6485029500018,2002.7126929500018,22.9,1.164,68.8,1.1644670058139535,long_ientry_partial,80.11533,0.040004688731939776,20.0
1676586360000.0,647438,1676586360000.0,0.0,-0.016020552,2002.6324823980017,2001.4279723980017,70.6,1.1346,139.4,1.1493406743185077,long_rentry,160.21809,0.08000374078031076,33.0
1676588340000.0,647471,1676588340000.0,0.0,-0.016057830000000002,2002.6164245680018,1996.9691645680018,72.3,1.1105,211.7,1.1360757675956543,long_rentry,240.50724,0.12009650827261215,33.0
1676591400000.0,647522,1676591400000.0,0.0,-0.02390346,2002.5925211080018,1992.4885811080019,109.8,1.0885,321.5,1.1198274961119752,long_rentry,360.02454,0.17977922927665999,51.0
1676593800000.0,647562,1676593800000.0,0.9609551664074604,-0.024178896000000002,2003.5292973784094,2005.4101222120019,-107.1,1.1288,214.4,1.1198274961119752,long_nclose,240.0910151664075,0.11983404259701283,40.0
1676593980000.0,647565,1676593980000.0,0.6406367776049737,-0.016119264,2004.1538148920142,2005.5798829480018,-71.4,1.1288,143.0,1.1198274961119752,long_nclose,160.13533194401245,0.07990171749998176,3.0
1676594340000.0,647571,1676594340000.0,1.3636840279937759,-0.01628627,2005.501212650008,2006.9363966780018,-71.5,1.1389,71.5,1.1198274961119752,long_nclose,80.06766597200622,0.03992401773031454,6.0
1676595060000.0,647583,1676595060000.0,0.6808883888024868,-0.008131746000000002,2006.1739692928106,2006.8281249320019,-35.7,1.1389,35.8,1.1198274961119752,long_nclose,40.089824360808706,0.019983224273885197,12.0
1676595180000.0,647585,1676595180000.0,0.3413978195956446,-0.004077262,2006.5112898504062,2006.888487670002,-17.9,1.1389,17.9,1.1198274961119752,long_nclose,20.044912180404353,0.009989932417424267,2.0
1676596680000.0,647610,1676596680000.0,0.16974528460342106,-0.0020272420000000003,2006.6790078930096,2006.850660428002,-8.9,1.1389,9.0,1.1198274961119752,long_nclose,10.078447465007777,0.005022451236777542,25.0
1676596920000.0,647614,1676596920000.0,0.08582626749611177,-0.00102501,2006.7638091505057,2006.8622354180018,-4.5,1.1389,4.5,1.1198274961119752,long_nclose,5.039223732503888,0.0025111194997268116,4.0
1676597160000.0,647618,1676597160000.0,0.04195950855365465,-0.000501116,2006.8052675430595,2006.846834302002,-2.2,1.1389,2.3,1.1198274961119752,long_nclose,2.575603241057543,0.001283434562742037,4.0
1676597340000.0,647621,1676597340000.0,0.020979754276827325,-0.000250558,2006.8259967393362,2006.8512837440019,-1.1,1.1389,1.2,1.1198274961119752,long_nclose,1.3437929953343701,0.0006696111160198975,3.0
1676599260000.0,647653,1676599260000.0,0.0350070046656298,-0.00027576,2006.8607279840019,2006.8607279840019,-1.2,1.149,0.0,1.1198274961119752,long_nclose,0.0,0.0,32.0
1676650860000.0,648513,1676650860000.0,0.0,-0.016062178,2006.8446658060018,2006.9920658060018,73.7,1.0897,73.7,1.0897,long_ientry_normal,80.31089,0.04001848841038478,860.0
1676653920000.0,648564,1676653920000.0,0.21560000000000346,-0.005382650000000001,2007.0548831560018,2007.3008831560019,-24.5,1.0985,49.2,1.0897,long_nclose,53.61324,0.026712393592194964,51.0
1676653980000.0,648565,1676653980000.0,0.1443200000000023,-0.0036030800000000003,2007.195600076002,2007.612160076002,-16.4,1.0985,32.8,1.0897,long_nclose,35.74215999999999,0.017807013924625296,1.0
1676656920000.0,648614,1676656920000.0,0.0,-0.00897728,2007.186622796002,2006.642222796002,41.6,1.079,74.4,1.083717204301075,long_ientry_partial,80.62855999999998,0.040169936907852026,49.0
1676661900000.0,648697,1676661900000.0,0.21533333333334123,-0.0054183040000000005,2007.3965378253354,2007.822244492002,-24.8,1.0924,49.6,1.083717204301075,long_nclose,53.752373333333324,0.026777157537376577,83.0
1676661960000.0,648698,1676661960000.0,0.14326612903226332,-0.00360492,2007.5361990343677,2007.803739572002,-16.5,1.0924,33.1,1.083717204301075,long_nclose,35.87103946236558,0.017868190610769403,1.0
1676662200000.0,648702,1676662200000.0,0.09551075268817555,-0.0024032800000000003,2007.6293065070558,2007.827826292002,-11.0,1.0924,22.1,1.083717204301075,long_nclose,23.95015021505376,0.011929567942362366,4.0
1676662380000.0,648705,1676662380000.0,0.06338440860215286,-0.001594904,2007.691096011658,2007.827001388002,-7.3,1.0924,14.8,1.083717204301075,long_nclose,16.03901462365591,0.00798878605155839,3.0
1676663880000.0,648730,1676663880000.0,0.1367726881720456,-0.0016312560000000002,2007.8262374438298,2007.957090132002,-7.4,1.1022,7.4,1.083717204301075,long_nclose,8.019507311827955,0.003994124173831703,25.0
1676663940000.0,648731,1676663940000.0,0.0683863440860228,-0.0008156280000000001,2007.8938081599158,2007.9625645040019,-3.7,1.1022,3.7,1.083717204301075,long_nclose,4.009753655913977,0.001996994880714641,1.0
1676664420000.0,648739,1676664420000.0,0.03326903225806515,-0.00039679200000000003,2007.9266804001738,2007.9598977120017,-1.8,1.1022,1.9,1.083717204301075,long_nclose,2.0590626881720424,0.0010254670692266897,8.0
1676664480000.0,648740,1676664480000.0,0.016634516129032575,-0.00019839600000000002,2007.9431165203027,2007.9644993160016,-0.9,1.1022,1.0,1.083717204301075,long_nclose,1.083717204301075,0.0005397150922179111,1.0
1676664720000.0,648744,1676664720000.0,0.02828279569892511,-0.00022240000000000004,2007.9711769160017,2007.9711769160017,-1.0,1.112,0.0,1.083717204301075,long_nclose,0.0,0.0,4.0
1676671680000.0,648860,1676671680000.0,0.0,-0.016053696,2007.9551232200017,2007.9701632200017,75.2,1.0674,75.2,1.0674,long_ientry_normal,80.26848,0.0399752360357933,116.0
1676672280000.0,648870,1676672280000.0,0.21500000000000408,-0.005380000000000001,2008.1647432200016,2008.5211632200017,-25.0,1.076,50.2,1.0674,long_nclose,53.58348,0.026682810850508863,10.0
1676672340000.0,648871,1676672340000.0,0.14362000000000272,-0.0035938400000000005,2008.3047693800017,2008.6129693800017,-16.7,1.076,33.5,1.0674,long_nclose,35.7579,0.01780501672116184,1.0
1676672520000.0,648874,1676672520000.0,0.09546000000000181,-0.00238872,2008.3978406600017,2008.5568806600018,-11.1,1.076,22.4,1.0674,long_nclose,23.909759999999995,0.011904892305671244,3.0
1676672580000.0,648875,1676672580000.0,0.06364000000000121,-0.0015924800000000003,2008.4598881800018,2008.6068881800018,-7.4,1.076,15.0,1.0674,long_nclose,16.011,0.007971779817075971,1.0
1676673120000.0,648884,1676673120000.0,0.13649999999999995,-0.0016284,2008.5947597800018,2008.7282597800017,-7.5,1.0856,7.5,1.0674,long_nclose,8.0055,0.003985622267020566,9.0
1676673300000.0,648887,1676673300000.0,0.06733999999999998,-0.0008033439999999999,2008.661296436002,2008.732356436002,-3.7,1.0856,3.8,1.0674,long_nclose,4.056119999999999,0.0020193150568474805,3.0
1676673420000.0,648889,1676673420000.0,0.034579999999999986,-0.00041252799999999995,2008.695463908002,2008.729853908002,-1.9,1.0856,1.9,1.0674,long_nclose,2.0280599999999995,0.0010096403543692596,2.0
1676673480000.0,648890,1676673480000.0,0.016379999999999995,-0.000195408,2008.711648500002,2008.731748500002,-0.9,1.0856,1.0,1.0674,long_nclose,1.0674,0.0005313853786814434,1.0
1676674560000.0,648908,1676674560000.0,0.027800000000000047,-0.00021904,2008.739229460002,2008.739229460002,-1.0,1.0952,0.0,1.0674,long_nclose,0.0,0.0,18.0
1676749440000.0,650156,1676749440000.0,0.0,-0.016073743999999997,2008.7231557160019,2008.853375716002,76.6,1.0492,76.6,1.0492,long_ientry_normal,80.36871999999998,0.040009853907096944,1248.0
1676754960000.0,650248,1676754960000.0,0.21420000000000472,-0.005393760000000001,2008.9319619560017,2009.4020819560017,-25.5,1.0576,51.1,1.0492,long_nclose,53.61412,0.026687872469209197,92.0
1676755680000.0,650260,1676755680000.0,0.14280000000000315,-0.0035958400000000008,2009.071166116002,2009.350786116002,-17.0,1.0576,34.1,1.0492,long_nclose,35.777719999999995,0.017808089929022566,12.0
1676755740000.0,650261,1676755740000.0,0.0949200000000021,-0.0023901760000000004,2009.1636959400018,2009.378015940002,-11.3,1.0576,22.8,1.0492,long_nclose,23.92176,0.011906327019714552,1.0
1676757720000.0,650294,1676757720000.0,0.06384000000000141,-0.0016075520000000002,2009.2259283880019,2009.3505683880019,-7.6,1.0576,15.2,1.0492,long_nclose,15.947839999999998,0.007937305493959516,33.0
1676757780000.0,650295,1676757780000.0,0.042000000000000925,-0.0010576000000000001,2009.2668707880018,2009.3484707880018,-5.0,1.0576,10.2,1.0492,long_nclose,10.701839999999999,0.005326241205481535,1.0
1676757900000.0,650297,1676757900000.0,0.02856000000000063,-0.0007191680000000001,2009.2947116200019,2009.3552316200019,-3.4,1.0576,6.8,1.0492,long_nclose,7.13456,0.003550778269976997,2.0
1676758140000.0,650301,1676758140000.0,0.01848000000000041,-0.0004653440000000001,2009.3127262760017,2009.3490662760018,-2.2,1.0576,4.6,1.0492,long_nclose,4.826319999999999,0.0024019755296851935,4.0
1676758200000.0,650302,1676758200000.0,0.012600000000000278,-0.0003172800000000001,2009.3250089960018,2009.3510489960017,-1.5,1.0576,3.1,1.0492,long_nclose,3.2525199999999996,0.0016187127445475753,1.0
1676758320000.0,650304,1676758320000.0,0.008400000000000185,-0.00021152000000000003,2009.3331974760017,2009.3523074760017,-1.0,1.0576,2.1,1.0492,long_nclose,2.2033199999999997,0.0010965428744061324,2.0
1676759280000.0,650320,1676759280000.0,0.005880000000000129,-0.000148064,2009.3389294120016,2009.3508294120015,-0.7,1.0576,1.4,1.0492,long_nclose,1.4688799999999997,0.0007310264975704434,16.0
1676759400000.0,650322,1676759400000.0,0.0033600000000000743,-8.460800000000001e-05,2009.3422048040015,2009.3510048040016,-0.4,1.0576,1.0,1.0492,long_nclose,1.0492,0.0005221609328125085,2.0
1676760900000.0,650347,1676760900000.0,0.0025200000000000556,-6.345600000000001e-05,2009.3446613480016,2009.3501213480017,-0.3,1.0576,0.7,1.0492,long_nclose,0.7344399999999999,0.0003655122061076813,25.0
1676766120000.0,650434,1676766120000.0,0.0016800000000000371,-4.230400000000001e-05,2009.3462990440016,2009.3521490440016,-0.2,1.0576,0.5,1.0492,long_nclose,0.5246,0.0002610799344292181,87.0
1676766420000.0,650439,1676766420000.0,0.0035800000000000055,-4.2684e-05,2009.3498363600017,2009.3554763600018,-0.2,1.0671,0.3,1.0492,long_nclose,0.31476,0.00015664768489005243,5.0
1676767440000.0,650456,1676767440000.0,0.0017900000000000027,-2.1342e-05,2009.3516050180017,2009.3555250180018,-0.1,1.0671,0.2,1.0492,long_nclose,0.20984,0.00010443169800445156,17.0
1676768160000.0,650468,1676768160000.0,0.005480000000000019,-4.3064000000000006e-05,2009.3570419540017,2009.3570419540017,-0.2,1.0766,0.0,1.0492,long_nclose,0.0,0.0,12.0
1676825460000.0,651423,1676825460000.0,0.0,-0.016078848,2009.3409631060017,2009.2257631060018,76.8,1.0468,76.8,1.0468,long_ientry_normal,80.39424,0.04001025285212326,955.0
1676825700000.0,651427,1676825700000.0,0.21503999999999907,-0.005402624,2009.5506004820018,2010.0062804820018,-25.6,1.0552,51.2,1.0468,long_nclose,53.59616,0.02667071930766245,4.0
1676826420000.0,651439,1676826420000.0,0.0,-0.005356544,2009.5452439380017,2009.2534039380016,25.6,1.0462,76.8,1.0466000000000002,long_ientry_partial,80.37888000000001,0.03999854207934412,12.0
1676827920000.0,651464,1676827920000.0,0.21503999999999338,-0.0054016,2009.7548823380018,2010.1747223380019,-25.6,1.055,51.2,1.0466000000000002,long_nclose,53.585920000000016,0.02666291320942685,25.0
1676828340000.0,651471,1676828340000.0,0.0,-0.005387556,2009.7494947820019,2009.575294782002,25.8,1.0441,77.0,1.0457623376623377,long_ientry_partial,80.5237,0.04006653575934071,7.0
1676837820000.0,651629,1676837820000.0,0.0,-0.016078242,2009.7334165400018,2007.820916540002,78.9,1.0189,155.9,1.0321674791533033,long_rentry,160.91491,0.0800677884318779,158.0
1676843700000.0,651727,1676843700000.0,0.432457831943557,-0.01080039,2010.1550739819454,2011.042456150002,-51.9,1.0405,104.0,1.0321674791533033,long_nclose,107.34541783194355,0.05340156051707068,98.0
1676855640000.0,651926,1676855640000.0,0.0,-0.016086516000000002,2010.1389874659453,2005.1794896340018,80.2,1.0029,184.2,1.0194245267749378,long_rentry,187.77799783194354,0.09341542997912962,199.0
1676859000000.0,651982,1676859000000.0,0.5019740560188246,-0.012618928000000001,2010.6283425939641,2011.7059707060018,-61.4,1.0276,122.8,1.0194245267749378,long_nclose,125.18533188796236,0.06226179609427842,56.0
1676859120000.0,651984,1676859120000.0,0.3343768549050477,-0.008405768000000001,2010.954313680869,2011.7221649380017,-40.9,1.0276,81.9,1.0194245267749378,long_nclose,83.4908687428674,0.04151803358975618,2.0
1676860800000.0,652012,1676860800000.0,0.7106568549050426,-0.008481024,2011.656489511774,2012.3934839140015,-40.9,1.0368,41.0,1.0194245267749378,long_nclose,41.79640559777245,0.020777108723923524,28.0
1676860920000.0,652014,1676860920000.0,0.3561972011137744,-0.00425088,2012.0084358328877,2012.3441330340015,-20.5,1.0368,20.5,1.0194245267749378,long_nclose,20.898202798886224,0.010386737166057277,2.0
1676861340000.0,652021,1676861340000.0,0.17722982689563407,-0.0021150719999999995,2012.1835505877834,2012.3625179620017,-10.2,1.0368,10.3,1.0194245267749378,long_nclose,10.50007262578186,0.005218247919139713,7.0
1676861400000.0,652022,1676861400000.0,0.08861491344781704,-0.0010575359999999998,2012.2711079652313,2012.3661404260017,-5.1,1.0368,5.2,1.0194245267749378,long_nclose,5.301007539229676,0.002634340630468004,1.0
1676863140000.0,652051,1676863140000.0,0.13819246077032377,-0.00108784,2012.4082125860016,2012.4082125860016,-5.2,1.046,0.0,1.0194245267749378,long_nclose,0.0,0.0,29.0
1676909880000.0,652830,1676909880000.0,0.0,-0.016099144000000003,2012.3921134420016,2012.2253734420017,79.4,1.0138,79.4,1.0138,long_ientry_normal,80.49572,0.04000001762197323,779.0
1676912040000.0,652866,1676912040000.0,0.2164799999999996,-0.00539616,2012.6031972820017,2012.9794972820016,-26.4,1.022,53.0,1.0138,long_nclose,53.7314,0.026697463301540842,36.0
1676912100000.0,652867,1676912100000.0,0.14431999999999975,-0.0035974400000000004,2012.7439198420018,2013.0554398420018,-17.6,1.022,35.4,1.0138,long_nclose,35.88852,0.017830643852009356,1.0
1676912400000.0,652872,1676912400000.0,0.09675999999999983,-0.0024119200000000006,2012.8382679220017,2013.1025879220017,-11.8,1.022,23.6,1.0138,long_nclose,23.925680000000003,0.011886538715651611,5.0
1676916120000.0,652934,1676916120000.0,0.06395999999999988,-0.00159432,2012.9006336020016,2013.0554736020015,-7.8,1.022,15.8,1.0138,long_nclose,16.018040000000003,0.007957690376070074,62.0
1676916540000.0,652941,1676916540000.0,0.136669999999999,-0.001629138,2013.0356744640017,2013.1636544640016,-7.9,1.0311,7.9,1.0138,long_nclose,8.009020000000001,0.003978578274392734,7.0
1676916900000.0,652947,1676916900000.0,0.06746999999999949,-0.000804258,2013.1023402060016,2013.1835402060017,-3.9,1.0311,4.0,1.0138,long_nclose,4.0552,0.0020144033013170257,6.0
1676918040000.0,652966,1676918040000.0,0.03459999999999974,-0.00041244,2013.1365277660016,2013.1711277660015,-2.0,1.0311,2.0,1.0138,long_nclose,2.0276,0.001007184546122189,19.0
1676918100000.0,652967,1676918100000.0,0.01729999999999987,-0.00020622,2013.1536215460014,2013.1731215460015,-1.0,1.0311,1.0,1.0138,long_nclose,1.0138,0.0005035879970359402,1.0
1676919540000.0,652991,1676919540000.0,0.008649999999999936,-0.00010311,2013.1621684360014,2013.1708684360015,-0.5,1.0311,0.5,1.0138,long_nclose,0.5069,0.00025179292952529693,24.0
1676921100000.0,653017,1676921100000.0,0.0034599999999999744,-4.1244e-05,2013.1655871920013,2013.1709871920013,-0.2,1.0311,0.3,1.0138,long_nclose,0.30414,0.0001510755011584615,26.0
1676921220000.0,653019,1676921220000.0,0.0017299999999999872,-2.0622e-05,2013.1672965700013,2013.1710365700014,-0.1,1.0311,0.2,1.0138,long_nclose,0.20276000000000002,0.00010071691525361997,2.0
1676921880000.0,653030,1676921880000.0,0.0017299999999999872,-2.0622e-05,2013.1690059480013,2013.1707959480013,-0.1,1.0311,0.1,1.0138,long_nclose,0.10138000000000001,5.035841486753874e-05,11.0
1676922600000.0,653042,1676922600000.0,0.0017299999999999872,-2.0622e-05,2013.1707153260013,2013.1707153260013,-0.1,1.0311,0.0,1.0138,long_nclose,0.0,0.0,12.0
1676969220000.0,653819,1676969220000.0,0.0,-0.01611104,2013.1546042860014,2013.1705242860014,79.6,1.012,79.6,1.012,long_ientry_normal,80.5552,0.04001441311486866,777.0
1676969460000.0,653823,1676969460000.0,0.2172999999999996,-0.00540706,2013.3664972260015,2013.9028072260014,-26.5,1.0202,53.1,1.012,long_nclose,53.7372,0.02669022260678254,4.0
1676969820000.0,653829,1676969820000.0,0.14513999999999974,-0.0036115080000000003,2013.5080257180016,2014.0213257180017,-17.7,1.0202,35.4,1.012,long_nclose,35.824799999999996,0.01779223104274697,6.0
1676970000000.0,653832,1676970000000.0,0.09675999999999983,-0.0024076720000000005,2013.6023780460016,2013.8360180460015,-11.8,1.0202,23.6,1.012,long_nclose,23.883200000000002,0.011860931562454869,3.0
1676970840000.0,653846,1676970840000.0,0.06395999999999988,-0.001591512,2013.6647465340016,2013.7911465340017,-7.8,1.0202,15.8,1.012,long_nclose,15.989600000000001,0.007940547217466029,14.0
1676970900000.0,653847,1676970900000.0,0.04263999999999992,-0.001061008,2013.7063255260014,2013.8250455260013,-5.2,1.0202,10.6,1.012,long_nclose,10.7272,0.005327092567580798,1.0
1676971320000.0,653854,1676971320000.0,0.028699999999999948,-0.00071414,2013.7343113860015,2013.7960813860016,-3.5,1.0202,7.1,1.012,long_nclose,7.1852,0.0035680973201745823,7.0
1676971440000.0,653856,1676971440000.0,0.018859999999999964,-0.000469292,2013.7527020940015,2013.8026220940014,-2.3,1.0202,4.8,1.012,long_nclose,4.8576,0.002412212778137466,2.0
1676971740000.0,653861,1676971740000.0,0.04152000000000022,-0.000494064,2013.7937280300016,2013.8330880300016,-2.4,1.0293,2.4,1.012,long_nclose,2.4288,0.0012060818177122735,5.0
1676971860000.0,653863,1676971860000.0,0.02076000000000011,-0.000247032,2013.8142409980017,2013.8357209980018,-1.2,1.0293,1.2,1.012,long_nclose,1.2144,0.000603034766204737,2.0
1676972880000.0,653880,1676972880000.0,0.010380000000000056,-0.000123516,2013.8244974820016,2013.8346974820015,-0.6,1.0293,0.6,1.012,long_nclose,0.6072,0.0003015158474629822,17.0
1676973060000.0,653883,1676973060000.0,0.005190000000000028,-6.1758e-05,2013.8296257240017,2013.8348757240017,-0.3,1.0293,0.3,1.012,long_nclose,0.3036,0.0001507575398245774,3.0
1676973240000.0,653886,1676973240000.0,0.0017300000000000093,-2.0586000000000006e-05,2013.8313351380018,2013.8348551380018,-0.1,1.0293,0.2,1.012,long_nclose,0.20240000000000002,0.00010050494123736046,3.0
1676974920000.0,653914,1676974920000.0,0.0008199999999999986,-2.0404e-05,2013.8321347340018,2013.8330447340018,-0.1,1.0202,0.1,1.012,long_nclose,0.10120000000000001,5.0252450665838184e-05,28.0
1676975340000.0,653921,1676975340000.0,0.0008199999999999986,-2.0404e-05,2013.8329343300018,2013.8329343300018,-0.1,1.0202,0.0,1.012,long_nclose,0.0,0.0,7.0
1676980260000.0,654003,1676980260000.0,0.0,-0.016105728000000003,2013.8168286020018,2013.7685886020017,80.4,1.0016,80.4,1.0016,long_ientry_normal,80.52864000000001,0.03998806587384775,82.0
1676981520000.0,654024,1676981520000.0,0.2170799999999999,-0.005411992,2014.0284966100016,2014.5108966100017,-26.8,1.0097,53.6,1.0016,long_nclose,53.68576,0.026655908836624453,21.0
1676981760000.0,654028,1676981760000.0,0.14417999999999995,-0.0035945320000000005,2014.1690820780016,2014.4984420780015,-17.8,1.0097,35.8,1.0016,long_nclose,35.857279999999996,0.017802517335340256,4.0
1676982120000.0,654034,1676982120000.0,0.09638999999999996,-0.002403086,2014.2630689920015,2014.3921289920015,-11.9,1.0097,23.9,1.0016,long_nclose,23.93824,0.011884366232251592,6.0
1676982300000.0,654037,1676982300000.0,0.06398999999999998,-0.0015953260000000002,2014.3254636660017,2014.4694636660017,-7.9,1.0097,16.0,1.0016,long_nclose,16.0256,0.007955814633268832,3.0
1676983140000.0,654051,1676983140000.0,0.042929999999999975,-0.001070282,2014.3673233840018,2014.4593433840018,-5.3,1.0097,10.7,1.0016,long_nclose,10.71712,0.005320340473948891,14.0
1676983440000.0,654056,1676983440000.0,0.028349999999999986,-0.00070679,2014.3949665940017,2014.4619265940019,-3.5,1.0097,7.2,1.0016,long_nclose,7.21152,0.003579993059749077,5.0
1676984520000.0,654074,1676984520000.0,0.01943999999999999,-0.00048465600000000003,2014.4139219380017,2014.4638419380017,-2.4,1.0097,4.8,1.0016,long_nclose,4.80768,0.0023866395816877044,18.0
1676984880000.0,654080,1676984880000.0,0.012959999999999994,-0.000323104,2014.4265588340018,2014.4543988340017,-1.6,1.0097,3.2,1.0016,long_nclose,3.2051200000000004,0.0015910830732172238,6.0
1676986140000.0,654101,1676986140000.0,0.008099999999999996,-0.00020194,2014.4344568940019,2014.4524968940018,-1.0,1.0097,2.2,1.0016,long_nclose,2.20352,0.0010938653240659634,21.0
1676986620000.0,654109,1676986620000.0,0.005669999999999997,-0.000141358,2014.4399855360018,2014.452285536002,-0.7,1.0097,1.5,1.0016,long_nclose,1.5024000000000002,0.000745815219508881,8.0
1676987760000.0,654128,1676987760000.0,0.0,-0.015822888,2014.4241626480018,2014.2098626480017,79.6,0.9939,81.1,0.9940424167694205,long_ientry_partial,80.61684,0.040019793991165946,19.0
1676990040000.0,654166,1676990040000.0,0.21755474722564594,-0.00541134,2014.6363060552276,2015.115501308002,-27.0,1.0021,54.1,0.9940424167694205,long_nclose,53.77769474722565,0.02669350025391205,38.0
1676990160000.0,654168,1676990160000.0,0.14503649815043063,-0.00360756,2014.7777349933779,2015.1299837480017,-18.0,1.0021,36.1,0.9940424167694205,long_nclose,35.88493124537608,0.01781086351219482,2.0
1676990280000.0,654170,1676990280000.0,0.09669099876695375,-0.00240504,2014.8720209521448,2015.0999487080016,-12.0,1.0021,24.1,0.9940424167694205,long_nclose,23.956422244143035,0.011889798456192877,2.0
1676990760000.0,654178,1676990760000.0,0.06446066584463583,-0.00160336,2014.9348782579893,2015.0372353480016,-8.0,1.0021,16.1,0.9940424167694205,long_nclose,16.004082909987673,0.00794272960514932,8.0
1676990820000.0,654179,1676990820000.0,0.04270519112207124,-0.0010622259999999999,2014.9765212231114,2015.0505831220016,-5.3,1.0021,10.8,0.9940424167694205,long_nclose,10.735658101109742,0.005327932106421313,1.0
1676992260000.0,654203,1676992260000.0,0.0,-0.013985832,2014.9625353911115,2014.8287572900017,70.8,0.9877,81.6,0.9885394375135999,long_ientry_partial,80.66481810110974,0.04003291211836473,24.0
1676995920000.0,654264,1676995920000.0,0.0,-0.016123968,2014.9464114231114,2013.0440133220015,83.7,0.9632,165.3,0.9757087604422852,long_rentry,161.28465810110976,0.08004414270610702,61.0
1677000840000.0,654346,1677000840000.0,0.4348072996300893,-0.010839272000000002,2015.3703794507414,2016.3281540500016,-55.1,0.9836,110.2,0.9757087604422852,long_nclose,107.52310540073982,0.05335153602388639,82.0
1677003480000.0,654390,1677003480000.0,0.9196872996300848,-0.010936247999999999,2016.2791305023716,2017.2098378020016,-55.1,0.9924,55.1,0.9757087604422852,long_nclose,53.76155270036991,0.026663745057448868,44.0
1677003660000.0,654393,1677003660000.0,0.45900908783715666,-0.0054582,2016.7326813902087,2017.1574796020016,-27.5,0.9924,27.6,0.9757087604422852,long_nclose,26.92956178820707,0.013353064606283627,3.0
1677003720000.0,654394,1677003720000.0,0.23033910589646409,-0.002739024,2016.9602814721052,2017.1947605780017,-13.8,0.9924,13.8,0.9757087604422852,long_nclose,13.464780894103535,0.006675778902436337,1.0
1677003840000.0,654396,1677003840000.0,0.11516955294823204,-0.001369512,2017.0740815130532,2017.1899410660014,-6.9,0.9924,6.9,0.9757087604422852,long_nclose,6.732390447051768,0.003337701132921032,2.0
1677005220000.0,654419,1677005220000.0,0.05675021449623028,-0.000674832,2017.1301568955496,2017.1910262340016,-3.4,0.9924,3.5,0.9757087604422852,long_nclose,3.414980661547998,0.0016929897408324908,23.0
1677005640000.0,654426,1677005640000.0,0.02837510724811514,-0.000337416,2017.1581945867977,2017.1893188180015,-1.7,0.9924,1.8,0.9757087604422852,long_nclose,1.7562757687961132,0.0008706683360329483,7.0
1677005880000.0,654430,1677005880000.0,0.015022115601943309,-0.000178632,2017.1730380703998,2017.1879701860018,-0.9,0.9924,0.9,0.9757087604422852,long_nclose,0.8781378843980566,0.00043533096458500724,4.0
1677006060000.0,654433,1677006060000.0,0.006676495823085916,-7.9392e-05,2017.1796351742228,2017.1885807940016,-0.4,0.9924,0.5,0.9757087604422852,long_nclose,0.4878543802211426,0.00024184974491823423,3.0
1677006960000.0,654448,1677006960000.0,0.003338247911542958,-3.9696e-05,2017.1829337261345,2017.1878810980018,-0.2,0.9924,0.3,0.9757087604422852,long_nclose,0.29271262813268556,0.000145109609663407,15.0
1677007920000.0,654464,1677007920000.0,0.001669123955771479,-1.9848e-05,2017.1845830020902,2017.1879612500018,-0.1,0.9924,0.2,0.9757087604422852,long_nclose,0.19514175208845705,9.673966067995417e-05,16.0
1677008160000.0,654468,1677008160000.0,0.001669123955771479,-1.9848e-05,2017.186232278046,2017.1880114020018,-0.1,0.9924,0.1,0.9757087604422852,long_nclose,0.09757087604422852,4.8369790792216504e-05,4.0
1677008340000.0,654471,1677008340000.0,0.001669123955771479,-1.9848e-05,2017.1878815540017,2017.1878815540017,-0.1,0.9924,0.0,0.9757087604422852,long_nclose,0.0,0.0,3.0
1677031260000.0,654853,1677031260000.0,0.0,-0.016134408,2017.1717471460017,2017.3042271460017,82.8,0.9743,82.8,0.9743,long_ientry_normal,80.67204,0.03999264817888657,382.0
1677032580000.0,654875,1677032580000.0,0.21527999999999775,-0.005421192,2017.3816059540015,2017.8121659540016,-27.6,0.9821,55.2,0.9743,long_nclose,53.78136000000001,0.026658991953367836,22.0
1677032640000.0,654876,1677032640000.0,0.14351999999999848,-0.0036141279999999994,2017.5215118260016,2017.7496718260015,-18.4,0.9821,36.8,0.9743,long_nclose,35.85424,0.01777142884962319,1.0
1677033120000.0,654884,1677033120000.0,0.0,-0.00899609,2017.5125157360017,2017.4094757360017,46.3,0.9715,83.1,0.9727399518652227,long_ientry_partial,80.83469,0.04006651228654756,8.0
1677033660000.0,654893,1677033660000.0,0.217723333333333,-0.005432524,2017.724806545335,2018.1602532120016,-27.7,0.9806,55.4,0.9727399518652227,long_nclose,53.88979333333334,0.026708197846663347,9.0
1677033720000.0,654894,1677033720000.0,0.1446248856799035,-0.0036086079999999997,2017.865822823015,2018.2158446040016,-18.4,0.9806,37.0,0.9727399518652227,long_nclose,35.991378219013235,0.01783635849913,1.0
1677034080000.0,654900,1677034080000.0,0.30636089049337994,-0.00366041,2018.1685233035082,2018.4989341940015,-18.5,0.9893,18.5,0.9727399518652227,long_nclose,17.995689109506618,0.008916841632258617,6.0
1677034380000.0,654905,1677034380000.0,0.15235244283995109,-0.001820312,2018.319055434348,2018.4739938820014,-9.2,0.9893,9.3,0.9727399518652227,long_nclose,9.046481552346572,0.00448218606864401,5.0
1677034560000.0,654908,1677034560000.0,0.07617622141997554,-0.000910156,2018.394321499768,2018.4735637260014,-4.6,0.9893,4.7,0.9727399518652227,long_nclose,4.571877773766547,0.0022651063397609106,3.0
1677035160000.0,654918,1677035160000.0,0.11919222623345344,-0.000938214,2018.5125755120016,2018.5125755120016,-4.7,0.9981,0.0,0.9727399518652227,long_nclose,0.0,0.0,10.0
1677048780000.0,655145,1677048780000.0,0.0,-0.016152428,2018.4964230840017,2018.5215930840016,83.9,0.9626,83.9,0.9626,long_ientry_normal,80.76214,0.04001103944321382,227.0
1677054660000.0,655243,1677054660000.0,0.0,-0.016150638,2018.4802724460017,2016.6289424460017,86.1,0.9379,170.0,0.9500901764705882,long_rentry,161.51533,0.08001828514492992,98.0
1677068220000.0,655469,1677068220000.0,0.4307160117647052,-0.010841164,2018.9001472937662,2019.7631012820016,-56.6,0.9577,113.4,0.9500901764705882,long_nclose,107.74022601176472,0.053365802244447334,226.0
1677068280000.0,655470,1677068280000.0,0.2876513294117642,-0.007240212,2019.180558411178,2019.8314610700015,-37.8,0.9577,75.6,0.9500901764705882,long_nclose,71.82681734117646,0.03557226075794552,1.0
1677069000000.0,655482,1677069000000.0,0.6127313294117661,-0.0073052279999999995,2019.78598451259,2020.4024958420018,-37.8,0.9663,37.8,0.9500901764705882,long_nclose,35.91340867058823,0.017780799028197423,12.0
1677069360000.0,655488,1677069360000.0,0.30636566470588306,-0.0036526139999999998,2020.088697563296,2020.3931732280018,-18.9,0.9663,18.9,0.9500901764705882,long_nclose,17.956704335294116,0.008889067275587524,6.0
1677069420000.0,655489,1677069420000.0,0.15237234117647097,-0.0018166440000000003,2020.2392532604724,2020.4093965840018,-9.4,0.9663,9.5,0.9500901764705882,long_nclose,9.025856676470589,0.004467716713207964,1.0
1677069960000.0,655498,1677069960000.0,0.07618617058823549,-0.0009083220000000001,2020.3145311090607,2020.3942582620018,-4.7,0.9663,4.8,0.9500901764705882,long_nclose,4.560432847058824,0.002257288544351237,9.0
1677071400000.0,655522,1677071400000.0,0.03890357647058833,-0.000463824,2020.3529708615313,2020.3873144380018,-2.4,0.9663,2.4,0.9500901764705882,long_nclose,2.280216423529412,0.0011286227983009663,24.0
1677071580000.0,655525,1677071580000.0,0.0060878588235294025,-0.00015323200000000003,2020.3589054883548,2020.3736412060018,-0.8,0.9577,1.6,0.9500901764705882,long_nclose,1.5201442823529412,0.0007524129887137536,3.0
1677071760000.0,655528,1677071760000.0,0.003804911764705876,-9.577e-05,2020.3626146301197,2020.374285436002,-0.5,0.9577,1.1,0.9500901764705882,long_nclose,1.045099194117647,0.0005172829800698821,3.0
1677072060000.0,655533,1677072060000.0,0.008104911764705902,-9.663000000000002e-05,2020.3706229118845,2020.380348806002,-0.5,0.9663,0.6,0.9500901764705882,long_nclose,0.570054105882353,0.0002821532343708083,5.0
1677072120000.0,655534,1677072120000.0,0.004862947058823541,-5.7978e-05,2020.3754278809433,2020.380980828002,-0.3,0.9663,0.3,0.9500901764705882,long_nclose,0.2850270529411765,0.00014107628166915744,1.0
1677073140000.0,655551,1677073140000.0,0.0016209823529411806,-1.9326e-05,2020.3770295372963,2020.3802515020022,-0.1,0.9663,0.2,0.9500901764705882,long_nclose,0.19001803529411765,9.405077988717546e-05,17.0
1677073200000.0,655552,1677073200000.0,0.0016209823529411806,-1.9326e-05,2020.3786311936492,2020.3802521760022,-0.1,0.9663,0.1,0.9500901764705882,long_nclose,0.09500901764705882,4.702535266418208e-05,1.0
1677073260000.0,655553,1677073260000.0,0.0016209823529411806,-1.9326e-05,2020.3802328500021,2020.3802328500021,-0.1,0.9663,0.0,0.9500901764705882,long_nclose,0.0,0.0,1.0
1677079140000.0,655651,1677079140000.0,0.0,-0.016165119999999998,2020.364067730002,2020.450567730002,86.5,0.9344,86.5,0.9344,long_ientry_normal,80.8256,0.0400054630207378,98.0
1677079440000.0,655656,1677079440000.0,0.2159999999999986,-0.005425344,2020.5746423860019,2021.036242386002,-28.8,0.9419,57.7,0.9344,long_nclose,53.914880000000004,0.026682943984852967,5.0
1677079980000.0,655665,1677079980000.0,0.14399999999999905,-0.003616896,2020.7150254900018,2021.0268754900019,-19.2,0.9419,38.5,0.9344,long_nclose,35.9744,0.017802807197554536,9.0
1677080100000.0,655667,1677080100000.0,0.09599999999999938,-0.002411264,2020.8086142260017,2021.1067342260017,-12.8,0.9419,25.7,0.9344,long_nclose,24.01408,0.011883401441851895,2.0
1677080460000.0,655673,1677080460000.0,0.20352000000000034,-0.002432768,2021.0097014580017,2021.2186814580018,-12.8,0.9503,12.9,0.9344,long_nclose,12.05376,0.005964226688918983,6.0
1677080580000.0,655675,1677080580000.0,0.10176000000000017,-0.001216384,2021.1102450740018,2021.219445074002,-6.4,0.9503,6.5,0.9344,long_nclose,6.0736,0.003005081001792467,2.0
1677081360000.0,655688,1677081360000.0,0.050880000000000085,-0.000608192,2021.1605168820017,2021.2136468820017,-3.2,0.9503,3.3,0.9344,long_nclose,3.08352,0.0015256185613386492,13.0
1677081660000.0,655693,1677081660000.0,0.025440000000000042,-0.000304096,2021.1856527860016,2021.2097927860016,-1.6,0.9503,1.7,0.9344,long_nclose,1.58848,0.0007859149394863552,5.0
1677081720000.0,655694,1677081720000.0,0.012720000000000021,-0.000152048,2021.1982207380015,2021.2144207380015,-0.8,0.9503,0.9,0.9344,long_nclose,0.84096,0.00041607002785354704,1.0
1677082200000.0,655702,1677082200000.0,0.02195999999999998,-0.000172584,2021.2200081540016,2021.2200081540016,-0.9,0.9588,0.0,0.9344,long_nclose,0.0,0.0,8.0
1677175500000.0,657257,1677175500000.0,0.0,-0.016167602,2021.2038405520016,2021.5973105520015,80.3,1.0067,80.3,1.0067,long_ientry_normal,80.83801,0.03999498139580158,1555.0
1677175680000.0,657260,1677175680000.0,0.21626999999999988,-0.005419032,2021.4146915200015,2021.8702915200015,-26.7,1.0148,53.6,1.0067,long_nclose,53.95912,0.026693740886698254,3.0
1677175800000.0,657262,1677175800000.0,0.14417999999999995,-0.003612688,2021.5552588320015,2021.9060988320016,-17.8,1.0148,35.8,1.0067,long_nclose,36.03986,0.01782778870008373,2.0
1677177600000.0,657292,1677177600000.0,0.3078800000000018,-0.0036655620000000002,2021.8594732700017,2022.1763032700017,-17.9,1.0239,17.9,1.0067,long_nclose,18.01993,0.008912553141418842,30.0
1677177720000.0,657294,1677177720000.0,0.15308000000000094,-0.0018225420000000001,2022.0107307280018,2022.1700307280018,-8.9,1.0239,9.0,1.0067,long_nclose,9.0603,0.004480836754381587,2.0
1677177840000.0,657296,1677177840000.0,0.07740000000000047,-0.0009215100000000001,2022.0872092180018,2022.1664092180017,-4.5,1.0239,4.5,1.0067,long_nclose,4.53015,0.0022403336410757166,2.0
1677178020000.0,657299,1677178020000.0,0.037840000000000235,-0.0004505160000000001,2022.1245987020018,2022.1648487020018,-2.2,1.0239,2.3,1.0067,long_nclose,2.3154099999999995,0.001145038244174596,3.0
1677178680000.0,657310,1677178680000.0,0.018920000000000117,-0.00022525800000000004,2022.1432934440018,2022.1638134440018,-1.1,1.0239,1.2,1.0067,long_nclose,1.2080399999999998,0.0005974057347550941,11.0
1677179220000.0,657319,1677179220000.0,0.010320000000000062,-0.00012286800000000002,2022.1534905760018,2022.1642305760017,-0.6,1.0239,0.6,1.0067,long_nclose,0.6040199999999999,0.00029870136110585123,9.0
1677179820000.0,657329,1677179820000.0,0.01572,-0.000123948,2022.1690866280019,2022.1690866280019,-0.6,1.0329,0.0,1.0067,long_nclose,0.0,0.0,10.0
1677230760000.0,658178,1677230760000.0,0.0,-0.01616797,2022.152918658002,2023.0086686580019,81.5,0.9919,81.5,0.9919,long_ientry_normal,80.83985,0.03997712005561341,849.0
1677231000000.0,658182,1677231000000.0,0.21680000000000021,-0.005419458,2022.3642992000018,2022.815819200002,-27.1,0.9999,54.4,0.9919,long_nclose,53.95936,0.026681325427542906,4.0
1677231960000.0,658198,1677231960000.0,0.14480000000000015,-0.0036196380000000005,2022.505479562002,2022.777729562002,-18.1,0.9999,36.3,0.9919,long_nclose,36.00597,0.01780265634078654,16.0
1677233460000.0,658223,1677233460000.0,0.0,-0.008995350000000001,2022.4964842120019,2022.3812442120018,45.5,0.9885,81.8,0.9900088019559902,long_ientry_partial,80.98271999999999,0.04004096948111739,25.0
1677253080000.0,658550,1677253080000.0,0.0,-0.01620528,2022.480278932002,2020.352098932002,84.0,0.9646,165.8,0.977135826296743,long_rentry,162.00912,0.08010417786894372,327.0
1677253320000.0,658554,1677253320000.0,0.0,-0.01623852,2022.464040412002,2019.252900412002,86.0,0.9441,251.8,0.9658527402700556,long_rentry,243.20172000000002,0.1202502072424767,4.0
1677257400000.0,658622,1677257400000.0,0.6499950913423342,-0.016337008,2023.0976984953445,2024.633523404002,-83.9,0.9736,167.9,0.9658527402700556,long_nclose,162.16667509134234,0.08015760939867211,68.0
1677257520000.0,658624,1677257520000.0,0.43307181890389135,-0.010884848,2023.5198854662485,2024.3203785560022,-55.9,0.9736,112.0,0.9658527402700556,long_nclose,108.17550691024623,0.053459077762075466,2.0
1677257760000.0,658628,1677257760000.0,0.2889727879269257,-0.007263056,2023.8015951981754,2023.9694655000023,-37.3,0.9736,74.7,0.9658527402700556,long_nclose,72.14919969817316,0.035650332458161814,4.0
1677260460000.0,658673,1677260460000.0,0.1929067672756153,-0.0048485279999999995,2023.9896534374511,2024.3953869720024,-24.9,0.9736,49.8,0.9658527402700556,long_nclose,48.09946646544877,0.023764680013931318,45.0
1677261060000.0,658683,1677261060000.0,0.12860451151707686,-0.0032323520000000004,2024.1150255969683,2024.3655946200024,-16.6,0.9736,33.2,0.9658527402700556,long_nclose,32.06631097696585,0.015842138698371946,10.0
1677261120000.0,658684,1677261120000.0,0.08521985702938828,-0.0021419200000000003,2024.1981035339977,2024.3700927000025,-11.0,0.9736,22.2,0.9658527402700556,long_nclose,21.441930833995233,0.010592802550580545,1.0
1677262740000.0,658711,1677262740000.0,0.05732972200158848,-0.0014409280000000002,2024.2539923279994,2024.3849317720026,-7.4,0.9736,14.8,0.9658527402700556,long_nclose,14.294620555996824,0.00706167339186386,27.0
1677262860000.0,658713,1677262860000.0,0.037961572676727506,-0.000954128,2024.290999772676,2024.3894776440025,-4.9,0.9736,9.9,0.9658527402700556,long_nclose,9.561942128673552,0.004723600574100927,2.0
1677263880000.0,658730,1677263880000.0,0.025565957108816484,-0.000642576,2024.3159231537848,2024.3776150680023,-3.3,0.9736,6.6,0.9658527402700556,long_nclose,6.3746280857823665,0.003149028278081718,17.0
1677264240000.0,658736,1677264240000.0,0.017043971405877656,-0.0004283840000000001,2024.3325387411905,2024.3653066840022,-2.2,0.9736,4.4,0.9658527402700556,long_nclose,4.249752057188245,0.002099334954044116,6.0
1677264300000.0,658737,1677264300000.0,0.010846163621922145,-0.00027260800000000003,2024.3431122968125,2024.3678540760022,-1.4,0.9736,3.0,0.9658527402700556,long_nclose,2.8975582208101667,0.001431357265084676,1.0
1677264780000.0,658745,1677264780000.0,0.02467088959491648,-0.00029469,2024.3674884964075,2024.3920093860024,-1.5,0.9823,1.5,0.9658527402700556,long_nclose,1.4487791104050833,0.0007156700147763978,8.0
1677264840000.0,658746,1677264840000.0,0.011513081810961022,-0.000137522,2024.3788640562186,2024.3921018640026,-0.7,0.9823,0.8,0.9658527402700556,long_nclose,0.7726821922160445,0.0003816885297191023,1.0
1677266280000.0,658770,1677266280000.0,0.006578903891977728,-7.8584e-05,2024.3853643761106,2024.3917432800026,-0.4,0.9823,0.4,0.9658527402700556,long_nclose,0.38634109610802225,0.00019084365205687386,24.0
1677266340000.0,658771,1677266340000.0,0.003289451945988864,-3.9292e-05,2024.3886145360566,2024.3920439880026,-0.2,0.9823,0.2,0.9658527402700556,long_nclose,0.19317054805401113,9.54216728285055e-05,1.0
1677266460000.0,658773,1677266460000.0,0.001644725972994432,-1.9646e-05,2024.3902396160295,2024.3919543420025,-0.1,0.9823,0.1,0.9658527402700556,long_nclose,0.09658527402700556,4.771079811436213e-05,2.0
1677266640000.0,658776,1677266640000.0,0.001644725972994432,-1.9646e-05,2024.3918646960024,2024.3918646960024,-0.1,0.9823,0.0,0.9658527402700556,long_nclose,0.0,0.0,3.0
1677278340000.0,658971,1677278340000.0,0.0,-0.016187722,2024.3756769740023,2024.2990869740024,85.1,0.9511,85.1,0.9511,long_ientry_normal,80.93861,0.03998201071106795,195.0
1677279180000.0,658985,1677279180000.0,0.21791000000000113,-0.005426808,2024.5881601660024,2025.0596001660024,-28.3,0.9588,56.8,0.9511,long_nclose,54.022479999999995,0.026683194667882736,14.0
1677279300000.0,658987,1677279300000.0,0.14553000000000074,-0.0036242639999999994,2024.7300659020023,2025.0332659020023,-18.9,0.9588,37.9,0.9511,long_nclose,36.04669,0.017803207749543377,2.0
1677279840000.0,658996,1677279840000.0,0.09702000000000051,-0.002416176,2024.8246697260022,2025.0422497260022,-12.6,0.9588,25.3,0.9511,long_nclose,24.062829999999998,0.011883907954981683,9.0
1677280140000.0,659001,1677280140000.0,0.2041200000000013,-0.002437596,2025.0263521300024,2025.2384421300023,-12.6,0.9673,12.7,0.9511,long_nclose,12.078969999999998,0.005964845833880069,5.0
1677283200000.0,659052,1677283200000.0,0.3149600000000005,-0.0024787859999999997,2025.3388333440023,2025.3388333440023,-12.7,0.9759,0.0,0.9511,long_nclose,0.0,0.0,51.0
1677292380000.0,659205,1677292380000.0,0.0,-0.0161938,2025.3226395440022,2025.2968395440023,86.0,0.9415,86.0,0.9415,long_ientry_normal,80.969,0.03997832168519581,153.0
1677299640000.0,659326,1677299640000.0,0.21736000000000147,-0.0054288520000000005,2025.5345706920023,2025.8617506920023,-28.6,0.9491,57.4,0.9415,long_nclose,54.0421,0.026680413547094925,121.0
1677299700000.0,659327,1677299700000.0,0.14516000000000098,-0.003625562000000001,2025.6761051300023,2025.9518651300023,-19.1,0.9491,38.3,0.9415,long_nclose,36.05945,0.017801192356803656,1.0
1677300000000.0,659332,1677300000000.0,0.09652000000000065,-0.0024107140000000004,2025.7702144160023,2025.9673344160024,-12.7,0.9491,25.6,0.9415,long_nclose,24.102400000000003,0.011897894355677624,5.0
1677300120000.0,659334,1677300120000.0,0.06460000000000043,-0.0016134700000000003,2025.8332009460023,2025.9597409460023,-8.5,0.9491,17.1,0.9415,long_nclose,16.09965,0.007947174521812534,2.0
1677300360000.0,659338,1677300360000.0,0.043320000000000296,-0.001081974,2025.8754389720023,2025.9654989720023,-5.7,0.9491,11.4,0.9415,long_nclose,10.7331,0.005298005886011599,4.0
1677300840000.0,659346,1677300840000.0,0.028880000000000194,-0.0007213160000000001,2025.9035976560024,2025.9651576560025,-3.8,0.9491,7.6,0.9415,long_nclose,7.155399999999999,0.0035319548315521495,8.0
1677301020000.0,659349,1677301020000.0,0.019000000000000128,-0.00047455,2025.9221231060023,2025.9634331060024,-2.5,0.9491,5.1,0.9415,long_nclose,4.8016499999999995,0.002370105911395274,3.0
1677301140000.0,659351,1677301140000.0,0.012920000000000086,-0.000322694,2025.9347204120022,2025.9619204120022,-1.7,0.9491,3.4,0.9415,long_nclose,3.2011,0.001580060782683566,2.0
1677301320000.0,659354,1677301320000.0,0.008360000000000057,-0.00020880200000000004,2025.9428716100022,2025.9605816100022,-1.1,0.9491,2.3,0.9415,long_nclose,2.16545,0.0010688603466291883,3.0
1677302820000.0,659379,1677302820000.0,0.005320000000000036,-0.000132874,2025.9480587360022,2025.9610187360022,-0.7,0.9491,1.6,0.9415,long_nclose,1.5064000000000002,0.0007435531199846505,25.0
1677303420000.0,659389,1677303420000.0,0.0038000000000000256,-9.491000000000001e-05,2025.9517638260022,2025.9593538260021,-0.5,0.9491,1.1,0.9415,long_nclose,1.0356500000000002,0.0005111918351126875,10.0
1677303480000.0,659390,1677303480000.0,0.002280000000000015,-5.6946e-05,2025.953986880002,2025.960626880002,-0.3,0.9491,0.8,0.9415,long_nclose,0.7532000000000001,0.0003717754721369259,1.0
1677304320000.0,659404,1677304320000.0,0.0015200000000000103,-3.7964000000000004e-05,2025.955468916002,2025.960148916002,-0.2,0.9491,0.6,0.9415,long_nclose,0.5649,0.00027883140013055304,14.0
1677304800000.0,659412,1677304800000.0,0.0015200000000000103,-3.7964000000000004e-05,2025.956950952002,2025.960190952002,-0.2,0.9491,0.4,0.9415,long_nclose,0.37660000000000005,0.0001858874641058068,8.0
1677305700000.0,659427,1677305700000.0,0.0032200000000000006,-3.8304000000000005e-05,2025.960132648002,2025.963432648002,-0.2,0.9576,0.2,0.9415,long_nclose,0.18830000000000002,9.294358608818488e-05,15.0
1677311520000.0,659524,1677311520000.0,0.0016100000000000003,-1.9152000000000002e-05,2025.961723496002,2025.963343496002,-0.1,0.9576,0.1,0.9415,long_nclose,0.09415000000000001,4.647175655299877e-05,97.0
1677313500000.0,659557,1677313500000.0,0.002449999999999997,-1.932e-05,2025.9641541760018,2025.9641541760018,-0.1,0.966,0.0,0.9415,long_nclose,0.0,0.0,33.0
1677356460000.0,660273,1677356460000.0,0.0,-0.016205,2025.9479491760019,2025.869199176002,87.5,0.926,87.5,0.926,long_ientry_normal,81.025,0.039993623741890645,716.0
1677363780000.0,660395,1677363780000.0,0.21824999999999858,-0.0054329700000000005,2026.1607662060019,2026.738926206002,-29.1,0.9335,58.4,0.926,long_nclose,54.0784,0.026690083482991397,122.0
1677364500000.0,660407,1677364500000.0,0.4613599999999978,-0.005500112000000001,2026.616626094002,2027.089666094002,-29.2,0.9418,29.2,0.926,long_nclose,27.0392,0.013342039955585474,12.0
1677365580000.0,660425,1677365580000.0,0.703719999999997,-0.005548584,2027.3147975100019,2027.3147975100019,-29.2,0.9501,0.0,0.926,long_nclose,0.0,0.0,18.0
1677522360000.0,663038,1677522360000.0,0.0,-0.016218448,2027.2985790620019,2027.6449790620018,86.6,0.9364,86.6,0.9364,long_ientry_normal,81.09223999999999,0.040000146420227874,2613.0
1677522540000.0,663041,1677522540000.0,0.2159999999999986,-0.0054368640000000005,2027.5091421980017,2027.7576821980017,-28.8,0.9439,57.8,0.9364,long_nclose,54.12392,0.026694784686063025,3.0
1677522900000.0,663047,1677522900000.0,0.14399999999999905,-0.003624576,2027.6495176220017,2027.9004176220017,-19.2,0.9439,38.6,0.9364,long_nclose,36.14504,0.017826078760588955,6.0
1677523260000.0,663053,1677523260000.0,0.09599999999999938,-0.002416384,2027.7431012380016,2027.9649812380017,-12.8,0.9439,25.8,0.9364,long_nclose,24.15912,0.011914290318753934,6.0
1677524220000.0,663069,1677524220000.0,0.06449999999999957,-0.001623508,2027.8059777300016,2027.9366977300017,-8.6,0.9439,17.2,0.9364,long_nclose,16.10608,0.007942613927013727,16.0
1677524880000.0,663080,1677524880000.0,0.042749999999999726,-0.001076046,2027.8476516840017,2027.9362016840016,-5.7,0.9439,11.5,0.9364,long_nclose,10.7686,0.005310359479449724,11.0
1677527280000.0,663120,1677527280000.0,0.028499999999999814,-0.0007173640000000001,2027.8754343200017,2027.9347243200016,-3.8,0.9439,7.7,0.9364,long_nclose,7.21028,0.0035555832858233673,40.0
1677527700000.0,663127,1677527700000.0,0.018749999999999878,-0.00047195,2027.8937123700016,2027.9358323700017,-2.5,0.9439,5.2,0.9364,long_nclose,4.86928,0.0024011514855525966,7.0
1677529560000.0,663158,1677529560000.0,0.012749999999999916,-0.000320926,2027.9061414440016,2027.9344914440017,-1.7,0.9439,3.5,0.9364,long_nclose,3.2774,0.0016161497482651132,31.0
1677529740000.0,663161,1677529740000.0,0.008249999999999947,-0.000207658,2027.9141837860018,2027.934583786002,-1.1,0.9439,2.4,0.9364,long_nclose,2.24736,0.0011082125752502532,3.0
1677529920000.0,663164,1677529920000.0,0.005999999999999961,-0.000151024,2027.920032762002,2027.931392762002,-0.8,0.9439,1.6,0.9364,long_nclose,1.49824,0.0007388062526111623,3.0
1677530760000.0,663178,1677530760000.0,0.0037499999999999756,-9.439e-05,2027.923688372002,2027.931828372002,-0.5,0.9439,1.1,0.9364,long_nclose,1.03004,0.0005079283830580955,14.0
1677530940000.0,663181,1677530940000.0,0.002249999999999985,-5.6634e-05,2027.925881738002,2027.931481738002,-0.3,0.9439,0.8,0.9364,long_nclose,0.74912,0.0003694020608672238,3.0
1677531000000.0,663182,1677531000000.0,0.0014999999999999903,-3.7756e-05,2027.9273439820022,2027.9318439820022,-0.2,0.9439,0.6,0.9364,long_nclose,0.56184,0.0002770513458814461,1.0
1677531120000.0,663184,1677531120000.0,0.0014999999999999903,-3.7756e-05,2027.9288062260023,2027.9320062260024,-0.2,0.9439,0.4,0.9364,long_nclose,0.37456,0.00018470076407517495,2.0
1677532560000.0,663208,1677532560000.0,0.003200000000000003,-3.8096e-05,2027.9319681300024,2027.9354281300023,-0.2,0.9524,0.2,0.9364,long_nclose,0.18728,9.235023804703603e-05,24.0
1677532980000.0,663215,1677532980000.0,0.0016000000000000016,-1.9048e-05,2027.9335490820024,2027.9351890820024,-0.1,0.9524,0.1,0.9364,long_nclose,0.09364,4.617508302596434e-05,7.0
1677533280000.0,663220,1677533280000.0,0.0016000000000000016,-1.9048e-05,2027.9351300340024,2027.9351300340024,-0.1,0.9524,0.0,0.9364,long_nclose,0.0,0.0,5.0
1677740580000.0,666675,1677740580000.0,0.0,-0.016227936000000002,2027.9189020980025,2027.9349820980026,80.4,1.0092,80.4,1.0092,long_ientry_normal,81.13968000000001,0.04001130415819695,3455.0
1677751260000.0,666853,1677751260000.0,0.0,-0.016224449999999998,2027.9026776480025,2025.7551576480025,82.5,0.9833,162.9,0.9960830570902394,long_rentry,162.26193,0.08001465345871246,178.0
1677765300000.0,667087,1677765300000.0,0.0,-0.01626456,2027.8864130880024,2023.0426830880024,84.5,0.9624,247.4,0.9845785367825384,long_rentry,243.58473,0.12011754131193016,234.0
1677783600000.0,667392,1677783600000.0,0.6527285691188423,-0.016356400000000004,2028.5227852571213,2030.1268266880024,-82.4,0.9925,165.0,0.9845785367825384,long_nclose,162.45545856911883,0.0800855971398552,305.0
1677784800000.0,667412,1677784800000.0,0.43568047696039225,-0.010917500000000002,2028.9475482340818,2029.8849091880024,-55.0,0.9925,110.0,0.9845785367825384,long_nclose,108.30363904607923,0.05337922073951225,20.0
1677785460000.0,667423,1677785460000.0,0.2899255537590974,-0.007265100000000002,2029.2302086878408,2029.8336640880025,-36.6,0.9925,73.4,0.9845785367825384,long_nclose,72.26806459983833,0.035613536744344525,11.0
1677785880000.0,667430,1677785880000.0,0.1932837025060649,-0.0048434,2029.4186489903468,2029.8411006880024,-24.4,0.9925,49.0,0.9845785367825384,long_nclose,48.24434830234438,0.023772496781946078,7.0
1677786120000.0,667434,1677786120000.0,0.12911985044462534,-0.0032355500000000007,2029.5445332907914,2029.8002951380024,-16.3,0.9925,32.7,0.9845785367825384,long_nclose,32.195718152789006,0.01586351894461043,4.0
1677786480000.0,667440,1677786480000.0,0.08634394907033228,-0.0021636500000000005,2029.6287135898617,2029.7992214880023,-10.9,0.9925,21.8,0.9845785367825384,long_nclose,21.463812101859336,0.01057524066256221,6.0
1677786540000.0,667441,1677786540000.0,0.05703453516572408,-0.0014292000000000003,2029.6843189250274,2029.8028922880023,-7.2,0.9925,14.6,0.9845785367825384,long_nclose,14.37484663702506,0.007082306594671996,1.0
1677786900000.0,667447,1677786900000.0,0.03802302344381605,-0.0009528000000000001,2029.7213891484712,2029.8029394880023,-4.8,0.9925,9.8,0.9845785367825384,long_nclose,9.648869660468877,0.004753790205914353,6.0
1677787020000.0,667449,1677787020000.0,0.02534868229587737,-0.0006352,2029.746102630767,2029.8016842880022,-3.2,0.9925,6.6,0.9845785367825384,long_nclose,6.498218342764753,0.0032014931987514946,2.0
1677787560000.0,667458,1677787560000.0,0.01742721907841569,-0.0004367000000000001,2029.7630931498454,2029.7961875880023,-2.2,0.9925,4.4,0.9845785367825384,long_nclose,4.332145561843169,0.0021343109333614003,9.0
1677787620000.0,667459,1677787620000.0,0.011090048504446347,-0.0002779,2029.77390529835,2029.7985696880023,-1.4,0.9925,3.0,0.9845785367825384,long_nclose,2.953735610347615,0.0014552042484325145,1.0
1677787800000.0,667462,1677787800000.0,0.007921463217461677,-0.00019850000000000003,2029.7816282615674,2029.7982711880024,-1.0,0.9925,2.0,0.9845785367825384,long_nclose,1.9691570735650767,0.0009701324744236584,3.0
1677788520000.0,667474,1677788520000.0,0.004752877930477006,-0.00011910000000000001,2029.786262039498,2029.7981920880025,-0.6,0.9925,1.4,0.9845785367825384,long_nclose,1.3784099514955537,0.0006790911818028311,12.0
1677788640000.0,667476,1677788640000.0,0.003168585286984671,-7.94e-05,2029.7893512247852,2029.7975726880027,-0.4,0.9925,1.0,0.9845785367825384,long_nclose,0.9845785367825384,0.0004850643916268645,2.0
1677788760000.0,667478,1677788760000.0,0.002376438965238503,-5.9550000000000004e-05,2029.7916681137503,2029.7970031380025,-0.3,0.9925,0.7,0.9845785367825384,long_nclose,0.6892049757477768,0.0003395446865678796,2.0
1677789120000.0,667484,1677789120000.0,0.0015842926434923355,-3.97e-05,2029.793212706394,2029.7975234380026,-0.2,0.9925,0.5,0.9845785367825384,long_nclose,0.4922892683912692,0.00024253173441982437,6.0
1677789600000.0,667492,1677789600000.0,0.0007921463217461678,-1.985e-05,2029.7939850027158,2029.7965935880027,-0.1,0.9925,0.4,0.9845785367825384,long_nclose,0.39383141471301536,0.00019402531371305075,8.0
1677789660000.0,667493,1677789660000.0,0.0007921463217461678,-1.985e-05,2029.7947572990377,2029.797403738003,-0.1,0.9925,0.3,0.9845785367825384,long_nclose,0.2953735610347615,0.0001455189299177236,1.0
1677789960000.0,667498,1677789960000.0,0.0007921463217461678,-1.985e-05,2029.7955295953595,2029.7972338880031,-0.1,0.9925,0.2,0.9845785367825384,long_nclose,0.19691570735650768,9.70125830338009e-05,5.0
1677790080000.0,667500,1677790080000.0,0.0007921463217461678,-1.985e-05,2029.7963018916814,2029.7971240380032,-0.1,0.9925,0.1,0.9845785367825384,long_nclose,0.09845785367825384,4.8506273061240394e-05,2.0
1677795960000.0,667598,1677795960000.0,0.0007921463217461678,-1.985e-05,2029.7970741880033,2029.7970741880033,-0.1,0.9925,0.0,0.9845785367825384,long_nclose,0.0,0.0,98.0
1677806460000.0,667773,1677806460000.0,0.0,-0.016234112,2029.7808400760034,2029.5773200760034,84.8,0.9572,84.8,0.9572,long_ientry_normal,81.17056,0.039989814859500115,175.0
1677807000000.0,667782,1677807000000.0,0.0,-0.016245891999999998,2029.7645941840035,2027.4206641840035,87.1,0.9326,171.9,0.944735427574171,long_rentry,162.40001999999998,0.08000928800577846,9.0
1677807060000.0,667783,1677807060000.0,0.0,-0.016266096,2029.7483280880035,2023.7366280880035,89.1,0.9128,261.0,0.9338333333333333,long_rentry,243.73049999999998,0.12007917268718282,1.0
1677807120000.0,667784,1677807120000.0,0.0,-0.024228476000000006,2029.7240996120036,2019.3913796120034,135.4,0.8947,396.4,0.9204663975782039,long_rentry,364.87288,0.17976476707831773,1.0
1677813360000.0,667888,1677813360000.0,0.981978879919255,-0.024515118,2030.681563373923,2032.0119444940037,-132.1,0.9279,264.3,0.9204663975782039,long_nclose,243.2792688799193,0.1198017814647991,104.0
1677813420000.0,667889,1677813420000.0,0.6549003733602299,-0.016349598,2031.3201141492832,2032.5946748960037,-88.1,0.9279,176.2,0.9204663975782039,long_nclose,162.18617925327953,0.07984274764157648,1.0
1677813480000.0,667890,1677813480000.0,0.43635246215942675,-0.010893546,2031.7455730654426,2032.6777713500037,-58.7,0.9279,117.5,0.9204663975782039,long_nclose,108.15480171543896,0.05323245348690876,1.0
1677813660000.0,667893,1677813660000.0,0.29065385469222466,-0.007256178,2032.0289707421348,2032.5804051720036,-39.1,0.9279,78.4,0.9204663975782039,long_nclose,72.16456557013119,0.0355135515335568,3.0
1677813720000.0,667894,1677813720000.0,0.1940170232088763,-0.004843638,2032.2181441273437,2032.6121515340037,-26.1,0.9279,52.3,0.9204663975782039,long_nclose,48.14039259334006,0.02368859501252611,1.0
1677813780000.0,667895,1677813780000.0,0.0,-0.006551680000000001,2032.2115924473437,2032.8245998540037,35.3,0.928,87.6,0.9235021985541103,long_ientry_partial,80.89879259334006,0.03980825269081138,1.0
1677813840000.0,667896,1677813840000.0,0.2160158022199775,-0.005436456,2032.4221717935636,2032.9476433980035,-29.2,0.9309,58.4,0.9235021985541103,long_nclose,53.93252839556004,0.02653608543739015,1.0
1677814680000.0,667910,1677814680000.0,0.4612958022199796,-0.0054855120000000005,2032.8779820837838,2033.4998778860038,-29.2,0.9393,29.2,0.9235021985541103,long_nclose,26.96626419778002,0.013265067768670744,14.0
1677814920000.0,667914,1677814920000.0,0.7036558022199789,-0.005533984,2033.5761039020038,2033.5761039020038,-29.2,0.9476,0.0,0.9235021985541103,long_nclose,0.0,0.0,4.0
1677917880000.0,669630,1677917880000.0,0.0,-0.016275504,2033.5598283980037,2033.7415483980037,82.6,0.9852,82.6,0.9852,long_ientry_normal,81.37751999999999,0.04001727358280258,1716.0
1677921180000.0,669685,1677921180000.0,0.2172500000000005,-0.00546205,2033.7716163480036,2034.1628263480036,-27.5,0.9931,55.1,0.9852,long_nclose,54.28452,0.026691551580151095,55.0
1677921900000.0,669697,1677921900000.0,0.14457000000000034,-0.003634746,2033.9125516020035,2034.2106316020036,-18.3,0.9931,36.8,0.9852,long_nclose,36.255359999999996,0.01782542714112443,12.0
1677922020000.0,669699,1677922020000.0,0.09638000000000022,-0.002423164,2034.0065084380035,2034.2156084380035,-12.2,0.9931,24.6,0.9852,long_nclose,24.23592,0.011915360103056775,2.0
1677922260000.0,669703,1677922260000.0,0.06478000000000014,-0.0016286839999999998,2034.0696597540034,2034.2172597540034,-8.2,0.9931,16.4,0.9852,long_nclose,16.157279999999997,0.007943326779651209,4.0
1677922560000.0,669708,1677922560000.0,0.0426600000000001,-0.0010725480000000002,2034.1112472060036,2034.2047472060035,-5.4,0.9931,11.0,0.9852,long_nclose,10.8372,0.005327732204856378,5.0
1677923400000.0,669722,1677923400000.0,0.028440000000000066,-0.000715032,2034.1389721740036,2034.1937321740036,-3.6,0.9931,7.4,0.9852,long_nclose,7.2904800000000005,0.0035840619051746682,14.0
1677923460000.0,669723,1677923460000.0,0.018960000000000043,-0.00047668799999999996,2034.1574554860038,2034.2099554860038,-2.4,0.9931,5.0,0.9852,long_nclose,4.926,0.0024216414450685055,1.0
1677941820000.0,670029,1677941820000.0,0.01264000000000003,-0.00031779200000000006,2034.1697776940036,2034.1973176940037,-1.6,0.9931,3.4,0.9852,long_nclose,3.3496799999999998,0.0016467062074815104,306.0
1677942000000.0,670032,1677942000000.0,0.00869000000000002,-0.00021848200000000004,2034.1782492120035,2034.1966492120034,-1.1,0.9931,2.3,0.9852,long_nclose,2.2659599999999998,0.0011139436776879232,3.0
1677942960000.0,670048,1677942960000.0,0.01848000000000004,-0.00022044000000000002,2034.1965087720034,2034.2139087720034,-1.1,1.002,1.2,0.9852,long_nclose,1.18224,0.0005811827888317882,16.0
1677944760000.0,670078,1677944760000.0,0.0031600000000000074,-7.944800000000002e-05,2034.1995893240035,2034.2077493240035,-0.4,0.9931,0.8,0.9852,long_nclose,0.78816,0.00038745460579997363,30.0
1677947100000.0,670117,1677947100000.0,0.0015800000000000037,-3.972400000000001e-05,2034.2011296000035,2034.2061696000035,-0.2,0.9931,0.6,0.9852,long_nclose,0.59112,0.0002905907343175231,39.0
1677947400000.0,670122,1677947400000.0,0.0015800000000000037,-3.972400000000001e-05,2034.2026698760035,2034.2051898760035,-0.2,0.9931,0.4,0.9852,long_nclose,0.39408,0.00019372700952359948,5.0
1677950220000.0,670169,1677950220000.0,0.0007900000000000019,-1.9862000000000004e-05,2034.2034400140035,2034.2059900140034,-0.1,0.9931,0.3,0.9852,long_nclose,0.29556,0.0001452952021347311,47.0
1677951000000.0,670182,1677951000000.0,0.0007900000000000019,-1.9862000000000004e-05,2034.2042101520035,2034.2056101520036,-0.1,0.9931,0.2,0.9852,long_nclose,0.19704,9.68634314178695e-05,13.0
1677966000000.0,670432,1677966000000.0,0.0,-0.016234578,2034.1879755740035,2034.1140755740034,84.9,0.9561,85.1,0.9561683901292597,long_ientry_partial,81.36993,0.04000118522824282,250.0
1677966420000.0,670439,1677966420000.0,0.2188045593419501,-0.005455674,2034.4013244593457,2034.7552799000036,-28.3,0.9639,56.8,0.9561683901292597,long_nclose,54.31036455934195,0.026695993512379005,7.0
1677966480000.0,670440,1677966480000.0,0.1461274265569914,-0.0036435419999999996,2034.5438083439028,2034.8406263580039,-18.9,0.9639,37.9,0.9561683901292597,long_nclose,36.23878198589894,0.017811748185160448,1.0
1677966660000.0,670443,1677966660000.0,0.0974182843713276,-0.002429028,2034.638797600274,2034.801517330004,-12.6,0.9639,25.3,0.9561683901292597,long_nclose,24.19106027027027,0.011889609250940302,3.0
1677967020000.0,670449,1677967020000.0,0.0649455229142184,-0.0016193520000000001,2034.7021237711883,2034.851377978004,-8.4,0.9639,16.9,0.9561683901292597,long_nclose,16.15924579318449,0.00794182382000682,6.0
1677967260000.0,670453,1677967260000.0,0.0432970152761456,-0.001079568,2034.7443412184643,2034.8475284100036,-5.6,0.9639,11.3,0.9561683901292597,long_nclose,10.804702808460636,0.005310103382319994,4.0
1677967800000.0,670462,1677967800000.0,0.028606956521739058,-0.000713286,2034.772234888986,2034.8309951240037,-3.7,0.9639,7.6,0.9561683901292597,long_nclose,7.266879764982374,0.0035713480066130563,9.0
1677967860000.0,670463,1677967860000.0,0.019329024676850715,-0.00048195,2034.791081963663,2034.8371431740036,-2.5,0.9639,5.1,0.9561683901292597,long_nclose,4.876458789659224,0.0023965402801712824,1.0
1677968400000.0,670472,1677968400000.0,0.040829024676850845,-0.00048625000000000003,2034.8314247383398,2034.8762269240037,-2.5,0.9725,2.6,0.9561683901292597,long_nclose,2.486037814336075,0.0012217414101788585,9.0
1677968640000.0,670476,1677968640000.0,0.06482218566392473,-0.000510172,2034.8957367520036,2034.8957367520036,-2.6,0.9811,0.0,0.9561683901292597,long_nclose,0.0,0.0,4.0
1678104000000.0,672732,1678104000000.0,0.0,-0.01628637,2034.8794503820036,2035.0702503820037,79.5,1.0243,79.5,1.0243,long_ientry_normal,81.43185,0.04001802169888392,2256.0
1678105620000.0,672759,1678105620000.0,0.2199499999999993,-0.00547278,2035.0939276020035,2035.5974276020036,-26.5,1.0326,53.0,1.0243,long_nclose,54.2879,0.026675869483807384,27.0
1678105980000.0,672765,1678105980000.0,0.14607999999999954,-0.0036347520000000006,2035.2363728500036,2035.4912528500035,-17.6,1.0326,35.4,1.0243,long_nclose,36.26022,0.017816220505740915,6.0
1678106880000.0,672780,1678106880000.0,0.0,-0.009062039999999999,2035.2273108100037,2035.0848108100038,44.4,1.0205,79.8,1.0221857142857143,long_ientry_partial,81.57042,0.04007926759175399,15.0
1678109880000.0,672830,1678109880000.0,0.21850000000000042,-0.005481728000000001,2035.4403290820037,2035.9464890820036,-26.6,1.0304,53.2,1.0221857142857143,long_nclose,54.38028,0.026716715406992966,50.0
1678110060000.0,672833,1678110060000.0,0.1453928571428574,-0.0036476160000000002,2035.5820743231466,2035.8701314660036,-17.7,1.0304,35.5,1.0221857142857143,long_nclose,36.287592857142855,0.01782664197866297,3.0
1678110120000.0,672834,1678110120000.0,0.09692857142857161,-0.0024317440000000004,2035.6765711505752,2035.8973197220039,-11.8,1.0304,23.7,1.0221857142857143,long_nclose,24.225801428571426,0.011900614160371692,1.0
1678110720000.0,672844,1678110720000.0,0.20548857142857277,-0.0024534560000000006,2035.8796062660037,2036.0594662660037,-11.8,1.0396,11.9,1.0221857142857143,long_nclose,12.16401,0.0059748179423585596,10.0
1678110960000.0,672848,1678110960000.0,0.10274428571428638,-0.0012267280000000003,2035.9811238237182,2036.085009538004,-5.9,1.0396,6.0,1.0221857142857143,long_nclose,6.133114285714285,0.0030123630391011963,4.0
1678111020000.0,672849,1678111020000.0,0.05224285714285748,-0.0006237600000000001,2036.032742920861,2036.087085778004,-3.0,1.0396,3.0,1.0221857142857143,long_nclose,3.0665571428571425,0.00150614333365676,1.0
1678111860000.0,672863,1678111860000.0,0.02612142857142874,-0.00031188000000000006,2036.0585524694325,2036.0843738980038,-1.5,1.0396,1.5,1.0221857142857143,long_nclose,1.5332785714285713,0.0007530621207179603,14.0
1678113180000.0,672885,1678113180000.0,0.012190000000000078,-0.000145544,2036.0705969254325,2036.084928354004,-0.7,1.0396,0.8,1.0221857142857143,long_nclose,0.8177485714285715,0.00040163075517293573,22.0
1678114260000.0,672903,1678114260000.0,0.006965714285714331,-8.316800000000001e-05,2036.0774794717183,2036.084205186004,-0.4,1.0396,0.4,1.0221857142857143,long_nclose,0.40887428571428575,0.00020081469877088,18.0
1678114380000.0,672905,1678114380000.0,0.0034828571428571656,-4.158400000000001e-05,2036.0809207448613,2036.084463602004,-0.2,1.0396,0.2,1.0221857142857143,long_nclose,0.20443714285714287,0.00010040717968240351,2.0
1678114680000.0,672910,1678114680000.0,0.0017414285714285828,-2.0792000000000004e-05,2036.0826413814327,2036.0843528100042,-0.1,1.0396,0.1,1.0221857142857143,long_nclose,0.10221857142857144,5.020354741555019e-05,5.0
1678114740000.0,672911,1678114740000.0,0.0017414285714285828,-2.0792000000000004e-05,2036.0843620180042,2036.0843620180042,-0.1,1.0396,0.0,1.0221857142857143,long_nclose,0.0,0.0,1.0
1678188060000.0,674133,1678188060000.0,0.0,-0.016286974,2036.0680750440042,2036.0524550440043,78.1,1.0427,78.1,1.0427,long_ientry_normal,81.43486999999999,0.039996143055403485,1222.0
1678189140000.0,674151,1678189140000.0,0.21839999999999904,-0.005465719999999999,2036.2810093240041,2036.7186493240042,-26.0,1.0511,52.1,1.0427,long_nclose,54.32467,0.026678375799435692,18.0
1678190100000.0,674167,1678190100000.0,0.14531999999999937,-0.0036368060000000002,2036.4226925180042,2036.6732525180041,-17.3,1.0511,34.8,1.0427,long_nclose,36.285959999999996,0.01781848146424502,16.0
1678190220000.0,674169,1678190220000.0,0.09743999999999957,-0.0024385519999999996,2036.5176939660041,2036.7357739660042,-11.6,1.0511,23.2,1.0427,long_nclose,24.19064,0.011878433500319892,2.0
1678190400000.0,674172,1678190400000.0,0.06467999999999972,-0.0016186940000000002,2036.5807552720041,2036.751255272004,-7.7,1.0511,15.5,1.0427,long_nclose,16.16185,0.007935776648268208,3.0
1678190580000.0,674175,1678190580000.0,0.1370600000000003,-0.0016331700000000002,2036.716182102004,2036.856582102004,-7.7,1.0605,7.8,1.0427,long_nclose,8.133059999999999,0.003993222065730449,3.0
1678190700000.0,674177,1678190700000.0,0.21216000000000088,-0.0016690440000000004,2036.926673058004,2036.926673058004,-7.8,1.0699,0.0,1.0427,long_nclose,0.0,0.0,2.0
1678197660000.0,674293,1678197660000.0,0.0,-0.01629974,2036.910373318004,2036.957473318004,78.5,1.0382,78.5,1.0382,long_ientry_normal,81.4987,0.04001094062241115,116.0
1678198020000.0,674299,1678198020000.0,0.21923999999999905,-0.005463252,2037.124150066004,2037.711030066004,-26.1,1.0466,52.4,1.0382,long_nclose,54.40168,0.026705137238806655,6.0
1678199220000.0,674319,1678199220000.0,0.14615999999999935,-0.003642168,2037.266667898004,2037.529167898004,-17.4,1.0466,35.0,1.0382,long_nclose,36.337,0.017836153004697968,20.0
1678199280000.0,674320,1678199280000.0,0.09743999999999957,-0.002428112,2037.361679786004,2037.5441997860041,-11.6,1.0466,23.4,1.0382,long_nclose,24.293879999999998,0.011924186186986556,1.0
1678199340000.0,674321,1678199340000.0,0.0655199999999997,-0.001632696,2037.4255670900043,2037.5675270900042,-7.8,1.0466,15.6,1.0382,long_nclose,16.19592,0.007949208187827034,1.0
1678199580000.0,674325,1678199580000.0,0.04367999999999981,-0.0010884640000000001,2037.4681586260042,2037.5555186260042,-5.2,1.0466,10.4,1.0382,long_nclose,10.79728,0.005299361344268222,4.0
1678199640000.0,674326,1678199640000.0,0.028559999999999874,-0.0007116879999999999,2037.4960069380043,2037.5667069380042,-3.4,1.0466,7.0,1.0382,long_nclose,7.2674,0.0035668290761077938,1.0
1678201200000.0,674352,1678201200000.0,0.0,-0.014845368,2037.4811615700044,2037.2691215700045,71.8,1.0338,78.8,1.0341908629441625,long_ientry_partial,81.49424,0.03999754281762472,26.0
1678202160000.0,674368,1678202160000.0,0.21769939086294166,-0.0054627,2037.6933982608673,2038.1409788700043,-26.2,1.0425,52.6,1.0341908629441625,long_nclose,54.39843939086295,0.026696086583629798,16.0
1678202280000.0,674370,1678202280000.0,0.46312030456852765,-0.005532468000000001,2038.1509860974359,2038.5720264020044,-26.3,1.0518,26.3,1.0341908629441625,long_nclose,27.199219695431474,0.013345046505858417,2.0
1678202340000.0,674371,1678202340000.0,0.23067969543147196,-0.002755716,2038.3789100768674,2038.6179506860044,-13.1,1.0518,13.2,1.0341908629441625,long_nclose,13.651319390862945,0.006697145130072088,1.0
1678202400000.0,674372,1678202400000.0,0.35652060913705375,-0.002801568,2038.7326291180045,2038.7326291180045,-13.2,1.0612,0.0,1.0341908629441625,long_nclose,0.0,0.0,1.0
1678281000000.0,675682,1678281000000.0,0.0,-0.016319040000000003,2038.7163100780044,2038.6399100780045,76.4,1.068,76.4,1.068,long_ientry_normal,81.5952,0.040022831816594454,1310.0
1678281360000.0,675688,1678281360000.0,0.2184399999999985,-0.005469128,2038.9292809500046,2039.2913809500046,-25.4,1.0766,51.0,1.068,long_nclose,54.468,0.026714021182049807,6.0
1678281540000.0,675691,1678281540000.0,0.146199999999999,-0.00366044,2039.0718205100045,2039.3744205100045,-17.0,1.0766,34.0,1.068,long_nclose,36.312000000000005,0.017808102507599656,3.0
1678282500000.0,675707,1678282500000.0,0.0,-0.00904816,2039.0627723500045,2038.9982123500045,42.4,1.067,76.4,1.0674450261780104,long_ientry_partial,81.5528,0.03999523756986207,16.0
1678284000000.0,675732,1678284000000.0,0.21729633507853746,-0.005466080000000001,2039.2746026050831,2038.9714062700045,-25.4,1.076,51.0,1.0674450261780104,long_nclose,54.43969633507853,0.026695618268149972,25.0
1678284060000.0,675733,1678284060000.0,0.0,-0.0054773400000000015,2039.2691252650832,2038.8123289300047,25.8,1.0615,76.8,1.0654478689463351,long_ientry_partial,81.82639633507854,0.04012535438373882,1.0
1678288380000.0,675805,1678288380000.0,0.21893455497382208,-0.005498880000000001,2039.482560940057,2039.9460300500048,-25.6,1.074,51.2,1.0654478689463351,long_nclose,54.55093089005236,0.026747436793432666,72.0
1678288500000.0,675807,1678288500000.0,0.1453862279123037,-0.0036516000000000005,2039.6242955679693,2039.8825784500045,-17.0,1.074,34.2,1.0654478689463351,long_nclose,36.438317117964665,0.017865210370921657,2.0
1678289640000.0,675826,1678289640000.0,0.09749429401178014,-0.00244872,2039.719341141981,2039.8915297300045,-11.4,1.074,22.8,1.0654478689463351,long_nclose,24.292211411976442,0.011909585265968956,19.0
1678289700000.0,675827,1678289700000.0,0.06499619600785342,-0.00163248,2039.7827048579888,2039.9111772500046,-7.6,1.074,15.2,1.0654478689463351,long_nclose,16.194807607984295,0.007939476871440474,1.0
1678289760000.0,675828,1678289760000.0,0.04276065526832462,-0.001074,2039.824391513257,2039.9391632500044,-5.0,1.074,10.2,1.0654478689463351,long_nclose,10.867568263252618,0.005327697966779602,1.0
1678289940000.0,675831,1678289940000.0,0.02907724558246074,-0.0007303200000000001,2039.8527384388394,2039.9068129300044,-3.4,1.074,6.8,1.0654478689463351,long_nclose,7.245045508835079,0.003551749286754852,3.0
1678292220000.0,675869,1678292220000.0,0.0,-0.014896320000000001,2039.8378421188395,2039.6222366100044,70.8,1.052,77.6,1.0531784215056066,long_ientry_partial,81.72664550883506,0.04006526588600945,38.0
1678293300000.0,675887,1678293300000.0,0.0,-0.01631499,2039.8215271288395,2037.7516616200044,79.5,1.0261,157.1,1.039475464728422,long_rentry,163.30159550883508,0.08005680562587797,18.0
1678299360000.0,675988,1678299360000.0,0.0,-0.01637172,2039.8051554088395,2034.5333999000045,81.5,1.0044,238.6,1.0274945327277245,long_rentry,245.16019550883507,0.12018804583308225,101.0
1678300860000.0,676013,1678300860000.0,0.0,-0.024354056000000002,2039.7808013528395,2030.4766558440044,123.7,0.9844,362.3,1.012780777004789,long_rentry,366.93047550883506,0.17988720908907296,25.0
1678305960000.0,676098,1678305960000.0,0.0,-0.036005398,2039.7447959548394,2019.2186904460045,187.9,0.9581,550.2,0.9941066257885042,long_rentry,546.9574655088351,0.2681499502259031,85.0
1678365240000.0,677086,1678365240000.0,0.0,-0.052643556,2039.6921523988394,1999.3466068900045,285.3,0.9226,835.5,0.9696891029429503,long_rentry,810.175245508835,0.397204668633943,988.0
1678370760000.0,677178,1678370760000.0,2.1753348303883517,-0.05444675,2041.813040479228,2047.3334101400046,-278.5,0.9775,557.0,0.9696891029429503,long_nclose,540.1168303392233,0.2645280540535945,92.0
1678371360000.0,677188,1678371360000.0,4.598284830388332,-0.05493134,2046.3563939696164,2051.4281288000047,-278.5,0.9862,278.5,0.9696891029429503,long_nclose,270.05841516961164,0.13197037229948977,10.0
1678371480000.0,677190,1678371480000.0,7.049084830388341,-0.055421500000000005,2053.3500573000047,2053.3500573000047,-278.5,0.995,0.0,0.9696891029429503,long_nclose,0.0,0.0,2.0
1678391520000.0,677524,1678391520000.0,0.0,-0.016435832000000004,2053.333621468005,2053.458081468005,88.9,0.9244,88.9,0.9244,long_ientry_normal,82.17916000000001,0.04002231256567409,334.0
1678393320000.0,677554,1678393320000.0,0.0,-0.016428768,2053.317192700005,2051.2282727000047,91.2,0.9007,180.1,0.9123986674069962,long_rentry,164.323,0.08002806414138278,30.0
1678393980000.0,677565,1678393980000.0,0.4440799555802277,-0.0110376,2053.750235055585,2054.531045100005,-60.0,0.9198,120.1,0.9123986674069962,long_nclose,109.57907995558023,0.05335560190580548,11.0
1678394040000.0,677566,1678394040000.0,0.2960533037201518,-0.007358400000000001,2054.0389299593053,2054.6958567000047,-40.0,0.9198,80.1,0.9123986674069962,long_nclose,73.08313325930038,0.035580208433901646,1.0
1678395480000.0,677590,1678395480000.0,0.0,-0.016425708,2054.0225042513052,2053.332950992005,92.3,0.8898,172.4,0.9002997288822528,long_rentry,155.2116732593004,0.07556473842815822,24.0
1678395900000.0,677597,1678395900000.0,0.41903556215868437,-0.010419247999999999,2054.431120565464,2055.397151744005,-57.4,0.9076,115.0,0.9002997288822528,long_nclose,103.53446882145907,0.050395687538534815,7.0
1678396020000.0,677599,1678396020000.0,0.27960038380971447,-0.006952215999999999,2054.7037687332736,2055.2406895280046,-38.3,0.9076,76.7,0.9002997288822528,long_nclose,69.0529892052688,0.03360727237476185,2.0
1678396260000.0,677603,1678396260000.0,0.18615691350255142,-0.00462876,2054.8852968867764,2055.218110768005,-25.5,0.9076,51.2,0.9002997288822528,long_nclose,46.095346118771346,0.022432077444228843,4.0
1678396320000.0,677604,1678396320000.0,0.0,-0.007145584,2054.878151302776,2055.247205184005,39.4,0.9068,90.6,0.9031265576023328,long_ientry_partial,81.82326611877136,0.039819035531082986,1.0
1678396380000.0,677605,1678396380000.0,0.21965796040954763,-0.005498816,2055.092310447186,2055.392706368005,-30.2,0.9104,60.4,0.9031265576023328,long_nclose,54.5488440791809,0.026543257352420892,1.0
1678396440000.0,677606,1678396440000.0,0.0,-0.005466762000000001,2055.0868436851856,2055.332939606005,30.1,0.9081,90.5,0.9047807080572475,long_ientry_partial,81.8826540791809,0.039843889970288926,1.0
1678396500000.0,677607,1678396500000.0,0.22031068747685004,-0.005490842000000001,2055.301663530662,2055.8283087640043,-30.1,0.9121,60.4,0.9047807080572475,long_nclose,54.64875476665775,0.026589164859031154,1.0
1678396560000.0,677608,1678396560000.0,0.0,-0.005404960000000001,2055.2962585706623,2056.0087038040047,29.6,0.913,90.0,0.9074839418517529,long_ientry_partial,81.67355476665776,0.03973809343839166,1.0
1678396680000.0,677610,1678396680000.0,0.21948174444741286,-0.0054888,2055.5102515151098,2055.8472150040047,-30.0,0.9148,60.0,0.9074839418517529,long_nclose,54.44903651110517,0.026489304283922186,2.0
1678396740000.0,677611,1678396740000.0,0.1463211629649419,-0.0036592,2055.6529134780744,2055.8775558040043,-20.0,0.9148,40.0,0.9074839418517529,long_nclose,36.299357674070116,0.017658310620470068,1.0
1678396800000.0,677612,1678396800000.0,0.09730357337168638,-0.0024333680000000004,2055.7477836834464,2055.9511324360046,-13.3,0.9148,26.7,0.9074839418517529,long_nclose,24.2298212474418,0.011786378387346384,1.0
1678396980000.0,677615,1678396980000.0,0.06511291751939915,-0.0016283439999999999,2055.811268256966,2055.9699740920046,-8.9,0.9148,17.8,0.9074839418517529,long_nclose,16.153214164961202,0.007857342945034453,3.0
1678397160000.0,677618,1678397160000.0,0.0,-0.013191857999999999,2055.798076398966,2055.946872234005,72.3,0.9123,90.1,0.9113485478908014,long_ientry_partial,82.11250416496121,0.039941911176798746,3.0
1678399920000.0,677664,1678399920000.0,0.2205435632759556,-0.0055122,2056.013107762242,2056.262610034005,-30.0,0.9187,60.1,0.9113485478908014,long_nclose,54.77204772823717,0.026639931195696943,46.0
1678400100000.0,677667,1678400100000.0,0.0,-0.005552064000000001,2056.007555698242,2055.749157970005,30.6,0.9072,90.7,0.9099489275439601,long_ientry_partial,82.53236772823718,0.04014205468238579,3.0
1678404900000.0,677747,1678404900000.0,0.22200238817240625,-0.005540492,2056.2240175944144,2056.795807478005,-30.2,0.9173,60.5,0.9099489275439601,long_nclose,55.05191011640959,0.02677330370881236,80.0
1678405860000.0,677763,1678405860000.0,0.4696423881724058,-0.00559002,2056.6880699625867,2057.2925874580046,-30.2,0.9255,30.3,0.9099489275439601,long_nclose,27.57145250458199,0.01340575311699238,16.0
1678406280000.0,677770,1678406280000.0,0.7196574954180094,-0.005658222,2057.402069236005,2057.402069236005,-30.3,0.9337,0.0,0.9099489275439601,long_nclose,0.0,0.0,7.0
1678421160000.0,678018,1678421160000.0,0.0,-0.01645929,2057.385609946005,2057.679689946005,91.9,0.8955,91.9,0.8955,long_ientry_normal,82.29645000000001,0.04000049849778031,248.0
1678429200000.0,678152,1678429200000.0,0.0,-0.01645535,2057.369154596005,2055.329934596005,94.3,0.8725,186.2,0.8838517722878625,long_rentry,164.57319999999999,0.07999206152787704,134.0
1678429980000.0,678165,1678429980000.0,0.0,-0.016499279999999998,2057.352655316005,2051.681135316005,96.6,0.854,282.8,0.8736548797736916,long_rentry,247.0696,0.12009103026726871,13.0
1678432620000.0,678209,1678432620000.0,0.0,-0.024557579999999996,2057.328097736005,2048.594197736005,146.7,0.837,429.5,0.8611350407450523,long_rentry,369.85749999999996,0.1797756519278627,44.0
1678437240000.0,678286,1678437240000.0,0.0,-0.036282284,2057.291815452005,2035.7397354520049,222.7,0.8146,652.2,0.8452452008586322,long_rentry,551.26892,0.2679585442665466,77.0
1678441320000.0,678354,1678441320000.0,0.0,-0.053063580000000006,2057.2387518720047,2015.4418518720047,338.2,0.7845,990.4,0.8245020395799677,long_rentry,816.58682,0.3969334231415477,68.0
1678455600000.0,678592,1678455600000.0,2.210996734652677,-0.05487582400000002,2059.3948727826573,2063.6854760480046,-330.1,0.8312,660.3,0.8245020395799677,long_nclose,544.4186967346526,0.2643585763613334,238.0
1678455660000.0,678593,1678455660000.0,1.4742210884491191,-0.036589424,2060.8325044471067,2064.661346624005,-220.1,0.8312,440.2,0.8245020395799677,long_nclose,362.94579782310177,0.1761161069809869,1.0
1678455780000.0,678595,1678455780000.0,3.102961088449111,-0.036915172,2063.898550363556,2067.419701452005,-220.1,0.8386,220.1,0.8245020395799677,long_nclose,181.47289891155089,0.08792723793501596,2.0
1678455900000.0,678597,1678455900000.0,1.5507756462035538,-0.0184492,2065.4308768097594,2067.4785122520047,-110.0,0.8386,110.1,0.8245020395799677,long_nclose,90.77767455775444,0.04395096227958429,2.0
1678456020000.0,678599,1678456020000.0,2.366925442245553,-0.01862892,2067.779173332005,2067.779173332005,-110.1,0.846,0.0,0.8245020395799677,long_nclose,0.0,0.0,2.0
1678459440000.0,678656,1678459440000.0,0.0,-0.016540396,2067.762632936005,2067.607682936005,103.3,0.8006,103.3,0.8006,long_ientry_normal,82.70197999999999,0.03999587703283519,57.0
1678459920000.0,678664,1678459920000.0,0.2236000000000021,-0.005552848000000001,2067.9806800880046,2068.3182900880047,-34.4,0.8071,68.9,0.8006,long_nclose,55.16134,0.02667401128604962,8.0
1678459980000.0,678665,1678459980000.0,0.1488500000000014,-0.0036965179999999998,2068.1258335700045,2068.3972335700046,-22.9,0.8071,46.0,0.8006,long_nclose,36.8276,0.017807233680954555,1.0
1678460220000.0,678669,1678460220000.0,0.09945000000000094,-0.0024697260000000006,2068.2228138440046,2068.3824538440044,-15.3,0.8071,30.7,0.8006,long_nclose,24.578419999999998,0.011883835646469096,4.0
1678460280000.0,678670,1678460280000.0,0.06630000000000062,-0.001646484,2068.2874673600045,2068.4207173600043,-10.2,0.8071,20.5,0.8006,long_nclose,16.4123,0.007935212227026122,1.0
1678460340000.0,678671,1678460340000.0,0.04420000000000041,-0.0010976560000000002,2068.330569704004,2068.399069704004,-6.8,0.8071,13.7,0.8006,long_nclose,10.968219999999999,0.005302933757619627,1.0
1678460400000.0,678672,1678460400000.0,0.029250000000000276,-0.00072639,2068.359093314004,2068.436373314004,-4.5,0.8071,9.2,0.8006,long_nclose,7.365519999999999,0.0035610450930929414,1.0
1678460640000.0,678676,1678460640000.0,0.019500000000000184,-0.00048426000000000003,2068.3781090540037,2068.428329054004,-3.0,0.8071,6.2,0.8006,long_nclose,4.96372,0.0023998126736461227,4.0
1678460940000.0,678681,1678460940000.0,0.013000000000000123,-0.00032284,2068.3907862140036,2068.4298462140036,-2.0,0.8071,4.2,0.8006,long_nclose,3.36252,0.0016256695893307371,5.0
1678461120000.0,678684,1678461120000.0,0.009100000000000085,-0.000225988,2068.399660226004,2068.424020226004,-1.4,0.8071,2.8,0.8006,long_nclose,2.2416799999999997,0.001083775076502895,3.0
1678461300000.0,678687,1678461300000.0,0.005850000000000056,-0.00014527800000000001,2068.405364948004,2068.4180949480037,-0.9,0.8071,1.9,0.8006,long_nclose,1.52114,0.0007354167736062891,3.0
1678461420000.0,678689,1678461420000.0,0.0039000000000000367,-9.685200000000001e-05,2068.409168096004,2068.417878096004,-0.6,0.8071,1.3,0.8006,long_nclose,1.04078,0.0005031789725424834,2.0
1678461600000.0,678692,1678461600000.0,0.0026000000000000246,-6.456800000000001e-05,2068.4117035280037,2068.4188135280037,-0.4,0.8071,0.9,0.8006,long_nclose,0.72054,0.0003483542462900422,3.0
1678461720000.0,678694,1678461720000.0,0.0019500000000000183,-4.842600000000001e-05,2068.4136051020037,2068.417325102004,-0.3,0.8071,0.6,0.8006,long_nclose,0.48035999999999995,0.0002322359506895194,2.0
1678461840000.0,678696,1678461840000.0,0.0013000000000000123,-3.2284000000000005e-05,2068.4148728180035,2068.4172728180033,-0.2,0.8071,0.4,0.8006,long_nclose,0.32024,0.00015482387223589522,2.0
1678461900000.0,678697,1678461900000.0,0.0006500000000000062,-1.6142000000000002e-05,2068.4155066760036,2068.4174866760036,-0.1,0.8071,0.3,0.8006,long_nclose,0.24017999999999998,0.00011611786859303494,1.0
1678462020000.0,678699,1678462020000.0,0.0006500000000000062,-1.6142000000000002e-05,2068.4161405340037,2068.4173805340038,-0.1,0.8071,0.2,0.8006,long_nclose,0.16012,7.741188867278022e-05,2.0
1678462140000.0,678701,1678462140000.0,0.0006500000000000062,-1.6142000000000002e-05,2068.416774392004,2068.4174643920037,-0.1,0.8071,0.1,0.8006,long_nclose,0.08006,3.870593247510916e-05,2.0
1678462260000.0,678703,1678462260000.0,0.0006500000000000062,-1.6142000000000002e-05,2068.417408250004,2068.417408250004,-0.1,0.8071,0.0,0.8006,long_nclose,0.0,0.0,2.0
1678520040000.0,679666,1678520040000.0,0.0,-0.016542499999999998,2068.400865750004,2068.421225750004,101.8,0.8125,101.8,0.8125,long_ientry_normal,82.71249999999999,0.03998862182355951,963.0
1678520520000.0,679674,1678520520000.0,0.0,-0.01654444,2068.384321310004,2065.926621310004,104.5,0.7916,206.3,0.8019132331555986,long_rentry,165.4347,0.07998257301390803,8.0
1678523040000.0,679716,1678523040000.0,0.44564088221037723,-0.011107416000000002,2068.8188547762143,2069.560073894004,-68.7,0.8084,137.6,0.8019132331555986,long_nclose,110.34326088221036,0.053336356939837674,42.0
1678523100000.0,679717,1678523100000.0,0.29709392147358477,-0.007404943999999999,2069.108543753688,2069.942708950004,-45.8,0.8084,91.8,0.8019132331555986,long_nclose,73.61563480368395,0.03557843063667101,1.0
1678523160000.0,679718,1678523160000.0,0.6282225981580242,-0.007487208,2069.7292791438463,2070.215211742004,-45.9,0.8156,45.9,0.8019132331555986,long_nclose,36.80781740184197,0.01778388012999831,1.0
1678523340000.0,679721,1678523340000.0,0.0,-0.009168866,2069.7201102778463,2069.729442876004,56.9,0.8057,102.8,0.8040092159712255,long_ientry_partial,82.65214740184199,0.03993397319348,3.0
1678524240000.0,679736,1678524240000.0,0.22198481378408635,-0.0055438200000000005,2069.9365512716304,2070.7316790560044,-34.2,0.8105,68.6,0.8040092159712255,long_nclose,55.155032215626065,0.026645759833431853,15.0
1678524720000.0,679744,1678524720000.0,0.14798987585605758,-0.0036958800000000003,2070.0808452674864,2070.3918631760043,-22.8,0.8105,45.8,0.8040092159712255,long_nclose,36.82362209148213,0.0177884946743343,8.0
1678525020000.0,679749,1678525020000.0,0.0,-0.009195472,2070.0716497954863,2070.2165677040043,57.2,0.8038,103.0,0.8038930300143896,long_ientry_partial,82.80098209148213,0.039999089934719165,5.0
1678525980000.0,679765,1678525980000.0,0.22318907050643672,-0.005559344,2070.2892795219927,2070.7912683600043,-34.3,0.8104,68.7,0.8038930300143896,long_nclose,55.22745116198857,0.026676200136987613,16.0
1678526280000.0,679770,1678526280000.0,0.14900961267047816,-0.0037116319999999994,2070.434577502663,2070.824196728004,-22.9,0.8104,45.8,0.8038930300143896,long_nclose,36.81830077465904,0.01778288537813588,5.0
1678526940000.0,679781,1678526940000.0,0.09890594378127808,-0.002463616,2070.531019830444,2070.6689331120037,-15.2,0.8104,30.6,0.8038930300143896,long_nclose,24.599126718440324,0.01188058835286358,11.0
1678527360000.0,679788,1678527360000.0,0.0,-0.01166256,2070.5193572704443,2070.255050552004,72.8,0.801,103.4,0.8018561578185717,long_ientry_partial,82.91192671844031,0.04004402394370401,7.0
1678536480000.0,679940,1678536480000.0,0.22166817104113523,-0.005561104,2070.735464337485,2071.2628894480035,-34.4,0.8083,69.0,0.8018561578185717,long_nclose,55.32807488948144,0.026719045403118744,152.0
1678537380000.0,679955,1678537380000.0,0.14820837017285204,-0.0037181800000000006,2070.8799545276584,2071.1717712680042,-23.0,0.8083,46.0,0.8018561578185717,long_nclose,36.8853832596543,0.017811454101436502,15.0
1678537440000.0,679956,1678537440000.0,0.09859078537585375,-0.0024733980000000003,2070.9760719150345,2071.2721378700044,-15.3,0.8083,30.7,0.8018561578185717,long_nclose,24.61698404503015,0.011886657880246192,1.0
1678537500000.0,679957,1678537500000.0,0.2087507853758535,-0.0024954300000000003,2071.18232727041,2071.361642440004,-15.3,0.8155,15.4,0.8018561578185717,long_nclose,12.348584830406004,0.005962094533068017,1.0
1678537920000.0,679964,1678537920000.0,0.032863595125284584,-0.000824466,2071.2143663995357,2071.2786779740045,-5.1,0.8083,10.3,0.8018561578185717,long_nclose,8.25911842553129,0.003987572971448823,7.0
1678537980000.0,679965,1678537980000.0,0.02190906341685639,-0.000549644,2071.2357258189527,2071.3029583300045,-3.4,0.8083,6.9,0.8018561578185717,long_nclose,5.532807488948145,0.0026712592004758465,1.0
1678538100000.0,679967,1678538100000.0,0.014820837017285203,-0.000371818,2071.25017483797,2071.2761365120045,-2.3,0.8083,4.6,0.8018561578185717,long_nclose,3.688538325965429,0.0017808270438668648,2.0
1678540800000.0,680012,1678540800000.0,0.009665763272142525,-0.00024249000000000002,2071.259598111242,2071.2777140220046,-1.5,0.8083,3.1,0.8018561578185717,long_nclose,2.4857540892375725,0.0012001171130380291,45.0
1678546920000.0,680114,1678546920000.0,0.0,-0.016086928,2071.2435111832424,2071.2491570940047,102.7,0.7832,105.8,0.7837466360041359,long_ientry_partial,82.92039408923758,0.04003411170223414,102.0
1678549800000.0,680162,1678549800000.0,0.0,-0.01657012,2071.2269410632425,2069.245436974005,108.5,0.7636,214.3,0.7735464026562648,long_rentry,165.77099408923758,0.08003516698374963,48.0
1678555140000.0,680251,1678555140000.0,0.4465068503426938,-0.011135544000000002,2071.6623123695854,2072.4702114300053,-71.4,0.7798,142.9,0.7735464026562648,long_nclose,110.53978093958025,0.05335801123550097,89.0
1678555320000.0,680254,1678555320000.0,0.29767123356179587,-0.007423696000000001,2071.952559907147,2072.586647734005,-47.6,0.7798,95.3,0.7735464026562648,long_nclose,73.71897217314203,0.03557946914404531,3.0
1678555440000.0,680256,1678555440000.0,0.19823903579640603,-0.004943932000000001,2072.1458550109437,2072.632623802005,-31.7,0.7798,63.6,0.7735464026562648,long_nclose,49.19755120893844,0.02374232059483989,2.0
1678555560000.0,680258,1678555560000.0,0.13257626368718636,-0.0033063520000000007,2072.2751249226308,2072.5572374500052,-21.2,0.7798,42.4,0.7735464026562648,long_nclose,32.79836747262563,0.015827226355308477,2.0
1678555680000.0,680260,1678555680000.0,0.0881757225466664,-0.0021990360000000006,2072.3611016091772,2072.543738414005,-14.1,0.7798,28.3,0.7735464026562648,long_nclose,21.891363195172296,0.010563488755976827,2.0
1678556580000.0,680275,1678556580000.0,0.05878381503111094,-0.0014660240000000002,2072.418419400208,2072.593312390005,-9.4,0.7798,18.9,0.7735464026562648,long_nclose,14.620027010203405,0.007054572992279561,15.0
1678556760000.0,680278,1678556760000.0,0.124583815031111,-0.0014791840000000004,2072.5415240312395,2072.6721832060052,-9.4,0.7868,9.5,0.7735464026562648,long_nclose,7.348690825234516,0.0035457387656778008,3.0
1678556880000.0,680280,1678556880000.0,0.0622919075155555,-0.0007395920000000002,2072.6030763467547,2072.6628536140047,-4.7,0.7868,4.8,0.7735464026562648,long_nclose,3.713022732750071,0.00179147796079449,2.0
1678557000000.0,680282,1678557000000.0,0.03180863362496451,-0.000377664,2072.6345073163798,2072.6643959500047,-2.4,0.7868,2.4,0.7735464026562648,long_nclose,1.8565113663750354,0.0008957253967458171,2.0
1678557060000.0,680283,1678557060000.0,0.015904316812482253,-0.000188832,2072.6502228011923,2072.666367118005,-1.2,0.7868,1.2,0.7735464026562648,long_nclose,0.9282556831875177,0.0004478593025372982,1.0
1678557660000.0,680293,1678557660000.0,0.007952158406241127,-9.4416e-05,2072.6580805435983,2072.6646527020043,-0.6,0.7868,0.6,0.7735464026562648,long_nclose,0.46412784159375886,0.0002239288023194021,10.0
1678558140000.0,680301,1678558140000.0,0.0012507194687470414,-3.1192e-05,2072.6593000710673,2072.662521510005,-0.2,0.7798,0.4,0.7735464026562648,long_nclose,0.309418561062506,0.00014928578037494953,8.0
1678558620000.0,680309,1678558620000.0,0.0006253597343735207,-1.5596e-05,2072.6599098348015,2072.662265914005,-0.1,0.7798,0.3,0.7735464026562648,long_nclose,0.23206392079687943,0.00011196430234199675,8.0
1678559640000.0,680326,1678559640000.0,0.0006253597343735207,-1.5596e-05,2072.6605195985358,2072.6616303180044,-0.1,0.7798,0.2,0.7735464026562648,long_nclose,0.154709280531253,7.464284626853384e-05,17.0
1678559760000.0,680328,1678559760000.0,0.0006253597343735207,-1.5596e-05,2072.66112936227,2072.6618247220044,-0.1,0.7798,0.1,0.7735464026562648,long_nclose,0.0773546402656265,3.732141215454138e-05,2.0
1678560060000.0,680333,1678560060000.0,0.0006253597343735207,-1.5596e-05,2072.6617391260042,2072.6617391260042,-0.1,0.7798,0.0,0.7735464026562648,long_nclose,0.0,0.0,5.0
1678891320000.0,685854,1678891320000.0,0.0,-0.01656982,2072.6451693060044,2072.3698293060042,70.6,1.1735,70.6,1.1735,long_ientry_normal,82.84909999999999,0.03997264038578337,5521.0
1678891500000.0,685857,1678891500000.0,0.22090000000000176,-0.00555963,2072.8605096760043,2073.2420196760045,-23.5,1.1829,47.1,1.1735,long_nclose,55.27185,0.026664529398863986,3.0
1678891560000.0,685858,1678891560000.0,0.14758000000000118,-0.003714306,2073.0043753700043,2073.1833553700044,-15.7,1.1829,31.4,1.1735,long_nclose,36.847899999999996,0.017775119260625354,1.0
1678891620000.0,685859,1678891620000.0,0.09776000000000078,-0.0024604320000000002,2073.0996749380042,2073.332774938004,-10.4,1.1829,21.0,1.1735,long_nclose,24.6435,0.01188727213549776,1.0
1678891740000.0,685861,1678891740000.0,0.2100000000000002,-0.00250635,2073.307168588004,2073.485668588004,-10.5,1.1935,10.5,1.1735,long_nclose,12.32175,0.005943041237054879,2.0
1678891860000.0,685863,1678891860000.0,0.03290000000000026,-0.0008280300000000001,2073.3392405580043,2073.3994405580042,-3.5,1.1829,7.0,1.1735,long_nclose,8.2145,0.003961966203750239,2.0
1678891920000.0,685864,1678891920000.0,0.02162000000000017,-0.000544134,2073.3603164240044,2073.409666424004,-2.3,1.1829,4.7,1.1735,long_nclose,5.51545,0.002660150267326755,1.0
1678892040000.0,685866,1678892040000.0,0.046000000000000034,-0.0005490100000000001,2073.405767414004,2073.453767414004,-2.3,1.1935,2.4,1.1735,long_nclose,2.8164,0.0013583448277529747,2.0
1678892100000.0,685867,1678892100000.0,0.02400000000000002,-0.00028644,2073.429480974004,2073.448800974004,-1.2,1.1935,1.2,1.1735,long_nclose,1.4082,0.000679164646264454,1.0
1678892280000.0,685870,1678892280000.0,0.01200000000000001,-0.00014322,2073.441337754004,2073.453217754004,-0.6,1.1935,0.6,1.1735,long_nclose,0.7041,0.0003395803812625324,3.0
1678892340000.0,685871,1678892340000.0,0.006000000000000005,-7.161e-05,2073.447266144004,2073.454286144004,-0.3,1.1935,0.3,1.1735,long_nclose,0.35205,0.0001697897051680067,1.0
1678892820000.0,685879,1678892820000.0,0.0020000000000000018,-2.3870000000000004e-05,2073.449242274004,2073.453962274004,-0.1,1.1935,0.2,1.1735,long_nclose,0.23470000000000002,0.00011319302889835808,8.0
1678893000000.0,685882,1678893000000.0,0.0020000000000000018,-2.3870000000000004e-05,2073.451218404004,2073.453698404004,-0.1,1.1935,0.1,1.1735,long_nclose,0.11735000000000001,5.6596460509125324e-05,3.0
1678893060000.0,685883,1678893060000.0,0.0030599999999999963,-2.4082e-05,2073.454254322004,2073.454254322004,-0.1,1.2041,0.0,1.1735,long_nclose,0.0,0.0,1.0
1678894200000.0,685902,1678894200000.0,0.0,-0.01657915,2073.437675172004,2072.546855172004,70.7,1.1725,70.7,1.1725,long_ientry_normal,82.89575,0.03997986097803654,19.0
1678894320000.0,685904,1678894320000.0,0.0,-0.016587648,2073.421087524004,2070.089297524004,72.6,1.1424,143.3,1.157250453593859,long_rentry,165.83399,0.07998085434639438,2.0
1678894500000.0,685907,1678894500000.0,0.0,-0.016616452,2073.404471072004,2067.765021072004,74.3,1.1182,217.6,1.1439165900735295,long_rentry,248.91625000000002,0.12005195005261267,3.0
1678894740000.0,685911,1678894740000.0,0.0,-0.024747680000000005,2073.379723392004,2059.615023392004,112.9,1.096,330.5,1.1275481089258699,long_rentry,372.65465,0.17973294799581868,4.0
1678895640000.0,685926,1678895640000.0,0.0,-0.036566476,2073.343156916004,2052.7811469160038,171.4,1.0667,501.9,1.106768340306834,long_rentry,555.48703,0.2679185199744068,15.0
1678902720000.0,686044,1678902720000.0,1.4942666666666542,-0.037331322,2074.8000922606707,2077.721705594004,-167.3,1.1157,334.6,1.106768340306834,long_nclose,370.3246866666667,0.17848692413694978,118.0
1678902780000.0,686045,1678902780000.0,0.9958800557879972,-0.02488011,2075.7710922064584,2078.4553554840036,-111.5,1.1157,223.1,1.106768340306834,long_nclose,246.92001672245468,0.11895339406619684,1.0
1678903020000.0,686049,1678903020000.0,2.099730055787999,-0.02510088,2077.845721382246,2079.9696546040036,-111.5,1.1256,111.6,1.106768340306834,long_nclose,123.51534677824267,0.059443944998994684,4.0
1678903200000.0,686052,1678903200000.0,1.050806610878658,-0.012561695999999999,2078.883966297125,2080.3588529080034,-55.8,1.1256,55.8,1.106768340306834,long_nclose,61.75767338912134,0.029707128627829635,3.0
1678903200000.0,686052,1678903200000.0,1.6088066108786585,-0.012673296,2080.480099612004,2080.480099612004,-55.8,1.1356,0.0,1.106768340306834,long_nclose,0.0,0.0,0.0
1678903740000.0,686061,1678903740000.0,0.0,-0.016653252,2080.4634463600037,2079.9180663600036,73.7,1.1298,73.7,1.1298,long_ientry_normal,83.26626,0.040022938228346835,9.0
1678904880000.0,686080,1678904880000.0,0.22295000000000265,-0.005580610000000001,2080.6808157500036,2081.1137757500037,-24.5,1.1389,49.2,1.1298,long_nclose,55.58616,0.026715371035880568,19.0
1678904940000.0,686081,1678904940000.0,0.14924000000000176,-0.003735592,2080.826320158004,2081.062480158004,-16.4,1.1389,32.8,1.1298,long_nclose,37.05743999999999,0.017809001953217364,1.0
1678905000000.0,686082,1678905000000.0,0.09919000000000118,-0.0024828020000000005,2080.923027356004,2081.2865673560036,-10.9,1.1389,21.9,1.1298,long_nclose,24.742619999999995,0.011890213945797734,1.0
1678905060000.0,686083,1678905060000.0,0.21037000000000103,-0.0025050380000000002,2081.1308923180036,2081.3651923180037,-10.9,1.1491,11.0,1.1298,long_nclose,12.4278,0.00597165706677761,1.0
1678905720000.0,686094,1678905720000.0,0.03276000000000039,-0.000820008,2081.1628323100035,2081.2457123100035,-3.6,1.1389,7.4,1.1298,long_nclose,8.36052,0.004017234918000228,11.0
1678905960000.0,686098,1678905960000.0,0.02184000000000026,-0.000546672,2081.1841256380035,2081.2236256380033,-2.4,1.1389,5.0,1.1298,long_nclose,5.648999999999999,0.0027143201461179,4.0
1678906020000.0,686099,1678906020000.0,0.014560000000000173,-0.000364448,2081.1983211900038,2081.2245011900036,-1.6,1.1389,3.4,1.1298,long_nclose,3.8413199999999996,0.0018457251098509342,1.0
1678906380000.0,686105,1678906380000.0,0.01001000000000012,-0.000250558,2081.2080806320037,2081.2292406320034,-1.1,1.1389,2.3,1.1298,long_nclose,2.5985399999999994,0.001248572895801412,6.0
1678906800000.0,686112,1678906800000.0,0.021230000000000106,-0.00025280200000000005,2081.2290578300035,2081.2582178300036,-1.1,1.1491,1.2,1.1298,long_nclose,1.3557599999999999,0.0006514227710301071,7.0
1678907160000.0,686118,1678907160000.0,0.0036400000000000434,-9.1112e-05,2081.2326067180034,2081.2442867180034,-0.4,1.1389,0.8,1.1298,long_nclose,0.90384,0.00043428110682222545,6.0
1678907520000.0,686124,1678907520000.0,0.0077200000000000385,-9.192800000000002e-05,2081.2402347900033,2081.248234790003,-0.4,1.1491,0.4,1.1298,long_nclose,0.45192,0.00021713975755691586,6.0
1678907940000.0,686131,1678907940000.0,0.0038600000000000192,-4.596400000000001e-05,2081.244048826003,2081.247368826003,-0.2,1.1491,0.2,1.1298,long_nclose,0.22596,0.00010856967981600257,7.0
1678908000000.0,686132,1678908000000.0,0.0019300000000000096,-2.2982000000000005e-05,2081.245955844003,2081.2478758440034,-0.1,1.1491,0.1,1.1298,long_nclose,0.11298,5.4284790167524176e-05,1.0
1678908060000.0,686133,1678908060000.0,0.0019300000000000096,-2.2982000000000005e-05,2081.2478628620033,2081.2478628620033,-0.1,1.1491,0.0,1.1298,long_nclose,0.0,0.0,1.0
1678927380000.0,686455,1678927380000.0,0.0,-0.016655103999999997,2081.231207758003,2081.2750677580034,73.1,1.1392,73.1,1.1392,long_ientry_normal,83.27551999999999,0.040012623148058674,322.0
1678927980000.0,686465,1678927980000.0,0.22356000000000237,-0.005581224000000001,2081.4491865340033,2081.942066534003,-24.3,1.1484,48.8,1.1392,long_nclose,55.59296,0.026708775962276807,10.0
1678928280000.0,686470,1678928280000.0,0.0,-0.005553928,2081.443632606003,2081.265512606003,24.4,1.1381,73.2,1.1388333333333334,long_ientry_partial,83.3626,0.04005037594778802,5.0
1678928460000.0,686473,1678928460000.0,0.22366666666666368,-0.00560224,2081.66169703267,2082.3188703660035,-24.4,1.148,48.8,1.1388333333333334,long_nclose,55.575066666666665,0.02669745364767331,3.0
1678928640000.0,686476,1678928640000.0,0.4749866666666685,-0.005652504000000001,2082.1310311953366,2082.5913778620034,-24.4,1.1583,24.4,1.1388333333333334,long_nclose,27.787533333333332,0.013345717880867808,3.0
1678928700000.0,686477,1678928700000.0,0.23749333333333425,-0.0028262520000000005,2082.36569827667,2082.6263716100034,-12.2,1.1583,12.2,1.1388333333333334,long_nclose,13.893766666666666,0.006672106959005763,1.0
1678928820000.0,686479,1678928820000.0,0.11874666666666713,-0.0014131260000000002,2082.4830318173367,2082.6042184840035,-6.1,1.1583,6.1,1.1388333333333334,long_nclose,6.946883333333333,0.0033358655159225676,2.0
1678929480000.0,686490,1678929480000.0,0.01833333333333309,-0.0004592,2082.50090595067,2082.5331592840034,-2.0,1.148,4.1,1.1388333333333334,long_nclose,4.669216666666666,0.002242119872949179,11.0
1678929600000.0,686492,1678929600000.0,0.01191666666666651,-0.00029848,2082.512524137337,2082.5507908040036,-1.3,1.148,2.8,1.1388333333333334,long_nclose,3.1887333333333334,0.001531195273197331,2.0
1678929720000.0,686494,1678929720000.0,0.02725333333333344,-0.000324324,2082.5394531466704,2082.570906480004,-1.4,1.1583,1.4,1.1388333333333334,long_nclose,1.5943666666666667,0.000765587736768979,2.0
1678931220000.0,686519,1678931220000.0,0.0036666666666666185,-9.184e-05,2082.543027973337,2082.5553946400037,-0.4,1.148,1.0,1.1388333333333334,long_nclose,1.1388333333333334,0.000546847444703992,25.0
1678931340000.0,686521,1678931340000.0,0.0027499999999999634,-6.888e-05,2082.545709093337,2082.5515657600035,-0.3,1.148,0.7,1.1388333333333334,long_nclose,0.7971833333333334,0.00038279271847550345,2.0
1678931400000.0,686522,1678931400000.0,0.0018333333333333092,-4.592e-05,2082.54749650667,2082.5515298400032,-0.2,1.148,0.5,1.1388333333333334,long_nclose,0.5694166666666667,0.0002734231356652484,1.0
1678931460000.0,686523,1678931460000.0,0.0009166666666666546,-2.296e-05,2082.548390213337,2082.5532168800037,-0.1,1.148,0.4,1.1388333333333334,long_nclose,0.45553333333333335,0.00021873841466256078,1.0
1678932180000.0,686535,1678932180000.0,0.0009166666666666546,-2.296e-05,2082.5492839200037,2082.552123920004,-0.1,1.148,0.3,1.1388333333333334,long_nclose,0.34165,0.00016405374059475257,12.0
1678932360000.0,686538,1678932360000.0,0.0009166666666666546,-2.296e-05,2082.5501776266706,2082.5520509600037,-0.1,1.148,0.2,1.1388333333333334,long_nclose,0.22776666666666667,0.00010936911346176332,3.0
1678932540000.0,686541,1678932540000.0,0.0019466666666666744,-2.3166000000000005e-05,2082.552101127337,2082.554067794004,-0.1,1.1583,0.1,1.1388333333333334,long_nclose,0.11388333333333334,5.4684506222766505e-05,3.0
1678932780000.0,686545,1678932780000.0,0.002966666666666673,-2.337e-05,2082.555044424004,2082.555044424004,-0.1,1.1685,0.0,1.1388333333333334,long_nclose,0.0,0.0,4.0
1678986720000.0,687444,1678986720000.0,0.0,-0.01665072,2082.5383937040037,2082.653593704004,72.0,1.1563,72.0,1.1563,long_ientry_normal,83.2536,0.03997698205790344,899.0
1678987140000.0,687451,1678987140000.0,0.22319999999999673,-0.00559488,2082.7559988240037,2083.1255988240036,-24.0,1.1656,48.0,1.1563,long_nclose,55.50240000000001,0.026648536857576496,7.0
1678987200000.0,687452,1678987200000.0,0.14879999999999782,-0.0037299200000000003,2082.9010689040038,2083.125068904004,-16.0,1.1656,32.0,1.1563,long_nclose,37.0016,0.017764453891931497,1.0
1678987260000.0,687453,1678987260000.0,0.09857999999999856,-0.002471072,2082.9971778320037,2083.1961978320037,-10.6,1.1656,21.4,1.1563,long_nclose,24.74482,0.011879430401223377,1.0
1678987320000.0,687454,1678987320000.0,0.06602999999999903,-0.001655152,2083.061552680004,2083.190252680004,-7.1,1.1656,14.3,1.1563,long_nclose,16.535090000000004,0.007937878733696783,1.0
1678987380000.0,687455,1678987380000.0,0.04370999999999936,-0.001095664,2083.104167016004,2083.184807016004,-4.7,1.1656,9.6,1.1563,long_nclose,11.100480000000001,0.005328816568929037,1.0
1678987440000.0,687456,1678987440000.0,0.029759999999999565,-0.000745984,2083.133181032004,2083.202301032004,-3.2,1.1656,6.4,1.1563,long_nclose,7.400320000000001,0.003552494899214179,1.0
1678987620000.0,687459,1678987620000.0,0.019529999999999714,-0.0004895520000000001,2083.152221480004,2083.1926414800037,-2.1,1.1656,4.3,1.1563,long_nclose,4.972090000000001,0.0023868106942600245,3.0
1678988640000.0,687476,1678988640000.0,0.01301999999999981,-0.000326368,2083.1649151120037,2083.1918851120035,-1.4,1.1656,2.9,1.1563,long_nclose,3.35327,0.0016096997293273383,17.0
1678988700000.0,687477,1678988700000.0,0.008369999999999878,-0.000209808,2083.1730753040038,2083.1826753040036,-0.9,1.1656,2.0,1.1563,long_nclose,2.3126,0.0011101333957393414,1.0
1678989660000.0,687493,1678989660000.0,0.0,-0.016209774,2083.156865530004,2083.272975530004,70.3,1.1529,72.3,1.1529940525587827,long_ientry_partial,83.36146999999998,0.04001689521292525,16.0
1678990740000.0,687511,1678990740000.0,0.2242733333333388,-0.0056022860000000015,2083.3755365773372,2083.833723244004,-24.1,1.1623,48.2,1.1529940525587827,long_nclose,55.57431333333333,0.02667513002702974,18.0
1678990980000.0,687515,1678990980000.0,0.14889515905947803,-0.0037193600000000005,2083.5207123763967,2083.862223884004,-16.0,1.1623,32.2,1.1529940525587827,long_nclose,37.126408492392805,0.017819073394306516,4.0
1678992000000.0,687532,1678992000000.0,0.3172657538035992,-0.0037760940000000007,2083.8342020362,2084.1514677900036,-16.1,1.1727,16.1,1.1529940525587827,long_nclose,18.563204246196403,0.008908196356532363,17.0
1678992060000.0,687533,1678992060000.0,0.15764757952973874,-0.0018763200000000001,2083.9899732957297,2084.1520214700035,-8.0,1.1727,8.1,1.1529940525587827,long_nclose,9.339251825726139,0.004481428387563958,1.0
1678992180000.0,687535,1678992180000.0,0.07882378976486937,-0.0009381600000000001,2084.067858925495,2084.151113310004,-4.0,1.1727,4.1,1.1529940525587827,long_nclose,4.727275615491009,0.002268292558347069,2.0
1678993020000.0,687549,1678993020000.0,0.039411894882434684,-0.00046908000000000003,2084.1068017403773,2084.1509142300038,-2.0,1.1727,2.1,1.1529940525587827,long_nclose,2.421287510373444,0.0011617866744408189,14.0
1678993380000.0,687555,1678993380000.0,0.06301248962655637,-0.00049686,2084.1693173700037,2084.1693173700037,-2.1,1.183,0.0,1.1529940525587827,long_nclose,0.0,0.0,6.0
1679157060000.0,690283,1679157060000.0,0.0,-0.016665480000000003,2084.1526518900037,2084.2989018900034,58.5,1.4244,58.5,1.4244,long_ientry_normal,83.32740000000001,0.039981428387424,2728.0
1679157120000.0,690284,1679157120000.0,0.22424999999999695,-0.00560001,2084.371301880004,2085.003101880004,-19.5,1.4359,39.0,1.4244,long_nclose,55.55160000000001,0.026651489564213007,1.0
1679157120000.0,690284,1679157120000.0,0.47384999999999977,-0.005649930000000001,2084.839501950004,2085.155401950004,-19.5,1.4487,19.5,1.4244,long_nclose,27.775800000000004,0.013322752170620608,0.0
1679157180000.0,690285,1679157180000.0,0.23570999999999986,-0.002810478,2085.072401472004,2085.321321472004,-9.7,1.4487,9.8,1.4244,long_nclose,13.959120000000002,0.006694789106673344,1.0
1679157420000.0,690289,1679157420000.0,0.3635799999999991,-0.0028645400000000005,2085.4331169320044,2085.4331169320044,-9.8,1.4615,0.0,1.4244,long_nclose,0.0,0.0,4.0
1679160480000.0,690340,1679160480000.0,0.0,-0.016670864,2085.4164460680045,2085.2295660680043,58.4,1.4273,58.4,1.4273,long_ientry_normal,83.35432,0.0399701077246045,51.0
1679160780000.0,690345,1679160780000.0,0.22310000000000127,-0.005582544,2085.6339635240047,2086.074663524005,-19.4,1.4388,39.0,1.4273,long_nclose,55.6647,0.026689582627406866,5.0
1679160840000.0,690346,1679160840000.0,0.14950000000000085,-0.0037408800000000002,2085.779722644005,2086.159322644005,-13.0,1.4388,26.0,1.4273,long_nclose,37.1098,0.017791811665020103,1.0
1679161020000.0,690349,1679161020000.0,0.09890000000000056,-0.002474736,2085.876147908005,2086.178907908005,-8.6,1.4388,17.4,1.4273,long_nclose,24.835019999999997,0.011906277381285494,3.0
1679161080000.0,690350,1679161080000.0,0.21140999999999988,-0.002525784,2086.0850321240046,2086.3390721240044,-8.7,1.4516,8.7,1.4273,long_nclose,12.417509999999998,0.005952542589961815,1.0
1679161140000.0,690351,1679161140000.0,0.3236399999999991,-0.0025482299999999994,2086.406123894005,2086.406123894005,-8.7,1.4645,0.0,1.4273,long_nclose,0.0,0.0,1.0
1679209740000.0,691161,1679209740000.0,0.0,-0.016700732,2086.3894231620047,2086.106203162005,57.8,1.4447,57.8,1.4447,long_ientry_normal,83.50366,0.04002304606847888,810.0
1679210040000.0,691166,1679210040000.0,0.22271999999999678,-0.005592191999999999,2086.6065509700047,2087.239590970005,-19.2,1.4563,38.6,1.4447,long_nclose,55.765420000000006,0.02672541211666197,5.0
1679210280000.0,691170,1679210280000.0,0.14847999999999786,-0.0037281280000000003,2086.7513028420044,2087.089282842004,-12.8,1.4563,25.8,1.4447,long_nclose,37.27326,0.01786186017913899,4.0
1679213220000.0,691219,1679213220000.0,0.0,-0.009270380000000002,2086.7420324620043,2086.3932724620045,32.2,1.4395,58.0,1.441813103448276,long_ientry_partial,83.62516000000001,0.040074507868773986,49.0
1679214060000.0,691233,1679214060000.0,0.22362710344827452,-0.005610124000000001,2086.960049441452,2087.551652338004,-19.3,1.4534,38.7,1.441813103448276,long_nclose,55.798167103448286,0.026736576542699963,14.0
1679214360000.0,691238,1679214360000.0,0.14947096551724048,-0.003749772,2087.1057706349693,2087.4253525660038,-12.9,1.4534,25.8,1.441813103448276,long_nclose,37.198778068965524,0.01782313986782202,5.0
1679214660000.0,691243,1679214660000.0,0.09964731034482699,-0.0024998480000000003,2087.202918097314,2087.3832927180038,-8.6,1.4534,17.2,1.441813103448276,long_nclose,24.799185379310345,0.011881540201140186,5.0
1679214720000.0,691244,1679214720000.0,0.06604531034482719,-0.0016568760000000003,2087.2673065316585,2087.4247058420033,-5.7,1.4534,11.5,1.441813103448276,long_nclose,16.580850689655172,0.007943807981741931,1.0
1679215500000.0,691257,1679215500000.0,0.0,-0.013399164000000002,2087.2539073676585,2087.2757166780034,46.7,1.4346,58.2,1.4360252695817042,long_ientry_partial,83.57667068965519,0.040041448907889673,13.0
1679216460000.0,691273,1679216460000.0,0.2245497701149389,-0.005616688,2087.4728404497737,2087.8598599900038,-19.4,1.4476,38.8,1.4360252695817042,long_nclose,55.71778045977012,0.026691499587494026,16.0
1679217300000.0,691287,1679217300000.0,0.14931402239601607,-0.0037348080000000005,2087.61841966417,2087.8456851820038,-12.9,1.4476,25.9,1.4360252695817042,long_nclose,37.19305448216613,0.01781602142030788,14.0
1679217600000.0,691292,1679217600000.0,0.09954268159734404,-0.0024898719999999997,2087.7154724737675,2087.898415310004,-8.6,1.4476,17.3,1.4360252695817042,long_nclose,24.843237163763483,0.011899723641136948,5.0
1679217720000.0,691294,1679217720000.0,0.0,-0.011755422000000001,2087.7037170517674,2087.4493698880037,41.1,1.4301,58.4,1.4318552596534846,long_ientry_partial,83.6203471637635,0.040053742530981,2.0
1679218860000.0,691313,1679218860000.0,0.22396796272239924,-0.005600392,2087.92208462249,2088.313829496004,-19.4,1.4434,39.0,1.4318552596534846,long_nclose,55.8423551264859,0.026745420979912938,19.0
1679218920000.0,691314,1679218920000.0,0.15008162450470053,-0.00375284,2088.0684134069948,2088.337376656004,-13.0,1.4434,26.0,1.4318552596534846,long_nclose,37.2282367509906,0.01782903113325065,1.0
1679221680000.0,691360,1679221680000.0,0.09928476698003265,-0.002482648,2088.165215525975,2088.3695740080043,-8.6,1.4434,17.4,1.4318552596534846,long_nclose,24.91428151797063,0.011931183094482841,46.0
1679221800000.0,691362,1679221800000.0,0.06695949400978947,-0.0016743440000000001,2088.230500675985,2088.3191796640044,-5.8,1.4434,11.6,1.4318552596534846,long_nclose,16.60952101198042,0.007953873390223791,2.0
1679223780000.0,691395,1679223780000.0,0.0,-0.013399136000000002,2088.217101539985,2088.0843805280047,47.2,1.4194,58.8,1.4218571600676944,long_ientry_partial,83.60520101198043,0.04003664223912571,33.0
1679224440000.0,691406,1679224440000.0,0.22427966267319094,-0.005618536,2088.4357626666583,2088.9000019920045,-19.6,1.4333,39.2,1.4218571600676944,long_nclose,55.73680067465362,0.026688300244143034,11.0
1679224560000.0,691408,1679224560000.0,0.14875691911997357,-0.00372658,2088.580793005778,2088.9487154120047,-13.0,1.4333,26.2,1.4218571600676944,long_nclose,37.25265759377359,0.01783634979241645,2.0
1679224800000.0,691412,1679224800000.0,0.09955270741105923,-0.002493942,2088.677851771189,2088.9411014700045,-8.7,1.4333,17.5,1.4218571600676944,long_nclose,24.882500301184653,0.011913038805905088,4.0
1679225940000.0,691431,1679225940000.0,0.21091270741105855,-0.0025162139999999997,2088.8862482646,2089.1119052560043,-8.7,1.4461,8.8,1.4218571600676944,long_nclose,12.512343008595712,0.005989959012363975,19.0
1679226060000.0,691433,1679226060000.0,0.10666849570214457,-0.0012725680000000002,2088.9916441923024,2089.1013926880046,-4.4,1.4461,4.4,1.4218571600676944,long_nclose,6.256171504297856,0.002994828400434685,2.0
1679226180000.0,691435,1679226180000.0,0.05333424785107228,-0.0006362840000000001,2089.0443421561536,2089.0970164040045,-2.2,1.4461,2.2,1.4218571600676944,long_nclose,3.128085752148928,0.0014973764266393477,2.0
1679226240000.0,691436,1679226240000.0,0.02666712392553614,-0.00031814200000000004,2089.070691138079,2089.0984582620044,-1.1,1.4461,1.1,1.4218571600676944,long_nclose,1.564042876074464,0.0007486787702824974,1.0
1679226420000.0,691439,1679226420000.0,0.040747123925536304,-0.00032095800000000004,2089.1111173040044,2089.1111173040044,-1.1,1.4589,0.0,1.4218571600676944,long_nclose,0.0,0.0,3.0
1679282460000.0,692373,1679282460000.0,0.0,-0.016718046,2089.0943992580046,2088.5675092580045,57.9,1.4437,57.9,1.4437,long_ientry_normal,83.59022999999999,0.04001266291733356,934.0
1679283060000.0,692383,1679283060000.0,0.0,-0.016711596000000002,2089.077687662005,2087.158257662005,59.4,1.4067,117.3,1.4249634271099745,long_rentry,167.14821,0.08001052856347542,10.0
1679284020000.0,692399,1679284020000.0,0.44716999999999396,-0.011232648,2089.513625014005,2090.423605014005,-39.1,1.4364,78.2,1.4249634271099745,long_nclose,111.43214,0.05332922392370288,16.0
1679284320000.0,692404,1679284320000.0,0.29735089514066093,-0.007469279999999999,2089.803506629146,2088.636135734005,-26.0,1.4364,52.2,1.4249634271099745,long_nclose,74.38309089514067,0.03559334198607056,5.0
1679284380000.0,692405,1679284380000.0,0.0,-0.016731988000000003,2089.7867746411457,2087.507663746005,60.2,1.3897,112.4,1.4060767873233155,long_rentry,158.04303089514067,0.07562639060259127,1.0
1679285460000.0,692423,1679285460000.0,0.4234881541079987,-0.010602152,2090.1996606432535,2091.2139015940047,-37.4,1.4174,75.0,1.4060767873233155,long_nclose,105.45575904924867,0.05045248118392428,18.0
1679285760000.0,692428,1679285760000.0,0.28308031691711144,-0.007087,2090.475653960171,2090.921814594005,-25.0,1.4174,50.0,1.4060767873233155,long_nclose,70.30383936616578,0.03363054682458658,5.0
1679285820000.0,692429,1679285820000.0,0.187965330432962,-0.004705768000000001,2090.658913522604,2090.997028826005,-16.6,1.4174,33.4,1.4060767873233155,long_nclose,46.96296469659874,0.022463236060572718,1.0
1679285880000.0,692430,1679285880000.0,0.0,-0.0072509440000000005,2090.651662578604,2090.848177882005,25.6,1.4162,59.0,1.4104692321457413,long_ientry_partial,83.21768469659874,0.03980466291259553,1.0
1679287740000.0,692461,1679287740000.0,0.2220830499434702,-0.005573456,2090.8681721725475,2091.2555044260052,-19.6,1.4218,39.4,1.4104692321457413,long_nclose,55.5724877465422,0.026578666453561627,31.0
1679287800000.0,692462,1679287800000.0,0.0,-0.0055391699999999995,2090.8626330025477,2091.0438152560055,19.5,1.4203,58.9,1.413723900620411,long_ientry_partial,83.2683377465422,0.03982487248670474,1.0
1679289000000.0,692482,1679289000000.0,0.2229715478399455,-0.005586392000000001,2091.0800181583872,2091.5310288640053,-19.6,1.4251,39.3,1.413723900620411,long_nclose,55.559349294382145,0.02656969069185273,20.0
1679289360000.0,692488,1679289360000.0,0.0,-0.00555165,2091.074466508387,2091.476307214005,19.5,1.4235,58.8,1.4169659743942544,long_ientry_partial,83.31759929438216,0.03984439608863063,6.0
1679292120000.0,692534,1679292120000.0,0.2241069018726112,-0.005599328,2091.29297408226,2091.7921478860053,-19.6,1.4284,39.2,1.4169659743942544,long_nclose,55.54506619625478,0.0265601553128299,46.0
1679292360000.0,692538,1679292360000.0,0.14864233287469109,-0.00371384,2091.437902575135,2091.7689140460056,-13.0,1.4284,26.2,1.4169659743942544,long_nclose,37.124508529129464,0.01775071040044698,4.0
1679294640000.0,692576,1679294640000.0,0.0,-0.009346778000000002,2091.4285557971352,2091.3373372680057,33.1,1.4119,59.3,1.414138255128659,long_ientry_partial,83.85839852912947,0.04009622910459275,38.0
1679295120000.0,692584,1679295120000.0,0.22382637396541782,-0.00561647,2091.646765701101,2092.179850798006,-19.7,1.4255,39.6,1.414138255128659,long_nclose,55.9998749030949,0.026773103289419068,8.0
1679295600000.0,692592,1679295600000.0,0.14997503230170128,-0.0037633199999999997,2091.7929774134027,2092.230207478006,-13.2,1.4255,26.4,1.414138255128659,long_nclose,37.333249935396594,0.01784748793906023,8.0
1679296200000.0,692602,1679296200000.0,0.3176150323017004,-0.0037968479999999994,2092.106795597704,2092.4244106300057,-13.2,1.4382,13.2,1.414138255128659,long_nclose,18.666624967698297,0.008922405398700184,10.0
1679296260000.0,692603,1679296260000.0,0.1588075161508502,-0.0018984239999999997,2092.263704689855,2092.482572206006,-6.6,1.4382,6.6,1.414138255128659,long_nclose,9.333312483849149,0.004460868131932091,1.0
1679296680000.0,692610,1679296680000.0,0.0794037580754251,-0.0009492119999999998,2092.3421592359305,2092.433442994006,-3.3,1.4382,3.3,1.414138255128659,long_nclose,4.666656241924574,0.00223035043352026,7.0
1679296920000.0,692614,1679296920000.0,0.038498791794145504,-0.000460224,2092.3801978037245,2092.422462770006,-1.6,1.4382,1.7,1.414138255128659,long_nclose,2.40403503371872,0.0011489475173977108,4.0
1679297280000.0,692620,1679297280000.0,0.019249395897072752,-0.000230112,2092.3992170876218,2092.420602658006,-0.8,1.4382,0.9,1.414138255128659,long_nclose,1.2727244296157931,0.0006082608037806851,6.0
1679297340000.0,692621,1679297340000.0,0.009624697948536376,-0.000115056,2092.40872672957,2092.421657602006,-0.4,1.4382,0.5,1.414138255128659,long_nclose,0.7070691275643295,0.0003379211329659655,1.0
1679297760000.0,692628,1679297760000.0,0.004812348974268188,-5.7528e-05,2092.413481550544,2092.4207600740056,-0.2,1.4382,0.3,1.414138255128659,long_nclose,0.4242414765385977,0.00020275221904239568,7.0
1679298240000.0,692636,1679298240000.0,0.011058523461402325,-8.706000000000001e-05,2092.4244530140054,2092.4244530140054,-0.3,1.451,0.0,1.414138255128659,long_nclose,0.0,0.0,8.0
1679319360000.0,692988,1679319360000.0,0.0,-0.016728872000000002,2092.4077241420055,2092.4915841420056,59.9,1.3964,59.9,1.3964,long_ientry_normal,83.64436,0.03997517263720601,352.0
1679319540000.0,692991,1679319540000.0,0.22287999999999752,-0.005602248,2092.6250018940054,2093.0610018940056,-19.9,1.4076,40.0,1.3964,long_nclose,55.856,0.026691834394335118,3.0
1679319660000.0,692993,1679319660000.0,0.14895999999999837,-0.0037442160000000003,2092.7702176780053,2093.103967678005,-13.3,1.4076,26.7,1.3964,long_nclose,37.28388,0.017815563163627035,2.0
1679320020000.0,692999,1679320020000.0,0.09967999999999891,-0.002505528,2092.8673921500053,2093.0186921500053,-8.9,1.4076,17.8,1.3964,long_nclose,24.85592,0.011876490643043315,6.0
1679320860000.0,693013,1679320860000.0,0.06607999999999928,-0.001660968,2092.9318111820053,2093.115071182005,-5.9,1.4076,11.9,1.3964,long_nclose,16.617160000000002,0.007939656663068869,14.0
1679320920000.0,693014,1679320920000.0,0.14041999999999896,-0.001675836,2093.0705553460057,2093.2283553460056,-5.9,1.4202,6.0,1.3964,long_nclose,8.378400000000001,0.0040029228726190585,1.0
1679321220000.0,693019,1679321220000.0,0.07139999999999946,-0.00085212,2093.1411032260053,2093.2092032260052,-3.0,1.4202,3.0,1.3964,long_nclose,4.1892000000000005,0.0020013939784295923,5.0
1679322720000.0,693044,1679322720000.0,0.03569999999999973,-0.00042606,2093.1763771660053,2093.2149271660055,-1.5,1.4202,1.5,1.3964,long_nclose,2.0946000000000002,0.0010006801255974054,25.0
1679323740000.0,693061,1679323740000.0,0.05459999999999998,-0.00042984,2093.2305473260053,2093.2305473260053,-1.5,1.4328,0.0,1.3964,long_nclose,0.0,0.0,17.0
1679335080000.0,693250,1679335080000.0,0.0,-0.016741296,2093.2138060300053,2093.5642660300055,59.4,1.4092,59.4,1.4092,long_ientry_normal,83.70648,0.039989455333642156,189.0
1679335140000.0,693251,1679335140000.0,0.22374000000000174,-0.0056251800000000005,2093.431920850005,2093.0042408500053,-19.8,1.4205,39.6,1.4092,long_nclose,55.804320000000004,0.026656859219640415,1.0
1679335140000.0,693251,1679335140000.0,0.47520000000000046,-0.005675472000000001,2093.901445378005,2093.687605378005,-19.8,1.4332,19.8,1.4092,long_nclose,27.902160000000002,0.013325440918716649,0.0
1679335200000.0,693252,1679335200000.0,0.0,-0.011215168000000001,2093.890230210005,2091.226480210005,40.1,1.3984,59.9,1.4019699499165277,long_ientry_partial,83.97800000000001,0.04010620938404087,1.0
1679335200000.0,693252,1679335200000.0,0.0,-0.01674716,2093.8734830500052,2090.6886830500052,61.3,1.366,121.2,1.3837772277227722,long_rentry,167.7138,0.08009738953076694,0.0
1679335260000.0,693253,1679335260000.0,0.0,-0.016819459999999998,2093.856663590005,2088.721153590005,62.9,1.337,184.1,1.3677952199891363,long_rentry,251.81109999999998,0.12026186146298061,1.0
1679335380000.0,693255,1679335380000.0,0.6745930146659442,-0.016904088,2094.514352516671,2098.911179502005,-61.3,1.3788,122.8,1.3677952199891363,long_nclose,167.96525301466593,0.08019293485043286,2.0
1679335380000.0,693255,1679335380000.0,1.4285830146659428,-0.017054886,2095.9258806453367,2098.1278746160046,-61.3,1.3911,61.5,1.3677952199891363,long_nclose,84.11940602933188,0.040134723658945166,0.0
1679335380000.0,693255,1679335380000.0,2.189693970668114,-0.01726182,2098.098312796005,2098.098312796005,-61.5,1.4034,0.0,1.3677952199891363,long_nclose,0.0,0.0,0.0
1679335440000.0,693256,1679335440000.0,0.0,-0.016787055999999998,2098.081525740005,2092.3227857400047,59.8,1.4036,59.8,1.4036,long_ientry_normal,83.93527999999999,0.040005728552609775,1.0
1679335440000.0,693256,1679335440000.0,0.0,-0.016794128,2098.064731612005,2088.603571612005,61.4,1.3676,121.2,1.3853623762376237,long_rentry,167.90592,0.08002895119017274,0.0
1679335440000.0,693256,1679335440000.0,0.0,-0.016839588000000003,2098.047892024005,2086.6179620240046,62.9,1.3386,184.1,1.369385442694188,long_rentry,252.10386000000003,0.12016115597666041,0.0
1679335440000.0,693256,1679335440000.0,0.0,-0.025059200000000004,2098.0228328240046,2086.1440528240046,95.5,1.312,279.6,1.3497849070100143,long_rentry,377.39986000000005,0.1798835809103221,0.0
1679335440000.0,693256,1679335440000.0,0.0,-0.0370301,2097.9858027240048,2090.5150227240047,145.0,1.2769,424.6,1.3248948657560056,long_rentry,562.55036,0.26813830640302233,0.0
1679336280000.0,693270,1679336280000.0,1.5147764955251977,-0.037797479999999994,2099.46278173953,2101.6724152440047,-141.5,1.3356,283.1,1.3248948657560056,long_nclose,375.0777364955252,0.17865414893649648,14.0
1679336280000.0,693270,1679336280000.0,3.198626495525201,-0.03813425,2102.623273985055,2103.7284809940047,-141.5,1.3475,141.6,1.3248948657560056,long_nclose,187.6051129910504,0.08922431103670159,0.0
1679336340000.0,693271,1679336340000.0,0.5052823363165324,-0.012608064,2103.115948257372,2104.6173929300053,-47.2,1.3356,94.4,1.3248948657560056,long_nclose,125.07007532736694,0.05946893961362386,1.0
1679336340000.0,693271,1679336340000.0,1.0669623363165335,-0.0127204,2104.1701901936885,2104.920912530005,-47.2,1.3475,47.2,1.3248948657560056,long_nclose,62.53503766368347,0.029719572093133365,0.0
1679336400000.0,693272,1679336400000.0,0.0,-0.004183296,2104.1660068976885,2103.817729234005,15.6,1.3408,62.8,1.328845822670119,long_ientry_partial,83.45151766368346,0.03966013964208155,1.0
1679336580000.0,693275,1679336580000.0,0.0,-0.0168324,2104.1491744976884,2102.624536834005,65.0,1.2948,127.8,1.3115298721727973,long_rentry,167.6135176636835,0.07965857159518974,3.0
1679337300000.0,693287,1679337300000.0,0.0,-0.016829744000000004,2104.1323447536884,2099.780907090005,66.4,1.2673,194.2,1.2964069910591325,long_rentry,251.76223766368352,0.11965133195704714,12.0
1679341920000.0,693364,1679341920000.0,0.0,-0.025017908000000002,2104.1073268456885,2095.025339182005,100.7,1.2422,294.9,1.277896838466204,long_rentry,376.8517776636835,0.17910292543329048,77.0
1679381280000.0,694020,1679381280000.0,1.0128007787721534,-0.025326012000000002,2105.0948016124607,2106.392983170005,-98.3,1.2882,196.6,1.277896838466204,long_nclose,251.23451844245568,0.11934594026360003,656.0
1679381340000.0,694021,1679381340000.0,0.6748570804636425,-0.016875420000000002,2105.7527832729243,2107.142857750005,-65.5,1.2882,131.1,1.277896838466204,long_nclose,167.53227552291932,0.07955932759710171,1.0
1679382720000.0,694044,1679382720000.0,0.0,-0.016844036000000003,2105.7359392369244,2100.258493714005,68.2,1.2349,199.3,1.2631834195831377,long_rentry,251.75245552291938,0.11955556764356186,23.0
1679389680000.0,694160,1679389680000.0,0.6717409396796611,-0.016909424000000003,2106.390770752604,2107.456174290005,-66.4,1.2733,132.9,1.2631834195831377,long_nclose,167.877076462599,0.0796989232926696,116.0
1679391780000.0,694195,1679391780000.0,0.4481645124670027,-0.011281438000000001,2106.827653827071,2107.7505628520053,-44.3,1.2733,88.6,1.2631834195831377,long_nclose,111.918050975066,0.05312159766451036,35.0
1679391900000.0,694197,1679391900000.0,0.29843912229743974,-0.007512470000000001,2107.1185804793686,2108.017880382005,-29.5,1.2733,59.1,1.2631834195831377,long_nclose,74.65414009736344,0.03542949162376028,2.0
1679394120000.0,694234,1679394120000.0,0.19929663421218857,-0.005016802000000001,2107.312860311581,2107.8493535800053,-19.7,1.2733,39.4,1.2631834195831377,long_nclose,49.76942673157563,0.023617483511307793,37.0
1679394240000.0,694236,1679394240000.0,0.4238766342121857,-0.005061718,2107.7316752277934,2108.1063018620057,-19.7,1.2847,19.7,1.2631834195831377,long_nclose,24.884713365787814,0.01180639531030362,2.0
1679394240000.0,694236,1679394240000.0,0.6484566342121872,-0.005106634,2108.3750252280056,2108.3750252280056,-19.7,1.2961,0.0,1.2631834195831377,long_nclose,0.0,0.0,0.0
1679424780000.0,694745,1679424780000.0,0.0,-0.016876960000000003,2108.3581482680056,2108.2637882680056,67.4,1.252,67.4,1.252,long_ientry_normal,84.38480000000001,0.040023939988242156,509.0
1679425080000.0,694750,1679425080000.0,0.22623999999999994,-0.005654208,2108.5787340600054,2108.9522340600056,-22.4,1.2621,45.0,1.252,long_nclose,56.34,0.026719419621347985,5.0
1679425620000.0,694759,1679425620000.0,0.15149999999999997,-0.0037863000000000003,2108.7264477600056,2109.0834477600056,-15.0,1.2621,30.0,1.252,long_nclose,37.56,0.017811698639194337,9.0
1679425920000.0,694764,1679425920000.0,0.10099999999999998,-0.0025242000000000003,2108.8249235600056,2108.9989235600056,-10.0,1.2621,20.0,1.252,long_nclose,25.04,0.011873911257520993,5.0
1679426220000.0,694769,1679426220000.0,0.06665999999999998,-0.0016659720000000002,2108.8899175880056,2109.0306175880055,-6.6,1.2621,13.4,1.252,long_nclose,16.7768,0.007955275360787006,5.0
1679427840000.0,694796,1679427840000.0,0.1433800000000006,-0.0017063560000000002,2109.0315912320057,2109.183011232006,-6.7,1.2734,6.7,1.252,long_nclose,8.3884,0.003977370483625548,27.0
1679428920000.0,694814,1679428920000.0,0.07062000000000028,-0.000840444,2109.1013707880056,2109.1799107880056,-3.3,1.2734,3.4,1.252,long_nclose,4.2568,0.0020183003334778393,18.0
1679429100000.0,694817,1679429100000.0,0.03638000000000014,-0.000432956,2109.1373178320055,2109.1764178320054,-1.7,1.2734,1.7,1.252,long_nclose,2.1284,0.0010091329673061755,3.0
1679429340000.0,694821,1679429340000.0,0.01712000000000007,-0.00020374400000000003,2109.1542340880055,2109.1740340880056,-0.8,1.2734,0.9,1.252,long_nclose,1.1268,0.0005342425801720595,4.0
1679429520000.0,694824,1679429520000.0,0.008560000000000035,-0.00010187200000000002,2109.162692216006,2109.172892216006,-0.4,1.2734,0.5,1.252,long_nclose,0.626,0.0002968002432009116,3.0
1679431260000.0,694853,1679431260000.0,0.004280000000000017,-5.093600000000001e-05,2109.1669212800057,2109.1733712800055,-0.2,1.2734,0.3,1.252,long_nclose,0.3756,0.00017807978885429174,29.0
1679431380000.0,694855,1679431380000.0,0.0021400000000000086,-2.5468000000000004e-05,2109.169035812006,2109.173815812006,-0.1,1.2734,0.2,1.252,long_nclose,0.2504,0.0001187197402144674,2.0
1679431500000.0,694857,1679431500000.0,0.0021400000000000086,-2.5468000000000004e-05,2109.171150344006,2109.173710344006,-0.1,1.2734,0.1,1.252,long_nclose,0.1252,5.9359810596489466e-05,2.0
1679431980000.0,694865,1679431980000.0,0.0021400000000000086,-2.5468000000000004e-05,2109.173264876006,2109.173264876006,-0.1,1.2734,0.0,1.252,long_nclose,0.0,0.0,8.0
1679445360000.0,695088,1679445360000.0,0.0,-0.016875648000000004,2109.156389228006,2109.129029228006,68.4,1.2336,68.4,1.2336,long_ientry_normal,84.37824,0.040005682096852076,223.0
1679447820000.0,695129,1679447820000.0,0.22572000000000045,-0.00567036,2109.376438868006,2109.777718868006,-22.8,1.2435,45.6,1.2336,long_nclose,56.25216,0.02666767247584677,41.0
1679448000000.0,695132,1679448000000.0,0.1504800000000003,-0.0037802400000000002,2109.5231386280057,2109.8484186280057,-15.2,1.2435,30.4,1.2336,long_nclose,37.50144,0.017777211974261745,3.0
1679448120000.0,695134,1679448120000.0,0.0999900000000002,-0.0025118700000000002,2109.620616758006,2109.7850467580056,-10.1,1.2435,20.3,1.2336,long_nclose,25.042080000000002,0.011870418690960572,2.0
1679448300000.0,695137,1679448300000.0,0.06633000000000014,-0.0016662900000000002,2109.685280468006,2109.878400468006,-6.7,1.2435,13.6,1.2336,long_nclose,16.77696,0.007952352019197029,3.0
1679449740000.0,695161,1679449740000.0,0.04455000000000009,-0.0011191500000000002,2109.7287113180064,2109.8169813180066,-4.5,1.2435,9.1,1.2336,long_nclose,11.22576,0.005320949532410238,24.0
1679449800000.0,695162,1679449800000.0,0.02970000000000006,-0.0007461000000000001,2109.7576652180064,2109.8333052180064,-3.0,1.2435,6.1,1.2336,long_nclose,7.52496,0.00356674139597091,1.0
1679450100000.0,695167,1679450100000.0,0.01980000000000004,-0.0004974000000000001,2109.7769678180066,2109.8196078180067,-2.0,1.2435,4.1,1.2336,long_nclose,5.05776,0.0023972960541089254,5.0
1679450220000.0,695169,1679450220000.0,0.012870000000000026,-0.00032331000000000005,2109.7895145080065,2109.8242345080066,-1.3,1.2435,2.8,1.2336,long_nclose,3.45408,0.0016371680569307768,2.0
1679451120000.0,695184,1679451120000.0,0.029399999999999867,-0.00035128799999999995,2109.8185632200066,2109.8486632200065,-1.4,1.2546,1.4,1.2336,long_nclose,1.72704,0.0008185727579172449,15.0
1679451840000.0,695196,1679451840000.0,0.003960000000000008,-9.948000000000002e-05,2109.822423740007,2109.832423740007,-0.4,1.2435,1.0,1.2336,long_nclose,1.2336,0.0005846937572183166,12.0
1679454540000.0,695241,1679454540000.0,0.010499999999999954,-0.00012546,2109.8327982800065,2109.8435482800064,-0.5,1.2546,0.5,1.2336,long_nclose,0.6168,0.00029234544107136466,45.0
1679454720000.0,695244,1679454720000.0,0.0041999999999999815,-5.0184e-05,2109.8369480960064,2109.8442680960065,-0.2,1.2546,0.3,1.2336,long_nclose,0.37008,0.00017540691963612338,3.0
1679455980000.0,695265,1679455980000.0,0.0020999999999999908,-2.5092e-05,2109.8390230040063,2109.843763004006,-0.1,1.2546,0.2,1.2336,long_nclose,0.24672000000000002,0.00011693783142218976,21.0
1679456280000.0,695270,1679456280000.0,0.0020999999999999908,-2.5092e-05,2109.8410979120063,2109.8432579120063,-0.1,1.2546,0.1,1.2336,long_nclose,0.12336000000000001,5.846885821026172e-05,5.0
1679456460000.0,695273,1679456460000.0,0.0020999999999999908,-2.5092e-05,2109.843172820006,2109.843172820006,-0.1,1.2546,0.0,1.2336,long_nclose,0.0,0.0,3.0
1679514360000.0,696238,1679514360000.0,0.0,-0.01686881,2109.8263040100064,2110.1482540100064,68.5,1.2313,68.5,1.2313,long_ientry_normal,84.34405000000001,0.039976774315351404,965.0
1679515320000.0,696254,1679515320000.0,0.22572000000000045,-0.005659872000000001,2110.0463641380065,2110.5947641380067,-22.8,1.2412,45.7,1.2313,long_nclose,56.270410000000005,0.02666785477151708,16.0
1679515440000.0,696256,1679515440000.0,0.4787999999999979,-0.0057104880000000005,2110.519453650006,2111.0186736500063,-22.8,1.2523,22.9,1.2313,long_nclose,28.19677,0.013360109024930105,2.0
1679515560000.0,696258,1679515560000.0,0.23939999999999895,-0.0028552440000000003,2110.7559984060063,2110.913548406006,-11.4,1.2523,11.5,1.2313,long_nclose,14.15995,0.006708473177711334,2.0
1679515620000.0,696259,1679515620000.0,0.11969999999999947,-0.0014276220000000001,2110.8742707840065,2111.0117307840064,-5.7,1.2523,5.8,1.2313,long_nclose,7.14154,0.0033832142912744575,1.0
1679515680000.0,696260,1679515680000.0,0.1861800000000001,-0.001465544,2111.0589852400067,2111.0589852400067,-5.8,1.2634,0.0,1.2313,long_nclose,0.0,0.0,1.0
1679523120000.0,696384,1679523120000.0,0.0,-0.016876842,2111.042108398007,2111.0214983980068,68.7,1.2283,68.7,1.2283,long_ientry_normal,84.38421,0.03997277442468265,124.0
1679524320000.0,696404,1679524320000.0,0.0,-0.016898816,2111.025209582007,2108.777579582007,70.6,1.1968,139.3,1.2123351758793968,long_rentry,168.87829,0.07999823461769019,20.0
1679528640000.0,696476,1679528640000.0,0.0,-0.016915016,2111.008294566007,2104.544624566007,72.2,1.1714,211.5,1.1983610874704491,long_rentry,253.45336999999998,0.12006270683654816,72.0
1679536800000.0,696612,1679536800000.0,0.0,-0.025191508,2110.983103058007,2099.506793058007,109.7,1.1482,321.2,1.181229483188045,long_rentry,379.41091000000006,0.1797318554802162,136.0
1679540640000.0,696676,1679540640000.0,1.0133452988791956,-0.025480980000000004,2111.9709673768866,2113.9781320780075,-107.0,1.1907,214.2,1.181229483188045,long_nclose,253.01935529887922,0.11980247797304464,64.0
1679540700000.0,696677,1679540700000.0,0.6761949003735941,-0.017003196000000005,2112.63015908126,2113.668388882007,-71.4,1.1907,142.8,1.181229483188045,long_nclose,168.67957019925285,0.07984339780163328,1.0
1679540760000.0,696678,1679540760000.0,0.4507966002490627,-0.011335464000000002,2113.069620217509,2113.999773418007,-47.6,1.1907,95.2,1.181229483188045,long_nclose,112.45304679950189,0.053217861694460654,1.0
1679540940000.0,696681,1679540940000.0,0.9601166002490594,-0.011437328000000002,2114.018299489758,2114.8974960900073,-47.6,1.2014,47.6,1.181229483188045,long_nclose,56.226523399750945,0.02659698991882986,3.0
1679541000000.0,696682,1679541000000.0,0.4800583001245297,-0.005718664000000001,2114.4926391258828,2114.891777426007,-23.8,1.2014,23.8,1.181229483188045,long_nclose,28.113261699875473,0.013295511736327117,1.0
1679541120000.0,696684,1679541120000.0,0.24002915006226486,-0.0028593320000000005,2114.729808943945,2114.8674980940073,-11.9,1.2014,11.9,1.181229483188045,long_nclose,14.056630849937736,0.006647010313320993,2.0
1679541660000.0,696693,1679541660000.0,0.11900604919053469,-0.0014176520000000001,2114.8473973411355,2114.9750204420075,-5.9,1.2014,6.0,1.181229483188045,long_nclose,7.0873768991282695,0.003351247427137666,9.0
1679542920000.0,696714,1679542920000.0,0.018941033623910197,-0.00047628000000000004,2114.8658620947594,2114.9041441620075,-2.0,1.1907,4.0,1.181229483188045,long_nclose,4.72491793275218,0.0022341454450790477,21.0
1679543400000.0,696722,1679543400000.0,0.012311671855541629,-0.00030958200000000003,2114.8778641846147,2114.905324580007,-1.3,1.1907,2.7,1.181229483188045,long_nclose,3.189319604607722,0.0015080396171423143,8.0
1679543940000.0,696731,1679543940000.0,0.00852346513075959,-0.00021432600000000003,2114.8861733237454,2114.902680254007,-0.9,1.1907,1.8,1.181229483188045,long_nclose,2.126213069738481,0.0010053557948213044,9.0
1679544000000.0,696732,1679544000000.0,0.005682310087173059,-0.00014288400000000002,2114.8917127498325,2114.905837370007,-0.6,1.1907,1.2,1.181229483188045,long_nclose,1.4174753798256539,0.0006702354410300367,1.0
1679548260000.0,696803,1679548260000.0,0.012102310087173019,-0.00014416800000000002,2114.90367089192,2114.919613202007,-0.6,1.2014,0.6,1.181229483188045,long_nclose,0.7087376899128269,0.0003351158256838859,71.0
1679548800000.0,696812,1679548800000.0,0.018462310087172983,-0.00014544,2114.921987762007,2114.921987762007,-0.6,1.212,0.0,1.181229483188045,long_nclose,0.0,0.0,9.0
1679578140000.0,697301,1679578140000.0,0.0,-0.016911776,2114.905075986007,2114.818555986007,72.1,1.1728,72.1,1.1728,long_ientry_normal,84.55888,0.03998235238079285,489.0
1679578260000.0,697303,1679578260000.0,0.22559999999999647,-0.0056745599999999995,2115.125001426007,2115.500181426007,-24.0,1.1822,48.1,1.1728,long_nclose,56.411680000000004,0.02667061282995923,2.0
1679578740000.0,697311,1679578740000.0,0.0,-0.005648558000000001,2115.1193528680074,2115.0616228680074,24.1,1.1719,72.2,1.1724995844875346,long_ientry_partial,84.65447,0.04002349554658101,8.0
1679583060000.0,697383,1679583060000.0,0.22560997229916957,-0.00567312,2115.339289720306,2115.652609748007,-24.0,1.1819,48.2,1.1724995844875346,long_nclose,56.51447997229917,0.026716508432919815,72.0
1679583120000.0,697384,1679583120000.0,0.15040664819944638,-0.00378208,2115.4859142885057,2115.766067668007,-16.0,1.1819,32.2,1.1724995844875346,long_nclose,37.75448662049862,0.01784672087178442,1.0
1679583180000.0,697385,1679583180000.0,0.10058444598337976,-0.002529266,2115.583969468489,2115.872078402007,-10.7,1.1819,21.5,1.1724995844875346,long_nclose,25.20874106648199,0.011915736472901775,1.0
1679583540000.0,697391,1679583540000.0,0.21400444598337914,-0.00255195,2115.7954219644726,2116.087026452007,-10.7,1.1925,10.8,1.1724995844875346,long_nclose,12.662995512465374,0.005984981052992374,6.0
1679583600000.0,697392,1679583600000.0,0.3304844875346275,-0.0025986960000000006,2116.1233077560073,2116.1233077560073,-10.8,1.2031,0.0,1.1724995844875346,long_nclose,0.0,0.0,1.0
1679647860000.0,698463,1679647860000.0,0.0,-0.016919880000000005,2116.1063878760074,2116.4249478760075,72.4,1.1685,72.4,1.1685,long_ientry_normal,84.59940000000002,0.03997880280722308,1071.0
1679647920000.0,698464,1679647920000.0,0.22653999999999647,-0.0056774780000000006,2116.3272503980074,2116.7909303980073,-24.1,1.1779,48.3,1.1685,long_nclose,56.43855,0.026668158239414947,1.0
1679648040000.0,698466,1679648040000.0,0.15133999999999764,-0.0037928380000000006,2116.474797560007,2116.6937575600073,-16.1,1.1779,32.2,1.1685,long_nclose,37.62570000000001,0.017777532736688886,2.0
1679648520000.0,698474,1679648520000.0,0.10057999999999842,-0.002520706,2116.572856854007,2116.805056854007,-10.7,1.1779,21.5,1.1685,long_nclose,25.122750000000003,0.011869541801335154,8.0
1679649000000.0,698482,1679649000000.0,0.0,-0.011925718000000002,2116.560931136007,2116.5192711360073,51.1,1.1669,72.6,1.167373829201102,long_ientry_partial,84.75134,0.04004200339959597,8.0
1679649840000.0,698496,1679649840000.0,0.2281133333333333,-0.005695712,2116.7833487573403,2117.365415424007,-24.2,1.1768,48.4,1.167373829201102,long_nclose,56.50089333333334,0.02669186403346485,14.0
1679651340000.0,698521,1679651340000.0,0.0,-0.005678368,2116.77767038934,2116.5294970560067,24.4,1.1636,72.8,1.1661089743589743,long_ientry_partial,84.89273333333333,0.0401046999507128,25.0
1679658540000.0,698641,1679658540000.0,0.0,-0.01692938,2116.76074100934,2114.9958076760067,74.5,1.1362,147.3,1.1509818963566416,long_rentry,169.5396333333333,0.08009390482766197,120.0
1679659260000.0,698653,1679659260000.0,0.452608888888892,-0.011393163999999999,2117.201956734229,2118.097354512007,-49.1,1.1602,98.2,1.1509818963566416,long_nclose,113.02642222222221,0.0533848090696859,12.0
1679659320000.0,698654,1679659320000.0,0.30143198913781605,-0.007587708000000001,2117.495801015367,2118.1781868040066,-32.7,1.1602,65.5,1.1509818963566416,long_nclose,75.38931421136003,0.035603052518550386,1.0
1679659740000.0,698661,1679659740000.0,0.6415119891378223,-0.007655724000000001,2118.1296572805045,2118.7698510800064,-32.7,1.1706,32.8,1.1509818963566416,long_nclose,37.75220620049784,0.017823368872030437,7.0
1679659800000.0,698662,1679659800000.0,0.32173689975107894,-0.0038395680000000002,2118.4475546122558,2118.710251512007,-16.4,1.1706,16.4,1.1509818963566416,long_nclose,18.87610310024892,0.008910347135642852,1.0
1679660280000.0,698670,1679660280000.0,0.16086844987553947,-0.0019197840000000001,2118.606503278131,2118.786231728007,-8.2,1.1706,8.2,1.1509818963566416,long_nclose,9.43805155012446,0.004454839317976657,8.0
1679660640000.0,698676,1679660640000.0,0.08043422493776974,-0.0009598920000000001,2118.6859776110687,2118.7635418360064,-4.1,1.1706,4.1,1.1509818963566416,long_nclose,4.71902577506223,0.0022273361059307064,6.0
1679660700000.0,698677,1679660700000.0,0.03923620728671695,-0.00046824000000000003,2118.7247455783554,2118.7646835960063,-2.0,1.1706,2.1,1.1509818963566416,long_nclose,2.4170619823489474,0.0011408098137302653,1.0
1679660760000.0,698678,1679660760000.0,0.019618103643358475,-0.00023412000000000001,2118.7441295619988,2118.7639494760065,-1.0,1.1706,1.1,1.1509818963566416,long_nclose,1.2660800859923058,0.0005975615782610043,1.0
1679660820000.0,698679,1679660820000.0,0.009809051821679238,-0.00011706000000000001,2118.7538215538207,2118.7652324160067,-0.5,1.1706,0.6,1.1509818963566416,long_nclose,0.6905891378139849,0.00032594118806475155,1.0
1679660940000.0,698681,1679660940000.0,0.005885431093007543,-7.0236e-05,2118.7596367489136,2118.7656121800064,-0.3,1.1706,0.3,1.1509818963566416,long_nclose,0.34529456890699245,0.00016297014673963796,2.0
1679661360000.0,698688,1679661360000.0,0.0019618103643358475,-2.3412000000000002e-05,2118.761575147278,2118.7655187680066,-0.1,1.1706,0.2,1.1509818963566416,long_nclose,0.23019637927132833,0.00010864666509506953,7.0
1679661600000.0,698692,1679661600000.0,0.0019618103643358475,-2.3412000000000002e-05,2118.7635135456426,2118.765645356007,-0.1,1.1706,0.1,1.1509818963566416,long_nclose,0.11509818963566416,5.432328284861448e-05,4.0
1679661960000.0,698698,1679661960000.0,0.0019618103643358475,-2.3412000000000002e-05,2118.765451944007,2118.765451944007,-0.1,1.1706,0.0,1.1509818963566416,long_nclose,0.0,0.0,6.0
1679678160000.0,698968,1679678160000.0,0.0,-0.016959564,2118.748492380007,2118.7410323800073,74.6,1.1367,74.6,1.1367,long_ientry_normal,84.79782,0.040022598390026906,270.0
1679680260000.0,699003,1679680260000.0,0.0,-0.01694475,2118.731547630007,2117.1878476300067,76.5,1.1075,151.1,1.121916412971542,long_rentry,169.52157,0.08001087735235983,35.0
1679708400000.0,699472,1679708400000.0,0.0,-0.01699712,2118.714550510007,2113.237830510007,78.4,1.084,229.5,1.108963703703704,long_rentry,254.50717000000003,0.12012338799426107,469.0
1679736180000.0,699935,1679736180000.0,0.0,-0.0252875,2118.689263010007,2107.781893010007,119.0,1.0625,348.5,1.093098048780488,long_rentry,380.9446700000001,0.17980204867739533,463.0
1679770860000.0,700513,1679770860000.0,0.0,-0.037372374,2118.651890636007,2096.9268306360073,180.7,1.0341,529.2,1.0729526455026455,long_rentry,567.80654,0.2680036973084558,578.0
1679801400000.0,701022,1679801400000.0,1.5253933333333218,-0.038158847999999995,2120.1391251213404,2123.542711788007,-176.4,1.0816,352.8,1.0729526455026455,long_nclose,378.5376933333333,0.17854379877625662,509.0
1679802120000.0,701034,1679802120000.0,3.236473333333329,-0.038501064,2123.337097390674,2126.8558107240074,-176.4,1.0913,176.4,1.0729526455026455,long_nclose,189.26884666666666,0.08913744638063137,12.0
1679802420000.0,701039,1679802420000.0,4.929913333333339,-0.038839752,2128.2281709720073,2128.2281709720073,-176.4,1.1009,0.0,1.0729526455026455,long_nclose,0.0,0.0,5.0
1679927100000.0,703117,1679927100000.0,0.0,-0.017025897999999998,2128.211145074007,2128.243985074007,82.1,1.0369,82.1,1.0369,long_ientry_normal,85.12948999999999,0.04000049064541463,2078.0
1679928240000.0,703136,1679928240000.0,0.229319999999999,-0.005707337999999999,2128.434757736007,2128.6758777360074,-27.3,1.0453,54.8,1.0369,long_nclose,56.82211999999999,0.026696669838469026,19.0
1679928420000.0,703139,1679928420000.0,0.15287999999999932,-0.003804892,2128.5838328440072,2128.9132328440073,-18.2,1.0453,36.6,1.0369,long_nclose,37.95054,0.01782900885293964,3.0
1679929080000.0,703150,1679929080000.0,0.0,-0.009470524000000001,2128.5743623200074,2128.4068823200073,45.8,1.0339,82.4,1.0352325242718445,long_ientry_partial,85.30315999999999,0.04007525483254675,11.0
1679929200000.0,703152,1679929200000.0,0.0,-0.017025168,2128.557337152007,2125.3620171520074,84.4,1.0086,166.8,1.0217565947242204,long_rentry,170.42899999999997,0.08006784549578196,2.0
1679933040000.0,703216,1679933040000.0,0.4583333333333459,-0.011453600000000001,2129.0042168853406,2130.176643552007,-55.6,1.03,111.2,1.0217565947242204,long_nclose,113.61933333333332,0.053367359459510356,64.0
1679933160000.0,703218,1679933160000.0,0.969853333333339,-0.011555904,2129.962514314674,2130.8990076480072,-55.6,1.0392,55.6,1.0217565947242204,long_nclose,56.80966666666666,0.02667167440031002,2.0
1679933220000.0,703219,1679933220000.0,0.4849266666666695,-0.005777952,2130.441663029341,2130.8265096960076,-27.8,1.0392,27.8,1.0217565947242204,long_nclose,28.40483333333333,0.013332837892845006,1.0
1679933460000.0,703223,1679933460000.0,0.24246333333333475,-0.002888976,2130.681237386674,2130.8486407200076,-13.9,1.0392,13.9,1.0217565947242204,long_nclose,14.202416666666664,0.006665669372527178,4.0
1679933820000.0,703229,1679933820000.0,0.12035949640287841,-0.001434096,2130.8001627870767,2130.9124666240073,-6.9,1.0392,7.0,1.0217565947242204,long_nclose,7.152296163069543,0.0033566245619741147,6.0
1679933880000.0,703230,1679933880000.0,0.06105191846522817,-0.00072744,2130.860487265542,2130.919089184007,-3.5,1.0392,3.5,1.0217565947242204,long_nclose,3.5761480815347717,0.001678264768109674,1.0
1679934660000.0,703243,1679934660000.0,0.02965378896882511,-0.000353328,2130.889787726511,2130.916865856007,-1.7,1.0392,1.8,1.0217565947242204,long_nclose,1.8391618705035968,0.0008630957270041805,13.0
1679935320000.0,703254,1679935320000.0,0.004946043165467762,-0.0001236,2130.8946101696765,2130.9036622560075,-0.6,1.03,1.2,1.0217565947242204,long_nclose,1.2261079136690645,0.0005753958491506219,11.0
1679935500000.0,703257,1679935500000.0,0.003297362110311841,-8.240000000000001e-05,2130.897825131787,2130.904339856008,-0.4,1.03,0.8,1.0217565947242204,long_nclose,0.8174052757793764,0.00038359665402015383,3.0
1679935560000.0,703258,1679935560000.0,0.0016486810551559206,-4.1200000000000005e-05,2130.8994326128422,2130.902698656008,-0.2,1.03,0.6,1.0217565947242204,long_nclose,0.6130539568345322,0.0002876972734855087,1.0
1679935980000.0,703265,1679935980000.0,0.0,-0.016932,2130.8825006128423,2130.864726656008,83.0,1.02,83.6,1.020012607139169,long_ientry_partial,85.27305395683453,0.04001771751014426,7.0
1679967360000.0,703788,1679967360000.0,0.22760952153109965,-0.005716792000000001,2131.1043933423734,2131.795609864008,-27.8,1.0282,55.8,1.020012607139169,long_nclose,56.91670347836563,0.02670760928285584,523.0
1679967480000.0,703790,1679967480000.0,0.4851082608171854,-0.005788692000000001,2131.5837129111906,2132.0548711720076,-27.9,1.0374,27.9,1.020012607139169,long_nclose,28.458351739182817,0.013350801831899949,2.0
1679967540000.0,703791,1679967540000.0,0.24168476076555118,-0.0028839720000000003,2131.8225136999563,2132.028137200008,-13.9,1.0374,14.0,1.020012607139169,long_nclose,14.280176499948368,0.00669857664424602,1.0
1679967600000.0,703792,1679967600000.0,0.12171175002581713,-0.0014523600000000002,2131.9427730899824,2132.0693848400083,-7.0,1.0374,7.0,1.020012607139169,long_nclose,7.140088249974184,0.003349099394270103,1.0
1679969040000.0,703816,1679969040000.0,0.06085587501290857,-0.0007261800000000001,2132.002902784995,2132.070758660008,-3.5,1.0374,3.5,1.020012607139169,long_nclose,3.570044124987092,0.0016745024691681286,24.0
1679969280000.0,703820,1679969280000.0,0.02955856786341273,-0.00035271600000000004,2132.032108636858,2132.0688059440076,-1.7,1.0374,1.8,1.020012607139169,long_nclose,1.8360226928505043,0.0008611609015702811,4.0
1679969820000.0,703829,1679969820000.0,0.015648653574747918,-0.00018673200000000003,2132.0475705584327,2132.0617792120074,-0.9,1.0374,0.9,1.020012607139169,long_nclose,0.9180113464252522,0.0004305773281525814,9.0
1679970600000.0,703842,1679970600000.0,0.006954957144332408,-8.299200000000001e-05,2132.054442523577,2132.0639862200073,-0.4,1.0374,0.5,1.020012607139169,long_nclose,0.5100063035695845,0.00023920885573912575,13.0
1679970960000.0,703848,1679970960000.0,0.003477478572166204,-4.1496000000000004e-05,2132.0578785061493,2132.0630947240074,-0.2,1.0374,0.3,1.020012607139169,long_nclose,0.3060037821417507,0.00014352508214090124,6.0
1679971020000.0,703849,1679971020000.0,0.001738739286083102,-2.0748000000000002e-05,2132.059596497435,2132.0630139760074,-0.1,1.0374,0.2,1.020012607139169,long_nclose,0.20400252142783382,9.56833109932625e-05,1.0
1679971080000.0,703850,1679971080000.0,0.001738739286083102,-2.0748000000000002e-05,2132.0613144887207,2132.063113228007,-0.1,1.0374,0.1,1.020012607139169,long_nclose,0.10200126071391691,4.784161694635754e-05,1.0
1679971200000.0,703852,1679971200000.0,0.001738739286083102,-2.0748000000000002e-05,2132.0630324800063,2132.0630324800063,-0.1,1.0374,0.0,1.020012607139169,long_nclose,0.0,0.0,2.0
1680193200000.0,707552,1680193200000.0,0.0,-0.017048712,2132.0459837680064,2132.3694737680066,78.9,1.0804,78.9,1.0804,long_ientry_normal,85.24356,0.03998204571992739,3700.0
1680193980000.0,707565,1680193980000.0,0.22880999999999815,-0.005728666,2132.2690651020066,2132.7687651020065,-26.3,1.0891,52.6,1.0804,long_nclose,56.829040000000006,0.026651908490395577,13.0
1680194640000.0,707576,1680194640000.0,0.15224999999999878,-0.00381185,2132.4175032520066,2132.7755232520067,-17.5,1.0891,35.1,1.0804,long_nclose,37.92204,0.0177835906627889,11.0
1680194820000.0,707579,1680194820000.0,0.10178999999999917,-0.002548494,2132.5167447580066,2132.7156447580064,-11.7,1.0891,23.4,1.0804,long_nclose,25.28136,0.011855175375360944,3.0
1680195060000.0,707583,1680195060000.0,0.06785999999999945,-0.0016989960000000001,2132.5829057620067,2132.7389057620067,-7.8,1.0891,15.6,1.0804,long_nclose,16.85424,0.007903205054519418,4.0
1680195600000.0,707592,1680195600000.0,0.045239999999999635,-0.001132664,2132.6270130980065,2132.7122930980063,-5.2,1.0891,10.4,1.0804,long_nclose,11.23616,0.0052686943994381605,9.0
1680195660000.0,707593,1680195660000.0,0.029579999999999763,-0.000740588,2132.6558525100063,2132.7328525100065,-3.4,1.0891,7.0,1.0804,long_nclose,7.5628,0.003546188660068639,1.0
1680197940000.0,707631,1680197940000.0,0.020009999999999837,-0.000500986,2132.6753615240063,2132.7092015240064,-2.3,1.0891,4.7,1.0804,long_nclose,5.07788,0.0023809906053265206,38.0
1680198180000.0,707635,1680198180000.0,0.013049999999999895,-0.00032672999999999996,2132.6880847940065,2132.7175247940063,-1.5,1.0891,3.2,1.0804,long_nclose,3.4572800000000004,0.001621090315386619,4.0
1680199920000.0,707664,1680199920000.0,0.029439999999999956,-0.000351616,2132.7171731780063,2132.7470931780063,-1.6,1.0988,1.6,1.0804,long_nclose,1.7286400000000002,0.0008105341025711898,29.0
1680201720000.0,707694,1680201720000.0,0.04512000000000001,-0.00035475200000000006,2132.7619384260065,2132.7619384260065,-1.6,1.1086,0.0,1.0804,long_nclose,0.0,0.0,30.0
1680447660000.0,711793,1680447660000.0,0.0,-0.017056880000000003,2132.7448815460066,2132.9953615460067,80.8,1.0555,80.8,1.0555,long_ientry_normal,85.2844,0.039988092686537434,4099.0
1680486120000.0,712434,1680486120000.0,0.0,-0.017153712,2132.7277278340066,2130.4887878340064,83.4,1.0284,164.2,1.041735444579781,long_rentry,171.05296000000004,0.08020384307270251,641.0
1680509280000.0,712820,1680509280000.0,0.4575411814859775,-0.011488094,2133.1737809214924,2134.1006497400062,-54.7,1.0501,109.5,1.041735444579781,long_nclose,114.07003118148603,0.05347432647152162,386.0
1680509820000.0,712829,1680509820000.0,0.3053062728379923,-0.007665730000000001,2133.4714214643304,2134.125834010006,-36.5,1.0501,73.0,1.041735444579781,long_nclose,76.04668745432402,0.03564457751307893,9.0
1680511740000.0,712861,1680511740000.0,0.20325869671132088,-0.005103486000000001,2133.6695766750418,2134.0769305240065,-24.3,1.0501,48.7,1.041735444579781,long_nclose,50.73251615103534,0.023777119337331166,32.0
1680511800000.0,712862,1680511800000.0,0.13550579780754726,-0.0034023240000000004,2133.8016801488493,2134.0767782000066,-16.2,1.0501,32.5,1.041735444579781,long_nclose,33.85640194884289,0.01586670507564749,1.0
1680514140000.0,712901,1680514140000.0,0.2877857978075485,-0.0034327800000000003,2134.0860331666568,2134.380485420006,-16.2,1.0595,16.3,1.041735444579781,long_nclose,16.980287746650433,0.007956702533427992,39.0
1680514260000.0,712903,1680514260000.0,0.14389289890377424,-0.0017163900000000001,2134.2282096755603,2134.380439030006,-8.1,1.0595,8.2,1.041735444579781,long_nclose,8.542230645554204,0.004002491676770016,2.0
1680514620000.0,712909,1680514620000.0,0.07283467722289806,-0.0008687900000000001,2134.3001755627834,2134.3861302400064,-4.1,1.0595,4.1,1.041735444579781,long_nclose,4.271115322777102,0.002001178358920798,6.0
1680515580000.0,712925,1680515580000.0,0.11137467722289746,-0.000876498,2134.4106737420066,2134.4106737420066,-4.1,1.0689,0.0,1.041735444579781,long_nclose,0.0,0.0,16.0
1680555660000.0,713593,1680555660000.0,0.0,-0.017078148,2134.3935955940065,2134.6028455940063,83.7,1.0202,83.7,1.0202,long_ientry_normal,85.39074000000001,0.04000702596572193,668.0
1680555840000.0,713596,1680555840000.0,0.22877999999999957,-0.005738472,2134.6166371220065,2135.2583371220067,-27.9,1.0284,55.8,1.0202,long_nclose,56.92715999999999,0.026668563811416718,3.0
1680555960000.0,713598,1680555960000.0,0.15251999999999974,-0.0038256480000000005,2134.7653314740064,2135.1373314740063,-18.6,1.0284,37.2,1.0202,long_nclose,37.951440000000005,0.01777780416444903,2.0
1680557580000.0,713625,1680557580000.0,0.32364000000000154,-0.0038598720000000007,2135.0851116020067,2135.4217716020066,-18.6,1.0376,18.6,1.0202,long_nclose,18.975720000000003,0.008887570756259948,27.0
1680558360000.0,713638,1680558360000.0,0.49475999999999926,-0.0038940960000000005,2135.575977506007,2135.575977506007,-18.6,1.0468,0.0,1.0202,long_nclose,0.0,0.0,13.0
1681264920000.0,725414,1681264920000.0,0.0,-0.017084526,2135.558892980007,2135.5345629800067,81.1,1.0533,81.1,1.0533,long_ientry_normal,85.42262999999998,0.04000012843513733,11776.0
1681278060000.0,725633,1681278060000.0,0.2295000000000047,-0.00573372,2135.7826592600068,2136.253329260007,-27.0,1.0618,54.1,1.0533,long_nclose,56.983529999999995,0.026680397348924682,219.0
1681279320000.0,725654,1681279320000.0,0.15300000000000313,-0.0038224800000000005,2135.9318367800065,2136.2422967800067,-18.0,1.0618,36.1,1.0533,long_nclose,38.02413,0.017802127083476005,21.0
1681280340000.0,725671,1681280340000.0,0.10200000000000209,-0.0025483200000000006,2136.031288460006,2136.243368460006,-12.0,1.0618,24.1,1.0533,long_nclose,25.384529999999998,0.011883969180199246,17.0
1681281480000.0,725690,1681281480000.0,0.06800000000000139,-0.0016988800000000003,2136.0975895800066,2136.2489295800065,-8.0,1.0618,16.1,1.0533,long_nclose,16.95813,0.007938836728585167,19.0
1681282800000.0,725712,1681282800000.0,0.14400000000000013,-0.00171408,2136.2398755000063,2136.394585500006,-8.0,1.0713,8.1,1.0533,long_nclose,8.53173,0.003993807108390892,22.0
1681284120000.0,725734,1681284120000.0,0.07200000000000006,-0.00085704,2136.3110184600064,2136.3880984600064,-4.0,1.0713,4.1,1.0533,long_nclose,4.318529999999999,0.002021489363057763,22.0
1681285140000.0,725751,1681285140000.0,0.03600000000000003,-0.00042852,2136.3465899400067,2136.3831299400067,-2.0,1.0713,2.1,1.0533,long_nclose,2.2119299999999997,0.001035379750840015,17.0
1681285200000.0,725752,1681285200000.0,0.018000000000000016,-0.00021426,2136.3643756800066,2136.3843956800065,-1.0,1.0713,1.1,1.0533,long_nclose,1.15863,0.0005423372591256616,1.0
1681288020000.0,725799,1681288020000.0,0.0025500000000000522,-6.370800000000001e-05,2136.3668619720065,2136.3739019720065,-0.3,1.0618,0.8,1.0533,long_nclose,0.84264,0.00039442663851384967,47.0
1681288620000.0,725809,1681288620000.0,0.0017000000000000348,-4.247200000000001e-05,2136.368519500006,2136.374519500006,-0.2,1.0618,0.6,1.0533,long_nclose,0.6319799999999999,0.00029581974936978943,10.0
1681291800000.0,725862,1681291800000.0,0.005400000000000005,-6.4278e-05,2136.373855222006,2136.378955222006,-0.3,1.0713,0.3,1.0533,long_nclose,0.31598999999999994,0.00014790950527110018,53.0
1681292400000.0,725872,1681292400000.0,0.0018000000000000017,-2.1426e-05,2136.3756337960062,2136.380333796006,-0.1,1.0713,0.2,1.0533,long_nclose,0.21066,9.860625475571916e-05,10.0
1681292700000.0,725877,1681292700000.0,0.005500000000000016,-4.323200000000001e-05,2136.3810905640066,2136.3810905640066,-0.2,1.0808,0.0,1.0533,long_nclose,0.0,0.0,5.0
1681691880000.0,732530,1681691880000.0,0.0,-0.017097957999999996,2136.363992606007,2136.429962606007,73.3,1.1663,73.3,1.1663,long_ientry_normal,85.48978999999999,0.04001649077398872,6653.0
1681694640000.0,732576,1681694640000.0,0.2293600000000018,-0.0057374159999999995,2136.5876151900065,2137.0374951900067,-24.4,1.1757,48.9,1.1663,long_nclose,57.03206999999999,0.026693064021588525,46.0
1681694700000.0,732577,1681694700000.0,0.15322000000000122,-0.0038327820000000003,2136.737002408007,2137.095602408007,-16.3,1.1757,32.6,1.1663,long_nclose,38.02138,0.017794131873577146,1.0
1681696440000.0,732606,1681696440000.0,0.10152000000000082,-0.0025395120000000003,2136.835982896007,2137.003842896007,-10.8,1.1757,21.8,1.1663,long_nclose,25.42534,0.011898592219296865,29.0
1681696620000.0,732609,1681696620000.0,0.06768000000000055,-0.0016930080000000002,2136.901969888007,2137.033369888007,-7.2,1.1757,14.6,1.1663,long_nclose,17.02798,0.007968535871064043,3.0
1681696860000.0,732613,1681696860000.0,0.04512000000000036,-0.001128672,2136.945961216007,2137.0567012160072,-4.8,1.1757,9.8,1.1663,long_nclose,11.429739999999999,0.005348633146294454,4.0
1681697040000.0,732616,1681697040000.0,0.030080000000000242,-0.0007524480000000001,2136.975288768007,2137.032048768007,-3.2,1.1757,6.6,1.1663,long_nclose,7.6975799999999985,0.0036020912550831364,3.0
1681697220000.0,732619,1681697220000.0,0.020680000000000167,-0.0005173080000000001,2136.995451460007,2137.0350514600073,-2.2,1.1757,4.4,1.1663,long_nclose,5.13172,0.0024013715127442037,3.0
1681697280000.0,732620,1681697280000.0,0.013160000000000104,-0.00032919599999999997,2137.008282264007,2137.040382264007,-1.4,1.1757,3.0,1.1663,long_nclose,3.4989,0.0016372889281894435,1.0
1681697640000.0,732626,1681697640000.0,0.009400000000000075,-0.00023514,2137.017447124007,2137.037847124007,-1.0,1.1757,2.0,1.1663,long_nclose,2.3326,0.0010915212709841032,6.0
1681699260000.0,732653,1681699260000.0,0.01990000000000003,-0.00023724,2137.037109884007,2137.057809884007,-1.0,1.1862,1.0,1.1663,long_nclose,1.1663,0.0005457556139786939,27.0
1681700400000.0,732672,1681700400000.0,0.009950000000000014,-0.00011862,2137.046941264007,2137.056041264007,-0.5,1.1862,0.5,1.1663,long_nclose,0.58315,0.0002728765516283335,19.0
1681704960000.0,732748,1681704960000.0,0.0009400000000000076,-2.3514000000000002e-05,2137.0478577500066,2137.0518977500064,-0.1,1.1757,0.4,1.1663,long_nclose,0.46652,0.00021830114768284887,76.0
1681706880000.0,732780,1681706880000.0,0.0009400000000000076,-2.3514000000000002e-05,2137.0487742360065,2137.0514442360063,-0.1,1.1757,0.3,1.1663,long_nclose,0.34989,0.0001637257905473334,32.0
1681706940000.0,732781,1681706940000.0,0.0009400000000000076,-2.3514000000000002e-05,2137.0496907220063,2137.0516907220062,-0.1,1.1757,0.2,1.1663,long_nclose,0.23326,0.00010915048022172692,1.0
1681707060000.0,732783,1681707060000.0,0.0009400000000000076,-2.3514000000000002e-05,2137.050607208006,2137.051367208006,-0.1,1.1757,0.1,1.1663,long_nclose,0.11663,5.45752167059692e-05,2.0
1681707600000.0,732792,1681707600000.0,0.0009400000000000076,-2.3514000000000002e-05,2137.051523694006,2137.051523694006,-0.1,1.1757,0.0,1.1663,long_nclose,0.0,0.0,9.0
1681731300000.0,733187,1681731300000.0,0.0,-0.017102228000000004,2137.034421466006,2137.222921466006,75.4,1.1341,75.4,1.1341,long_ientry_normal,85.51114000000001,0.04001392731022992,395.0
1681731420000.0,733189,1681731420000.0,0.22840999999999714,-0.005738864000000001,2137.257092602006,2137.684642602006,-25.1,1.1432,50.3,1.1341,long_nclose,57.045230000000004,0.026690860073623722,2.0
1681731600000.0,733192,1681731600000.0,0.15196999999999808,-0.003818288,2137.4052443140063,2137.781564314006,-16.7,1.1432,33.6,1.1341,long_nclose,38.105760000000004,0.01782804646024434,3.0
1681731780000.0,733195,1681731780000.0,0.10191999999999872,-0.002560768,2137.5046035460064,2137.7465235460063,-11.2,1.1432,22.4,1.1341,long_nclose,25.403840000000002,0.0118848118305132,3.0
1681732440000.0,733206,1681732440000.0,0.21615999999999858,-0.002583616,2137.7181799300065,2137.9376999300066,-11.2,1.1534,11.2,1.1341,long_nclose,12.701920000000001,0.005941812217930377,11.0
1681732620000.0,733209,1681732620000.0,0.10807999999999929,-0.001291808,2137.8249681220063,2137.9156881220065,-5.6,1.1534,5.6,1.1341,long_nclose,6.350960000000001,0.002970757706875818,3.0
1681732920000.0,733214,1681732920000.0,0.054039999999999644,-0.000645904,2137.8783622180063,2137.9301622180064,-2.8,1.1534,2.8,1.1341,long_nclose,3.1754800000000003,0.0014853417556953536,5.0
1681732980000.0,733215,1681732980000.0,0.027019999999999822,-0.000322952,2137.9050592660064,2137.9326392660064,-1.4,1.1534,1.4,1.1341,long_nclose,1.5877400000000002,0.0007426616037594808,1.0
1681733100000.0,733217,1681733100000.0,0.013509999999999911,-0.000161476,2137.9184077900068,2137.9314277900066,-0.7,1.1534,0.7,1.1341,long_nclose,0.7938700000000001,0.00037132848340111984,2.0
1681733640000.0,733226,1681733640000.0,0.005789999999999962,-6.9204e-05,2137.924128586007,2137.931928586007,-0.3,1.1534,0.4,1.1341,long_nclose,0.45364000000000004,0.00021218713701502174,9.0
1681734420000.0,733239,1681734420000.0,0.0038599999999999746,-4.6136e-05,2137.927942450007,2137.9319624500067,-0.2,1.1534,0.2,1.1341,long_nclose,0.22682000000000002,0.00010609337924648223,13.0
1681736640000.0,733276,1681736640000.0,0.0009099999999999886,-2.2864000000000003e-05,2137.928829586007,2137.929709586007,-0.1,1.1432,0.1,1.1341,long_nclose,0.11341000000000001,5.304666761145691e-05,37.0
1681736700000.0,733277,1681736700000.0,0.0009099999999999886,-2.2864000000000003e-05,2137.929716722007,2137.929716722007,-0.1,1.1432,0.0,1.1341,long_nclose,0.0,0.0,1.0
1681738020000.0,733299,1681738020000.0,0.0,-0.017110896,2137.912605826007,2138.1327158260074,75.9,1.1272,75.9,1.1272,long_ientry_normal,85.55448,0.040017763011853814,22.0
1681738440000.0,733306,1681738440000.0,0.23023000000000274,-0.005749678000000001,2138.1370861480073,2138.6026061480075,-25.3,1.1363,50.6,1.1272,long_nclose,57.03632,0.02667570773151624,7.0
1681738560000.0,733308,1681738560000.0,0.15288000000000182,-0.0038179680000000006,2138.2861481800073,2138.5869681800073,-16.8,1.1363,33.8,1.1272,long_nclose,38.09936,0.01781770883771945,2.0
1681738620000.0,733309,1681738620000.0,0.1019200000000012,-0.0025453120000000005,2138.3855228680072,2138.604742868007,-11.2,1.1363,22.6,1.1272,long_nclose,25.47472,0.011913062320882744,1.0
1681738800000.0,733312,1681738800000.0,0.06825000000000081,-0.0017044500000000004,2138.452068418007,2138.606088418007,-7.5,1.1363,15.1,1.1272,long_nclose,17.02072,0.007959364743953163,3.0
1681739280000.0,733320,1681739280000.0,0.04550000000000054,-0.0011363000000000002,2138.4964321180073,2138.5792521180074,-5.0,1.1363,10.1,1.1272,long_nclose,11.38472,0.00532370306024984,8.0
1681739340000.0,733321,1681739340000.0,0.030030000000000355,-0.000749958,2138.525712160007,2138.600512160007,-3.3,1.1363,6.8,1.1272,long_nclose,7.66496,0.003584226252888045,1.0
1681740540000.0,733341,1681740540000.0,0.02002000000000024,-0.0004999720000000001,2138.545232188007,2138.593992188007,-2.2,1.1363,4.6,1.1272,long_nclose,5.1851199999999995,0.0024246015103898243,20.0
1681741320000.0,733354,1681741320000.0,0.013650000000000162,-0.00034089,2138.5585412980067,2138.584891298007,-1.5,1.1363,3.1,1.1272,long_nclose,3.49432,0.0016339604142326207,13.0
1681741440000.0,733356,1681741440000.0,0.009100000000000108,-0.00022726000000000002,2138.567414038007,2138.587994038007,-1.0,1.1363,2.1,1.1272,long_nclose,2.36712,0.0011068718173024266,2.0
1681741860000.0,733363,1681741860000.0,0.006370000000000075,-0.00015908200000000003,2138.573624956007,2138.586504956007,-0.7,1.1363,1.4,1.1272,long_nclose,1.57808,0.0007379124017918546,7.0
1681745460000.0,733423,1681745460000.0,0.0,-0.01679236,2138.5568325960066,2138.4521525960067,75.1,1.118,76.5,1.118168366013072,long_ientry_partial,85.53988,0.03999888087900972,60.0
1681752960000.0,733548,1681752960000.0,0.230306666666666,-0.0057487200000000006,2138.7813905426733,2139.247103876007,-25.5,1.1272,51.0,1.118168366013072,long_nclose,57.02658666666667,0.02666312084013285,125.0
1681754580000.0,733575,1681754580000.0,0.15353777777777733,-0.0038324799999999997,2138.9310958404512,2139.2143713960068,-17.0,1.1272,34.0,1.118168366013072,long_nclose,38.01772444444445,0.01777416977965161,27.0
1681754760000.0,733578,1681754760000.0,0.10205746405228729,-0.0025474720000000003,2139.0306058325036,2139.237893924007,-11.3,1.1272,22.7,1.118168366013072,long_nclose,25.38242190849673,0.011866320116825995,3.0
1681755180000.0,733585,1681755180000.0,0.06773725490196059,-0.0016908000000000001,2139.096652287406,2139.238493124007,-7.5,1.1272,15.2,1.118168366013072,long_nclose,16.99615916339869,0.007945484438594275,7.0
1681755360000.0,733588,1681755360000.0,0.04515816993464039,-0.0011272,2139.1406832573402,2139.234845924007,-5.0,1.1272,10.2,1.118168366013072,long_nclose,11.405317333333333,0.005331728493876372,3.0
1681759380000.0,733655,1681759380000.0,0.030707555555555464,-0.000766496,2139.170624316896,2139.2320394280073,-3.4,1.1272,6.8,1.118168366013072,long_nclose,7.603544888888889,0.0035544359119632817,67.0
1681759560000.0,733658,1681759560000.0,0.019869594771241773,-0.0004959680000000001,2139.189997943667,2139.232923460007,-2.2,1.1272,4.6,1.118168366013072,long_nclose,5.143574483660131,0.002404449576056582,3.0
1681759860000.0,733663,1681759860000.0,0.013547450980392117,-0.00033816,2139.2032072346474,2139.2358553000067,-1.5,1.1272,3.1,1.118168366013072,long_nclose,3.466321934640523,0.0016203799260012539,5.0
1681761960000.0,733698,1681761960000.0,0.009031633986928078,-0.00022544,2139.2120134286342,2139.2307698600066,-1.0,1.1272,2.1,1.118168366013072,long_nclose,2.3481535686274513,0.001097672205413588,35.0
1681762020000.0,733699,1681762020000.0,0.0063221437908496545,-0.000157808,2139.218177764425,2139.2313820520067,-0.7,1.1272,1.4,1.118168366013072,long_nclose,1.5654357124183005,0.0007317793615863194,1.0
1681762320000.0,733704,1681762320000.0,0.0036126535947712314,-9.0176e-05,2139.22170024202,2139.2307318760068,-0.4,1.1272,1.0,1.118168366013072,long_nclose,1.118168366013072,0.0005226986833045721,5.0
1681762560000.0,733708,1681762560000.0,0.002709490196078423,-6.763199999999999e-05,2139.224342100216,2139.2307342440067,-0.3,1.1272,0.7,1.118168366013072,long_nclose,0.7827178562091502,0.00036588862645453314,4.0
1681768980000.0,733815,1681768980000.0,0.0018063267973856157,-4.5088e-05,2139.226103339013,2139.2318191560066,-0.2,1.1272,0.5,1.118168366013072,long_nclose,0.559084183006536,0.000261348803725744,107.0
1681770240000.0,733836,1681770240000.0,0.0009031633986928078,-2.2544e-05,2139.226983958412,2139.2309966120065,-0.1,1.1272,0.4,1.118168366013072,long_nclose,0.4472673464052288,0.0002090789569125611,21.0
1681775340000.0,733921,1681775340000.0,0.0009031633986928078,-2.2544e-05,2139.2278645778106,2139.2308440680067,-0.1,1.1272,0.3,1.118168366013072,long_nclose,0.33545050980392155,0.00015680915313344833,85.0
1681794480000.0,734240,1681794480000.0,0.0009031633986928078,-2.2544e-05,2139.2287451972093,2139.2308915240064,-0.1,1.1272,0.2,1.118168366013072,long_nclose,0.2236336732026144,0.00010453939238835268,319.0
1681795980000.0,734265,1681795980000.0,0.0019031633986928088,-2.2744e-05,2139.230625616608,2139.2324487800065,-0.1,1.1372,0.1,1.118168366013072,long_nclose,0.1118168366013072,5.2269650248241615e-05,25.0
1681796040000.0,734266,1681796040000.0,0.0019031633986928088,-2.2744e-05,2139.2325060360067,2139.2325060360067,-0.1,1.1372,0.0,1.118168366013072,long_nclose,0.0,0.0,1.0
1681891800000.0,735862,1681891800000.0,0.0,-0.017117746000000003,2139.2153882900066,2136.4031982900065,77.9,1.0987,77.9,1.0987,long_ientry_normal,85.58873000000001,0.04000940273172578,1596.0
1681891800000.0,735862,1681891800000.0,0.0,-0.01710659,2139.1982817000066,2135.7548817000065,79.9,1.0705,157.8,1.0844212927756653,long_rentry,171.12168,0.07999337016296158,0.0
1681891860000.0,735863,1681891860000.0,0.0,-0.017142008000000004,2139.1811396920066,2130.8385796920065,81.8,1.0478,239.6,1.0719186978297164,long_rentry,256.83172,0.12006076308104416,1.0
1681892520000.0,735874,1681892520000.0,0.0,-0.025531219999999997,2139.1556084720064,2123.5896084720066,124.3,1.027,363.9,1.0565754877713658,long_rentry,384.48782,0.1797381258648307,11.0
1682006460000.0,737773,1682006460000.0,0.0,-0.03772113,2139.1178873420063,2118.8454573420063,188.7,0.9995,552.6,1.0370855410785378,long_rentry,573.09347,0.26791112046288673,1899.0
1682059860000.0,738663,1682059860000.0,0.0,-0.055170500000000004,2139.0627168420065,2097.9306668420063,286.6,0.9625,839.2,1.0116134056244042,long_rentry,848.94597,0.3968775498332918,890.0
1682104020000.0,739399,1682104020000.0,0.0,-0.07942400000000001,2138.9832928420064,2050.7097228420066,435.2,0.9125,1274.4,0.977766768675455,long_rentry,1246.0659699999999,0.5825505856777344,736.0
1682206560000.0,741108,1682206560000.0,3.3275566666667387,-0.08373657600000001,2142.227112932673,2149.3070262660067,-424.8,0.9856,849.6,0.977766768675455,long_nclose,830.7106466666665,0.38777898088006063,1709.0
1682206740000.0,741111,1682206740000.0,2.2183711111111593,-0.055824384,2144.3896596597842,2149.0529618820065,-283.2,0.9856,566.4,0.977766768675455,long_nclose,553.8070977777777,0.2582586123203193,3.0
1682207280000.0,741120,1682207280000.0,1.4789140740741062,-0.037216256,2145.831357477858,2149.1667856260065,-188.8,0.9856,377.6,0.977766768675455,long_nclose,369.2047318518518,0.17205673249448797,9.0
1682207520000.0,741124,1682207520000.0,0.9854205006277678,-0.024797696,2146.791980282486,2148.6636679300063,-125.8,0.9856,251.8,0.977766768675455,long_nclose,246.20167235247956,0.1146835252850549,4.0
1682207640000.0,741126,1682207640000.0,0.6572081081293301,-0.016538368000000005,2147.4326500226152,2148.7142695620064,-83.9,0.9856,167.9,0.977766768675455,long_nclose,164.1670404606089,0.07644805086617268,2.0
1682207700000.0,741127,1682207700000.0,0.4378776310420685,-0.011019008,2147.8595086456576,2148.6808305540067,-55.9,0.9856,112.0,0.977766768675455,long_nclose,109.50987809165096,0.0509855871163114,1.0
1682208000000.0,741132,1682208000000.0,0.29217952840553046,-0.0073525759999999996,2148.144335598063,2148.5726079780065,-37.3,0.9856,74.7,0.977766768675455,long_nclose,73.03917762005649,0.034001056823642954,5.0
1682235720000.0,741594,1682235720000.0,0.19504745998117182,-0.004908288,2148.3344747700444,2148.754449690007,-24.9,0.9856,49.8,0.977766768675455,long_nclose,48.69278508003765,0.022665365031322545,462.0
1682236320000.0,741604,1682236320000.0,0.1300316399874479,-0.0032721920000000006,2148.4612342180317,2148.7378974980065,-16.6,0.9856,33.2,0.977766768675455,long_nclose,32.46185672002511,0.015109351848203185,10.0
1682236860000.0,741613,1682236860000.0,0.08616554456999559,-0.00216832,2148.545231442602,2148.703589178007,-11.0,0.9856,22.2,0.977766768675455,long_nclose,21.7064222645951,0.010102846310580445,9.0
1682236920000.0,741614,1682236920000.0,0.0579659118016334,-0.001458688,2148.6017386664034,2148.7176704900066,-7.4,0.9856,14.8,0.977766768675455,long_nclose,14.470948176396734,0.006735053740289058,1.0
1682236980000.0,741615,1682236980000.0,0.03838283349027077,-0.0009658880000000002,2148.639155611894,2148.742444602007,-4.9,0.9856,9.9,0.977766768675455,long_nclose,9.679891009887005,0.004505126412038389,1.0
1682237220000.0,741619,1682237220000.0,0.025849663370998675,-0.000650496,2148.6643547792646,2148.7167141060067,-3.3,0.9856,6.6,0.977766768675455,long_nclose,6.4532606732580025,0.003003382384458533,4.0
1682237580000.0,741625,1682237580000.0,0.01723310891399912,-0.000433664,2148.6811542241785,2148.7187004420066,-2.2,0.9856,4.4,0.977766768675455,long_nclose,4.3021737821720025,0.002002239268359657,6.0
1682239740000.0,741661,1682239740000.0,0.010966523854363074,-0.000275968,2148.6918447800326,2148.713544474006,-1.4,0.9856,3.0,0.977766768675455,long_nclose,2.933300306026365,0.0013651563453142138,36.0
1682240460000.0,741673,1682240460000.0,0.007833231324545054,-0.00019712,2148.6994808913573,2148.7155473540065,-1.0,0.9856,2.0,0.977766768675455,long_nclose,1.95553353735091,0.0009101009958543318,12.0
1682250840000.0,741846,1682250840000.0,0.004699938794727032,-0.00011827200000000001,2148.704062558152,2148.7154490820067,-0.6,0.9856,1.4,0.977766768675455,long_nclose,1.368873476145637,0.0006370693386765959,173.0
1682250960000.0,741848,1682250960000.0,0.0031332925298180217,-7.884800000000001e-05,2148.707117002682,2148.7137502340065,-0.4,0.9856,1.0,0.977766768675455,long_nclose,0.977766768675455,0.0004550488807610882,2.0
1682252580000.0,741875,1682252580000.0,0.002349969397363516,-5.9136000000000004e-05,2148.7094078360797,2148.714261098007,-0.3,0.9856,0.7,0.977766768675455,long_nclose,0.6844367380728185,0.0003185338769294543,27.0
1682253060000.0,741883,1682253060000.0,0.0015666462649090108,-3.942400000000001e-05,2148.7109350583446,2148.715201674007,-0.2,0.9856,0.5,0.977766768675455,long_nclose,0.4888833843377275,0.0002275240360911798,8.0
1682266440000.0,742106,1682266440000.0,0.0,-0.017094008,2148.6938410503444,2148.766907666007,90.8,0.9413,91.3,0.9414997084812458,long_ientry_partial,85.95892338433774,0.04000519838709013,223.0
1682266800000.0,742112,1682266800000.0,0.23104886217013065,-0.0057705280000000005,2148.9191193845145,2149.3880671380066,-30.4,0.9491,60.9,0.9414997084812458,long_nclose,57.33733224650786,0.02668194057621406,6.0
1682266920000.0,742114,1682266920000.0,0.15428591783071227,-0.0038533460000000005,2149.069551956345,2149.3821837920063,-20.3,0.9491,40.6,0.9414997084812458,long_nclose,38.22488816433858,0.017786715245926604,2.0
1682267100000.0,742117,1682267100000.0,0.10260393550318303,-0.00256257,2149.1695933218484,2149.372851222007,-13.5,0.9491,27.1,0.9414997084812458,long_nclose,25.514642099841762,0.01187186073129075,3.0
1682267160000.0,742118,1682267160000.0,0.06840262366878869,-0.00170838,2149.236287565517,2149.402812842007,-9.0,0.9491,18.1,0.9414997084812458,long_nclose,17.04114472351055,0.007928930300545685,1.0
1682267760000.0,742128,1682267760000.0,0.14490262366878826,-0.00172368,2149.379466509186,2149.531439162007,-9.0,0.9576,9.1,0.9414997084812458,long_nclose,8.567647347179337,0.003986102724380298,10.0
1682269020000.0,742149,1682269020000.0,0.07245131183439413,-0.00086184,2149.45105598102,2149.5260373220062,-4.5,0.9576,4.6,0.9414997084812458,long_nclose,4.33089865901373,0.0020148859156214126,21.0
1682269260000.0,742153,1682269260000.0,0.03703067049313477,-0.000440496,2149.487646155513,2149.5260568260064,-2.3,0.9576,2.3,0.9414997084812458,long_nclose,2.165449329506865,0.0010074258083687525,4.0
1682269500000.0,742157,1682269500000.0,0.01771032067062968,-0.00021067200000000002,2149.505145804184,2149.5259061540064,-1.1,0.9576,1.2,0.9414997084812458,long_nclose,1.129799650177495,0.0005256091860877162,4.0
1682270220000.0,742169,1682270220000.0,0.00966017491125255,-0.000114912,2149.5146910670956,2149.5244712420067,-0.6,0.9576,0.6,0.9414997084812458,long_nclose,0.5648998250887475,0.0002628034260181358,12.0
1682272260000.0,742203,1682272260000.0,0.0015200583037508599,-3.7964000000000004e-05,2149.5161731613994,2149.519453278007,-0.2,0.9491,0.4,0.9414997084812458,long_nclose,0.37659988339249834,0.00017520216320987916,34.0
1682272440000.0,742206,1682272440000.0,0.0007600291518754299,-1.8982000000000002e-05,2149.5169142085515,2149.519164296007,-0.1,0.9491,0.3,0.9414997084812458,long_nclose,0.28244991254437374,0.00013140157710662693,3.0
1682273100000.0,742217,1682273100000.0,0.0,-0.017133844000000002,2149.4997803645515,2149.681920452007,91.4,0.9373,91.7,0.9373137395043007,long_ientry_partial,85.95166991254438,0.03998682423590065,11.0
1682281200000.0,742352,1682281200000.0,0.23138094511882606,-0.00576389,2149.7253974196706,2150.2386365620073,-30.5,0.9449,61.2,0.9373137395043007,long_nclose,57.36360085766321,0.026684152741795353,135.0
1682281380000.0,742355,1682281380000.0,0.15475971411226397,-0.003855192,2149.8763019417825,2150.222541370007,-20.4,0.9449,40.8,0.9373137395043007,long_nclose,38.24240057177547,0.017788186481815106,3.0
1682281800000.0,742362,1682281800000.0,0.10317314274150932,-0.0025701279999999996,2149.976904956524,2150.205011242007,-13.6,0.9449,27.2,0.9373137395043007,long_nclose,25.49493371451698,0.011858236084183672,7.0
1682286780000.0,742445,1682286780000.0,0.06827634446129294,-0.00170082,2150.0434804809847,2150.1797304220063,-9.0,0.9449,18.2,0.9373137395043007,long_nclose,17.059110058978273,0.0079343093355312,83.0
1682286840000.0,742446,1682286840000.0,0.04551756297419529,-0.0011338799999999999,2150.087864163959,2150.1706565420063,-6.0,0.9449,12.2,0.9373137395043007,long_nclose,11.43522762195247,0.005318493170696049,1.0
1682286900000.0,742447,1682286900000.0,0.03034504198279686,-0.00075592,2150.117453285942,2150.1829406220063,-4.0,0.9449,8.2,0.9373137395043007,long_nclose,7.6859726639352655,0.0035746757239652604,1.0
1682289000000.0,742482,1682289000000.0,0.020482903338387884,-0.000510246,2150.13742594328,2150.1819003760065,-2.7,0.9449,5.5,0.9373137395043007,long_nclose,5.155225567273654,0.0023976260796502447,35.0
1682294400000.0,742572,1682294400000.0,0.043162903338388084,-0.0005147820000000001,2150.180074064618,2150.224835594006,-2.7,0.9533,2.8,0.9373137395043007,long_nclose,2.624478470612042,0.0012205854301546141,90.0
1682294460000.0,742573,1682294460000.0,0.022380764693979004,-0.000266924,2150.2021879053123,2150.2240086700062,-1.4,0.9533,1.4,0.9373137395043007,long_nclose,1.312239235306021,0.0006102864384973864,1.0
1682297340000.0,742621,1682297340000.0,0.0030345041982796864,-7.5592e-05,2150.2051468175105,2150.213533078006,-0.4,0.9449,1.0,0.9373137395043007,long_nclose,0.9373137395043007,0.00043591828476999327,48.0
1682297580000.0,742625,1682297580000.0,0.007993130247849645,-9.533000000000001e-05,2150.2130446177584,2150.223837748006,-0.5,0.9533,0.5,0.9373137395043007,long_nclose,0.4686568697521504,0.00021795834181420062,4.0
1682297700000.0,742627,1682297700000.0,0.01224313024784962,-9.618e-05,2150.2251915680063,2150.2251915680063,-0.5,0.9618,0.0,0.9373137395043007,long_nclose,0.0,0.0,2.0
1682537700000.0,746627,1682537700000.0,0.0,-0.017205706,2150.2079858620064,2150.376895862006,88.9,0.9677,88.9,0.9677,long_ientry_normal,86.02853,0.040009399353761424,4000.0
1682538120000.0,746634,1682538120000.0,0.0,-0.017198496,2150.190787366006,2147.643877366006,91.2,0.9429,180.1,0.9551416435313715,long_rentry,172.02101000000002,0.08000267279106268,7.0
1682538420000.0,746639,1682538420000.0,0.0,-0.017239772000000004,2150.1735475940063,2144.230077594006,93.4,0.9229,273.5,0.9441311517367461,long_rentry,258.21987000000007,0.12009257126660405,5.0
1682539260000.0,746653,1682539260000.0,0.0,-0.025654456,2150.147893138006,2138.671643138006,141.8,0.9046,415.3,0.9306336383337348,long_rentry,386.4921500000001,0.17975142604536798,14.0
1682542800000.0,746712,1682542800000.0,1.0333444546111095,-0.025966608000000002,2151.1552709846173,2151.616686530006,-138.4,0.9381,276.9,0.9306336383337348,long_nclose,257.69245445461115,0.1197925867697413,59.0
1682544300000.0,746737,1682544300000.0,0.6891451817962818,-0.017317326,2151.827098840414,2153.131549204006,-92.3,0.9381,184.6,0.9306336383337348,long_nclose,171.79496963640744,0.07983679066454043,25.0
1682545860000.0,746763,1682545860000.0,0.4591812424753124,-0.011538630000000001,2152.274741452889,2153.2923305740064,-61.5,0.9381,123.1,0.9306336383337348,long_nclose,114.56100087888275,0.05322787034221689,26.0
1682546220000.0,746769,1682546220000.0,0.9757812424753101,-0.01164195,2153.2388807453644,2154.3702486240063,-61.5,0.9465,61.6,0.9306336383337348,long_nclose,57.327032121358066,0.026623628541164814,6.0
1682546280000.0,746770,1682546280000.0,1.4948078786419343,-0.011764368,2154.7219242560063,2154.7219242560063,-61.6,0.9549,0.0,0.9306336383337348,long_nclose,0.0,0.0,1.0
1682698680000.0,749310,1682698680000.0,0.0,-0.01724416,2154.7046800960065,2154.7973000960064,84.2,1.024,84.2,1.024,long_ientry_normal,86.22080000000001,0.04001513562227855,2540.0
1682704980000.0,749415,1682704980000.0,0.22959999999999958,-0.00578032,2154.9284997760064,2155.3949597760065,-28.0,1.0322,56.2,1.024,long_nclose,57.54880000000001,0.02670566564319044,105.0
1682705100000.0,749417,1682705100000.0,0.15333999999999973,-0.003860428,2155.0779793480065,2155.2729793480066,-18.7,1.0322,37.5,1.024,long_nclose,38.4,0.01781838075836934,2.0
1682719860000.0,749663,1682719860000.0,0.10249999999999981,-0.0025805,2155.1778988480064,2155.3878988480064,-12.5,1.0322,25.0,1.024,long_nclose,25.6,0.011878369768771203,246.0
1682719980000.0,749665,1682719980000.0,0.06805999999999988,-0.0017134520000000003,2155.2442453960066,2155.3845253960067,-8.3,1.0322,16.7,1.024,long_nclose,17.1008,0.007934506743971323,2.0
1682720100000.0,749667,1682720100000.0,0.04509999999999992,-0.00113542,2155.2882099760063,2155.387889976006,-5.5,1.0322,11.2,1.024,long_nclose,11.4688,0.005321237292959384,2.0
1682720280000.0,749670,1682720280000.0,0.030339999999999947,-0.0007638280000000001,2155.3177861480062,2155.383786148006,-3.7,1.0322,7.5,1.024,long_nclose,7.68,0.0035632796469079998,3.0
1682721360000.0,749688,1682721360000.0,0.020499999999999963,-0.0005161,2155.3377700480064,2155.3752700480063,-2.5,1.0322,5.0,1.024,long_nclose,5.12,0.002375497739217905,18.0
1682721480000.0,749690,1682721480000.0,0.013119999999999977,-0.000330304,2155.3505597440067,2155.3777597440067,-1.6,1.0322,3.4,1.024,long_nclose,3.4816,0.0016153288773653198,2.0
1682721600000.0,749692,1682721600000.0,0.009019999999999985,-0.00022708400000000004,2155.3593526600066,2155.3766026600065,-1.1,1.0322,2.3,1.024,long_nclose,2.3552,0.0010927180180387846,2.0
1682721720000.0,749694,1682721720000.0,0.005739999999999989,-0.000144508,2155.3649481520065,2155.3771081520067,-0.7,1.0322,1.6,1.024,long_nclose,1.6384,0.0007601496913108621,2.0
1682721960000.0,749698,1682721960000.0,0.0040999999999999925,-0.00010322,2155.368944932007,2155.3779649320068,-0.5,1.0322,1.1,1.024,long_nclose,1.1264,0.0005226019436943931,4.0
1682722020000.0,749699,1682722020000.0,0.0024599999999999956,-6.1932e-05,2155.371343000007,2155.377503000007,-0.3,1.0322,0.8,1.024,long_nclose,0.8192,0.0003800737179978352,1.0
1682726100000.0,749767,1682726100000.0,0.0016399999999999971,-4.1288e-05,2155.372941712007,2155.3779217120073,-0.2,1.0322,0.6,1.024,long_nclose,0.6144,0.0002850550770633613,68.0
1682736660000.0,749943,1682736660000.0,0.0016399999999999971,-4.1288e-05,2155.374540424007,2155.377940424007,-0.2,1.0322,0.4,1.024,long_nclose,0.4096,0.0001900365770857733,176.0
1682736840000.0,749946,1682736840000.0,0.0008199999999999986,-2.0644e-05,2155.3753397800074,2155.3780097800072,-0.1,1.0322,0.3,1.024,long_nclose,0.3072,0.0001425273799557134,3.0
1682736960000.0,749948,1682736960000.0,0.0008199999999999986,-2.0644e-05,2155.3761391360076,2155.3777791360076,-0.1,1.0322,0.2,1.024,long_nclose,0.2048,9.501821806475738e-05,2.0
1682737200000.0,749952,1682737200000.0,0.0008199999999999986,-2.0644e-05,2155.376938492008,2155.3779884920077,-0.1,1.0322,0.1,1.024,long_nclose,0.1024,4.7509091412865974e-05,4.0
1682737920000.0,749964,1682737920000.0,0.0008199999999999986,-2.0644e-05,2155.377737848008,2155.377737848008,-0.1,1.0322,0.0,1.024,long_nclose,0.0,0.0,12.0
1682905200000.0,752752,1682905200000.0,0.0,-0.017242044,2155.360495804008,2155.4587258040083,89.3,0.9654,89.3,0.9654,long_ientry_normal,86.21022,0.039998051447927854,2788.0
1682906640000.0,752776,1682906640000.0,0.23165999999999756,-0.005780808,2155.586374996008,2156.146614996008,-29.7,0.9732,59.6,0.9654,long_nclose,57.53784,0.02669243073133943,24.0
1682907780000.0,752795,1682907780000.0,0.15443999999999838,-0.003853872,2155.736961124008,2156.047401124008,-19.8,0.9732,39.8,0.9654,long_nclose,38.42292,0.017823565997572434,19.0
1682907840000.0,752796,1682907840000.0,0.10295999999999891,-0.0025692479999999997,2155.837351876008,2156.028871876008,-13.2,0.9732,26.6,0.9654,long_nclose,25.679640000000003,0.011911677834904195,1.0
1682907960000.0,752798,1682907960000.0,0.06863999999999928,-0.0017128320000000003,2155.904279044008,2156.0324390440082,-8.8,0.9732,17.8,0.9654,long_nclose,17.18412,0.007970724937574664,2.0
1682908200000.0,752802,1682908200000.0,0.04601999999999952,-0.001148376,2155.9491506680083,2156.0479206680084,-5.9,0.9732,11.9,0.9654,long_nclose,11.48826,0.005328632169474141,4.0
1682914320000.0,752904,1682914320000.0,0.03041999999999968,-0.0007590959999999999,2155.9788115720085,2156.0436115720086,-3.9,0.9732,8.0,0.9654,long_nclose,7.7232,0.0035822244442043996,102.0
1682914500000.0,752907,1682914500000.0,0.020279999999999788,-0.0005060640000000001,2155.9985855080085,2156.0428655080086,-2.6,0.9732,5.4,0.9654,long_nclose,5.21316,0.002417979322918547,3.0
1682915400000.0,752922,1682915400000.0,0.014039999999999853,-0.000350352,2156.0122751560084,2156.0417951560084,-1.8,0.9732,3.6,0.9654,long_nclose,3.4754400000000003,0.0016119759799366256,15.0
1682915880000.0,752930,1682915880000.0,0.009359999999999901,-0.000233568,2156.0214015880083,2156.0415615880083,-1.2,0.9732,2.4,0.9654,long_nclose,2.31696,0.0010746461042981544,8.0
1682916900000.0,752947,1682916900000.0,0.006239999999999935,-0.00015571200000000002,2156.0274858760085,2156.0399658760084,-0.8,0.9732,1.6,0.9654,long_nclose,1.5446400000000002,0.0007164287144383981,17.0
1682916960000.0,752948,1682916960000.0,0.003899999999999959,-9.732e-05,2156.031288556009,2156.0404185560087,-0.5,0.9732,1.1,0.9654,long_nclose,1.06194,0.0004925438724552227,1.0
1682919480000.0,752990,1682919480000.0,0.0023399999999999753,-5.8392e-05,2156.033570164009,2156.038930164009,-0.3,0.9732,0.8,0.9654,long_nclose,0.7723200000000001,0.00035821334634471855,42.0
1682919840000.0,752996,1682919840000.0,0.0015599999999999837,-3.8928000000000004e-05,2156.035091236009,2156.039711236009,-0.2,0.9732,0.6,0.9654,long_nclose,0.57924,0.00026865982022024234,6.0
1682919900000.0,752997,1682919900000.0,0.0015599999999999837,-3.8928000000000004e-05,2156.0366123080094,2156.0398523080094,-0.2,0.9732,0.4,0.9654,long_nclose,0.38616000000000006,0.00017910642045480886,1.0
1682920260000.0,753003,1682920260000.0,0.0007799999999999919,-1.9464000000000002e-05,2156.037372844009,2156.039832844009,-0.1,0.9732,0.3,0.9654,long_nclose,0.28962,0.00013432976795664953,6.0
1682921280000.0,753020,1682921280000.0,0.001649999999999996,-1.9638e-05,2156.039003206009,2156.042483206009,-0.1,0.9819,0.2,0.9654,long_nclose,0.19308000000000003,8.955311091909374e-05,17.0
1682922060000.0,753033,1682922060000.0,0.001649999999999996,-1.9638e-05,2156.040633568009,2156.042133568009,-0.1,0.9819,0.1,0.9654,long_nclose,0.09654000000000001,4.477652160026176e-05,13.0
1682922600000.0,753042,1682922600000.0,0.001649999999999996,-1.9638e-05,2156.042263930009,2156.042263930009,-0.1,0.9819,0.0,0.9654,long_nclose,0.0,0.0,9.0
1682957280000.0,753620,1682957280000.0,0.0,-0.017240440000000003,2156.025023490009,2156.006643490009,91.9,0.938,91.9,0.938,long_ientry_normal,86.2022,0.039982003483643454,578.0
1682960100000.0,753667,1682960100000.0,0.23256000000000157,-0.005787072000000001,2156.251796418009,2156.8157564180087,-30.6,0.9456,61.3,0.938,long_nclose,57.499399999999994,0.02666636618947689,47.0
1682961300000.0,753687,1682961300000.0,0.15504000000000104,-0.0038580479999999998,2156.402978370009,2156.693368370009,-20.4,0.9456,40.9,0.938,long_nclose,38.3642,0.017790830556633202,20.0
1682963760000.0,753728,1682963760000.0,0.10336000000000069,-0.002572032,2156.503766338009,2156.735816338009,-13.6,0.9456,27.3,0.938,long_nclose,25.6074,0.011874498157489567,41.0
1682968500000.0,753807,1682968500000.0,0.0,-0.012203362,2156.491562976009,2156.030752976009,65.9,0.9259,93.2,0.929444313304721,long_ientry_partial,86.62421,0.0401690465602641,79.0
1682971560000.0,753858,1682971560000.0,0.23112628755364784,-0.0058087799999999995,2156.716880483563,2157.186844196009,-31.0,0.9369,62.2,0.929444313304721,long_nclose,57.81143628755365,0.026805296889312425,51.0
1682971680000.0,753860,1682971680000.0,0.15433271459227452,-0.0038787659999999996,2156.867334432155,2157.2223954300093,-20.7,0.9369,41.5,0.929444313304721,long_nclose,38.571939002145925,0.017883315485558538,2.0
1682972040000.0,753866,1682972040000.0,0.10288847639484969,-0.0025858440000000003,2156.96763706455,2157.1741595860094,-13.8,0.9369,27.7,0.929444313304721,long_nclose,25.74560747854077,0.0119360193616898,6.0
1682972100000.0,753867,1682972100000.0,0.06859231759656645,-0.001723896,2157.034505486147,2157.1779856900093,-9.2,0.9369,18.5,0.929444313304721,long_nclose,17.19471979613734,0.007971462557694244,1.0
1682976780000.0,753945,1682976780000.0,0.04547968884120167,-0.001143018,2157.078842156988,2157.181212672009,-6.1,0.9369,12.4,0.929444313304721,long_nclose,11.525109484978541,0.0053429245420876315,78.0
1682979300000.0,753987,1682979300000.0,0.030568315450643743,-0.000768258,2157.1086422144385,2157.1705244140094,-4.1,0.9369,8.3,0.929444313304721,long_nclose,7.714387800429185,0.0035762629890118886,42.0
1682979360000.0,753988,1682979360000.0,0.0201303540772532,-0.0005059260000000001,2157.1282666425154,2157.168898488009,-2.7,0.9369,5.6,0.929444313304721,long_nclose,5.204888154506437,0.0024128783786268025,1.0
1682979420000.0,753989,1682979420000.0,0.013420236051502133,-0.00033728400000000003,2157.1413495945667,2157.170441204009,-1.8,0.9369,3.8,0.929444313304721,long_nclose,3.5318883905579397,0.00163730039815043,1.0
1682980800000.0,754012,1682980800000.0,0.008946824034334755,-0.000224856,2157.150071562601,2157.178036348009,-1.2,0.9369,2.6,0.929444313304721,long_nclose,2.416555214592275,0.0011202536376348471,23.0
1682982060000.0,754033,1682982060000.0,0.00596454935622317,-0.000149904,2157.1558862079573,2157.1691264440087,-0.8,0.9369,1.8,0.929444313304721,long_nclose,1.672999763948498,0.0007755581201363465,21.0
1682982120000.0,754034,1682982120000.0,0.004473412017167377,-0.000112428,2157.160247191974,2157.1706340160085,-0.6,0.9369,1.2,0.929444313304721,long_nclose,1.115333175965665,0.0005170377014955288,1.0
1682983800000.0,754062,1682983800000.0,0.002982274678111585,-7.4952e-05,2157.1631545146524,2157.1687990640085,-0.4,0.9369,0.8,0.929444313304721,long_nclose,0.7435554506437768,0.00034469133643767985,28.0
1682985060000.0,754083,1682985060000.0,0.0014911373390557926,-3.7476e-05,2157.1646081759914,2157.1688415880085,-0.2,0.9369,0.6,0.929444313304721,long_nclose,0.5576665879828325,0.0002585183281188598,21.0
1682999160000.0,754318,1682999160000.0,0.0014911373390557926,-3.7476e-05,2157.1660618373303,2157.1688441120086,-0.2,0.9369,0.4,0.929444313304721,long_nclose,0.3717777253218884,0.00017234543593979635,235.0
1682999400000.0,754322,1682999400000.0,0.0007455686695278963,-1.8738e-05,2157.1667886679998,2157.169685374008,-0.1,0.9369,0.3,0.929444313304721,long_nclose,0.27883329399141626,0.00012925903340259997,4.0
1683001500000.0,754357,1683001500000.0,0.0007455686695278963,-1.8738e-05,2157.167515498669,2157.1689866360084,-0.1,0.9369,0.2,0.929444313304721,long_nclose,0.1858888626609442,8.617265990025468e-05,35.0
1683011700000.0,754527,1683011700000.0,0.0007455686695278963,-1.8738e-05,2157.1682423293387,2157.169227898008,-0.1,0.9369,0.1,0.929444313304721,long_nclose,0.0929444313304721,4.3086315432731144e-05,170.0
1683012180000.0,754535,1683012180000.0,0.0007455686695278963,-1.8738e-05,2157.168969160008,2157.168969160008,-0.1,0.9369,0.0,0.929444313304721,long_nclose,0.0,0.0,8.0
1683289800000.0,759162,1683289800000.0,0.0,-0.01726362,2157.151705540008,2155.914205540008,99.0,0.8719,99.0,0.8719,long_ientry_normal,86.3181,0.04001484910788491,4627.0
1683289860000.0,759163,1683289860000.0,0.2310000000000002,-0.00580074,2157.3769048000086,2157.8719048000085,-33.0,0.8789,66.0,0.8719,long_nclose,57.5454,0.026673781420374725,1.0
1683289980000.0,759165,1683289980000.0,0.15400000000000014,-0.00386716,2157.5270376400085,2157.7514376400086,-22.0,0.8789,44.0,0.8719,long_nclose,38.3636,0.01778128353930789,2.0
1683290100000.0,759167,1683290100000.0,0.10220000000000008,-0.002566388,2157.6266712520082,2157.767791252008,-14.6,0.8789,29.4,0.8719,long_nclose,25.63386,0.011880581725069894,2.0
1683290280000.0,759170,1683290280000.0,0.06860000000000006,-0.0017226440000000002,2157.6935486080083,2157.856228608008,-9.8,0.8789,19.6,0.8719,long_nclose,17.08924,0.007920142325597986,3.0
1683290400000.0,759172,1683290400000.0,0.04550000000000004,-0.00114257,2157.7379060380085,2157.8387760380087,-6.5,0.8789,13.1,0.8719,long_nclose,11.42189,0.0052934556917399785,2.0
1683290520000.0,759174,1683290520000.0,0.030100000000000026,-0.000755854,2157.7672501840084,2157.8279701840083,-4.3,0.8789,8.8,0.8719,long_nclose,7.672720000000001,0.0035558608090588513,2.0
1683290580000.0,759175,1683290580000.0,0.020300000000000016,-0.000509762,2157.7870404220084,2157.8301104220086,-2.9,0.8789,5.9,0.8719,long_nclose,5.14421,0.0023840211770823887,1.0
1683290700000.0,759177,1683290700000.0,0.013300000000000011,-0.00033398200000000003,2157.8000064400085,2157.8364064400084,-1.9,0.8789,4.0,0.8719,long_nclose,3.4876,0.001616275831676323,2.0
1683291960000.0,759198,1683291960000.0,0.009100000000000009,-0.00022851400000000003,2157.808877926009,2157.825887926009,-1.3,0.8789,2.7,0.8719,long_nclose,2.35413,0.0010909817009663461,21.0
1683292020000.0,759199,1683292020000.0,0.006300000000000006,-0.000158202,2157.815019724009,2157.827979724009,-0.9,0.8789,1.8,0.8719,long_nclose,1.56942,0.0007273190638003501,1.0
1683292140000.0,759201,1683292140000.0,0.004200000000000003,-0.00010546800000000001,2157.8191142560086,2157.8277542560086,-0.6,0.8789,1.2,0.8719,long_nclose,1.0462799999999999,0.0004848784557925029,2.0
1683292680000.0,759210,1683292680000.0,0.0028000000000000026,-7.031200000000001e-05,2157.821843944009,2157.827043944009,-0.4,0.8789,0.8,0.8719,long_nclose,0.69752,0.00032325189494100757,9.0
1683292740000.0,759211,1683292740000.0,0.0014000000000000013,-3.515600000000001e-05,2157.8232087880087,2157.827648788009,-0.2,0.8789,0.6,0.8719,long_nclose,0.5231399999999999,0.00024243876786079875,1.0
1683293280000.0,759220,1683293280000.0,0.0014000000000000013,-3.515600000000001e-05,2157.8245736320087,2157.8274136320088,-0.2,0.8789,0.4,0.8719,long_nclose,0.34876,0.00016162574301069058,9.0
1683293400000.0,759222,1683293400000.0,0.0007000000000000006,-1.7578000000000003e-05,2157.8252560540086,2157.8271160540085,-0.1,0.8789,0.3,0.8719,long_nclose,0.26156999999999997,0.00012121926892186356,2.0
1683293460000.0,759223,1683293460000.0,0.0007000000000000006,-1.7578000000000003e-05,2157.8259384760086,2157.8274384760084,-0.1,0.8789,0.2,0.8719,long_nclose,0.17438,8.081282039048898e-05,1.0
1683293820000.0,759229,1683293820000.0,0.0007000000000000006,-1.7578000000000003e-05,2157.8266208980085,2157.8273308980083,-0.1,0.8789,0.1,0.8719,long_nclose,0.08719,4.040639741654254e-05,6.0
1683293940000.0,759231,1683293940000.0,0.0007000000000000006,-1.7578000000000003e-05,2157.8273033200085,2157.8273033200085,-0.1,0.8789,0.0,0.8719,long_nclose,0.0,0.0,2.0
1683359280000.0,760320,1683359280000.0,0.0,-0.017254082,2157.8100492380086,2157.7901092380084,99.7,0.8653,99.7,0.8653,long_ientry_normal,86.27041,0.03998053954307277,1089.0
1683381960000.0,760698,1683381960000.0,0.0,-0.017300411999999998,2157.7927488260084,2155.1748088260083,102.6,0.8431,202.3,0.8540408798813642,long_rentry,172.77247,0.08006907525942908,378.0
1683400140000.0,761001,1683400140000.0,0.46230469599605056,-0.011604932000000002,2158.2434485900044,2159.290153894008,-67.4,0.8609,134.9,0.8540408798813642,long_nclose,115.21011469599604,0.053381426813209426,303.0
1683400260000.0,761003,1683400260000.0,0.3079744933267458,-0.007730882,2158.543692201331,2159.215013012008,-44.9,0.8609,90.0,0.8540408798813642,long_nclose,76.86367918932278,0.03560904486993983,2.0
1683400380000.0,761005,1683400380000.0,0.20577360355907293,-0.0051654,2158.74430040489,2159.215847612008,-30.0,0.8609,60.0,0.8540408798813642,long_nclose,51.242452792881856,0.023737157190534756,2.0
1683410220000.0,761169,1683410220000.0,0.13718240237271528,-0.0034436000000000002,2158.8780392072626,2159.176404012008,-20.0,0.8609,40.0,0.8540408798813642,long_nclose,34.16163519525457,0.015823791142828374,164.0
1683414960000.0,761248,1683414960000.0,0.09122629757785566,-0.002289994,2158.9669755108407,2159.1421040180085,-13.3,0.8609,26.7,0.8540408798813642,long_nclose,22.802891492832426,0.010561945482022463,79.0
1683420300000.0,761337,1683420300000.0,0.0610461690558583,-0.0015324020000000002,2159.0264892778964,2159.152141616008,-8.9,0.8609,17.8,0.8540408798813642,long_nclose,15.201927661888284,0.007041102894005107,89.0
1683420600000.0,761342,1683420600000.0,0.04046880869995101,-0.0010158620000000002,2159.0659422245967,2159.1249557540086,-5.9,0.8609,11.9,0.8540408798813642,long_nclose,10.163086470588235,0.004707168165561763,5.0
1683420780000.0,761345,1683420780000.0,0.02675056846267948,-0.000671502,2159.0920212910596,2159.1484942520087,-3.9,0.8609,8.0,0.8540408798813642,long_nclose,6.832327039050914,0.003164444577478188,3.0
1683420900000.0,761347,1683420900000.0,0.017833712308452987,-0.000447668,2159.109407335368,2159.1540065840086,-2.6,0.8609,5.4,0.8540408798813642,long_nclose,4.611820751359367,0.0021359828898392767,2.0
1683422460000.0,761373,1683422460000.0,0.012346416213544376,-0.000309924,2159.1214438275815,2159.147576660009,-1.8,0.8609,3.6,0.8540408798813642,long_nclose,3.0745471675729115,0.0014239806548919775,26.0
1683434460000.0,761573,1683434460000.0,0.008230944142362917,-0.00020661600000000002,2159.1294681557238,2159.1456900440085,-1.2,0.8609,2.4,0.8540408798813642,long_nclose,2.049698111715274,0.0009493169084788958,200.0
1683435540000.0,761591,1683435540000.0,0.005487296094908611,-0.000137744,2159.134817707819,2159.1461123000086,-0.8,0.8609,1.6,0.8540408798813642,long_nclose,1.3664654078101828,0.000632876370944196,18.0
1683436440000.0,761606,1683436440000.0,0.003429560059317882,-8.609e-05,2159.1381611778784,2159.145926210009,-0.5,0.8609,1.1,0.8540408798813642,long_nclose,0.9394449678695007,0.00043510183125891475,15.0
1683437160000.0,761618,1683437160000.0,0.0020577360355907293,-5.1654000000000004e-05,2159.140167259914,2159.145814556009,-0.3,0.8609,0.8,0.8540408798813642,long_nclose,0.6832327039050914,0.0003164374014551158,12.0
1683437400000.0,761622,1683437400000.0,0.0013718240237271528,-3.4436e-05,2159.141504647938,2159.146040120009,-0.2,0.8609,0.6,0.8540408798813642,long_nclose,0.5124245279288185,0.000237327904088608,4.0
1683441720000.0,761694,1683441720000.0,0.0013718240237271528,-3.4436e-05,2159.1428420359616,2159.145705684009,-0.2,0.8609,0.4,0.8540408798813642,long_nclose,0.3416163519525457,0.0001582185047240408,72.0
1683441840000.0,761696,1683441840000.0,0.0006859120118635764,-1.7218e-05,2159.1435107299735,2159.1455984660092,-0.1,0.8609,0.3,0.8540408798813642,long_nclose,0.25621226396440927,0.00011866384179242805,2.0
1683442080000.0,761700,1683442080000.0,0.0006859120118635764,-1.7218e-05,2159.1441794239854,2159.145831248009,-0.1,0.8609,0.2,0.8540408798813642,long_nclose,0.17080817597627285,7.910920336123218e-05,4.0
1683443400000.0,761722,1683443400000.0,0.0006859120118635764,-1.7218e-05,2159.1448481179973,2159.145544030009,-0.1,0.8609,0.1,0.8540408798813642,long_nclose,0.08540408798813642,3.9554589430430416e-05,22.0
1683451920000.0,761864,1683451920000.0,0.0014559120118635806,-1.7372000000000002e-05,2159.146286658009,2159.146286658009,-0.1,0.8686,0.0,0.8540408798813642,long_nclose,0.0,0.0,142.0
1683510180000.0,762835,1683510180000.0,0.0,-0.017265976000000002,2159.129020682009,2158.186260682009,103.6,0.8333,103.6,0.8333,long_ientry_normal,86.32988,0.03998365969474617,971.0
1683510240000.0,762836,1683510240000.0,0.0,-0.017277232,2159.111743450009,2155.046703450009,106.4,0.8119,210.0,0.8224573333333334,long_rentry,172.71604000000002,0.07999402556350323,1.0
1683511680000.0,762860,1683511680000.0,0.0,-0.017308566,2159.094434884009,2154.0945348840087,108.9,0.7947,318.9,0.8129785826277831,long_rentry,259.25887,0.12007759633446878,24.0
1683532080000.0,763200,1683532080000.0,0.0,-0.025766012,2159.068668872009,2149.0243188720087,165.4,0.7789,484.3,0.8013399339252529,long_rentry,388.08893,0.17974830332874706,340.0
1683541740000.0,763361,1683541740000.0,1.0426546644641703,-0.026075784,2160.0852477524727,2162.0743330880086,-161.4,0.8078,322.9,0.8013399339252529,long_nclose,258.75266466446413,0.1197881726814677,161.0
1683542400000.0,763372,1683542400000.0,0.6951031096427802,-0.017383856,2160.7629670061156,2162.2184092320085,-107.6,0.8078,215.3,0.8013399339252529,long_nclose,172.52848777410696,0.07984609622089041,11.0
1683542520000.0,763374,1683542520000.0,0.46318673755936196,-0.011583852,2161.2145698916747,2162.1422353800085,-71.7,0.8078,143.6,0.8013399339252529,long_nclose,115.07241451166632,0.05324432664612012,2.0
1683542580000.0,763375,1683542580000.0,0.30879115837290794,-0.007722568,2161.5156384820475,2162.1345128120083,-47.8,0.8078,95.8,0.8013399339252529,long_nclose,76.76836567003923,0.035515989014056275,1.0
1683542700000.0,763377,1683542700000.0,0.2060761077844302,-0.005153764,2161.716560825832,2162.1996490480083,-31.9,0.8078,63.9,0.8013399339252529,long_nclose,51.20562177782366,0.023687481840015963,2.0
1683546420000.0,763439,1683546420000.0,0.1375994073921117,-0.0034412280000000006,2161.8507190052237,2162.1429578200077,-21.3,0.8078,42.6,0.8013399339252529,long_nclose,34.13708118521578,0.01579067457577458,62.0
1683547980000.0,763465,1683547980000.0,0.0917329382614078,-0.002294152,2161.940157791485,2162.120783668008,-14.2,0.8078,28.4,0.8013399339252529,long_nclose,22.758054123477184,0.010526680880346622,26.0
1683548040000.0,763466,1683548040000.0,0.06072462110262207,-0.001518664,2161.9993637485877,2162.146805004008,-9.4,0.8078,19.0,0.8013399339252529,long_nclose,15.225458744579806,0.007042304914549608,1.0
1683551700000.0,763527,1683551700000.0,0.12977062771009662,-0.0015485,2162.127585876298,2162.274456504008,-9.5,0.815,9.5,0.8013399339252529,long_nclose,7.612729372289903,0.003520943639967716,61.0
1683551940000.0,763531,1683551940000.0,0.19817062771009752,-0.00156218,2162.324194324008,2162.324194324008,-9.5,0.8222,0.0,0.8013399339252529,long_nclose,0.0,0.0,4.0
1683568740000.0,763811,1683568740000.0,0.0,-0.01729968,2162.306894644008,2161.5009746440082,110.4,0.7835,110.4,0.7835,long_ientry_normal,86.4984,0.04000283225949788,280.0
1683568860000.0,763813,1683568860000.0,0.0,-0.017298644,2162.289596000008,2159.869226000008,113.3,0.7634,223.7,0.7733197139025481,long_rentry,172.99161999999998,0.08000390896761238,2.0
1683569040000.0,763816,1683569040000.0,0.0,-0.017335040000000003,2162.2722609600078,2160.471710960008,116.0,0.7472,339.7,0.7644004121283485,long_rentry,259.66682,0.12008978919459146,3.0
1683569760000.0,763828,1683569760000.0,0.7017933470709412,-0.017446384000000002,2162.956607923079,2164.451414576008,-113.2,0.7706,226.5,0.7644004121283485,long_nclose,173.13669334707095,0.08004630916443618,12.0
1683569880000.0,763830,1683569880000.0,0.4680688843096825,-0.01163606,2163.4130407473885,2164.424678516008,-75.5,0.7706,151.0,0.7644004121283485,long_nclose,115.42446223138063,0.05335294742954182,2.0
1683570360000.0,763838,1683570360000.0,0.31183926994406663,-0.007752235999999999,2163.7171277813322,2164.2507962800078,-50.3,0.7706,100.7,0.7644004121283485,long_nclose,76.9751215013247,0.035575408870684826,8.0
1683570600000.0,763842,1683570600000.0,0.2076861937003227,-0.00516302,2163.9196509550325,2164.3497032600076,-33.5,0.7706,67.2,0.7644004121283485,long_nclose,51.367707695025025,0.02373826942805118,4.0
1683570660000.0,763843,1683570660000.0,0.0,-0.006952616000000001,2163.9126983390324,2164.0956906440074,45.1,0.7708,112.3,0.766970504853295,long_ientry_partial,86.13078769502502,0.03980326367192953,1.0
1683571320000.0,763854,1683571320000.0,0.2329831184867674,-0.005783536,2164.139897921519,2164.6514271080073,-37.4,0.7732,74.9,0.766970504853295,long_nclose,57.4460908135118,0.026544536639560183,11.0
1683571380000.0,763855,1683571380000.0,0.0,-0.00572612,2164.134171801519,2164.7016509880073,37.0,0.7738,111.9,0.7692286935970669,long_ientry_partial,86.07669081351179,0.039774193270955015,1.0
1683572940000.0,763881,1683572940000.0,0.23018972882940325,-0.0057844839999999995,2164.3585770463487,2164.7741965040077,-37.3,0.7754,74.6,0.7692286935970669,long_nclose,57.38446054234119,0.026513379599351076,26.0
1683573000000.0,763882,1683573000000.0,0.0,-0.005749016000000001,2164.3528280303485,2164.8131274880075,37.1,0.7748,111.7,0.7710791454103957,long_ientry_partial,86.1295405423412,0.0397945932968437,1.0
1683582480000.0,764040,1683582480000.0,0.23141579073328025,-0.005783112000000001,2164.578460709082,2165.079164376007,-37.2,0.7773,74.5,0.7710791454103957,long_nclose,57.44539633307448,0.02653883764243698,158.0
1683585600000.0,764092,1683585600000.0,0.15427719382218683,-0.0038554080000000003,2164.7288824949037,2165.107638968007,-24.8,0.7773,49.7,0.7710791454103957,long_nclose,38.32263352689667,0.017703202390282186,52.0
1683585720000.0,764094,1683585720000.0,0.10264410072847108,-0.0025650900000000003,2164.828961505632,2165.0786538780067,-16.5,0.7773,33.2,0.7710791454103957,long_nclose,25.59982762762514,0.011825334972339126,2.0
1683586140000.0,764101,1683586140000.0,0.06842940048564738,-0.00171006,2164.8956808461176,2165.044883818007,-11.0,0.7773,22.2,0.7710791454103957,long_nclose,17.117957028110784,0.00790705860774801,7.0
1683586320000.0,764104,1683586320000.0,0.04603432396307188,-0.001150404,2164.9405647660806,2165.0548334140067,-7.4,0.7773,14.8,0.7710791454103957,long_nclose,11.411971352073857,0.0052712631181664376,3.0
1683588060000.0,764133,1683588060000.0,0.09709432396307201,-0.0011606160000000002,2165.0364984740436,2165.138032798007,-7.4,0.7842,7.4,0.7710791454103957,long_nclose,5.705985676036929,0.0026355147731036447,29.0
1683588180000.0,764135,1683588180000.0,0.048547161981536004,-0.0005803080000000001,2165.084465328025,2165.1352324900067,-3.7,0.7842,3.7,0.7710791454103957,long_nclose,2.8529928380184644,0.00131772819199745,2.0
1683588480000.0,764140,1683588480000.0,0.023617538261287787,-0.00028231200000000006,2165.1078005542863,2165.134630178007,-1.8,0.7842,1.9,0.7710791454103957,long_nclose,1.4650503762797518,0.0006766639406613778,5.0
1683588600000.0,764142,1683588600000.0,0.011808769130643893,-0.00014115600000000003,2165.119468167417,2165.1342890220067,-0.9,0.7842,1.0,0.7710791454103957,long_nclose,0.7710791454103957,0.0003561369969404258,2.0
1683592800000.0,764212,1683592800000.0,0.0065604272948021625,-7.842e-05,2165.1259501747118,2165.1323606020064,-0.5,0.7842,0.5,0.7710791454103957,long_nclose,0.38553957270519784,0.00017806796536436471,70.0
1683593100000.0,764217,1683593100000.0,0.002624170917920865,-3.1368e-05,2165.12854297763,2165.132359234007,-0.2,0.7842,0.3,0.7710791454103957,long_nclose,0.2313237436231187,0.00010684065127375152,5.0
1683593160000.0,764218,1683593160000.0,0.0013120854589604325,-1.5684e-05,2165.129839379089,2165.1325035500067,-0.1,0.7842,0.2,0.7710791454103957,long_nclose,0.15421582908207915,7.122705820095519e-05,1.0
1683593820000.0,764229,1683593820000.0,0.0013120854589604325,-1.5684e-05,2165.131135780548,2165.132547866007,-0.1,0.7842,0.1,0.7710791454103957,long_nclose,0.07710791454103957,3.561350777639689e-05,11.0
1683594360000.0,764238,1683594360000.0,0.0020120854589604333,-1.5824000000000003e-05,2165.1331320420068,2165.1331320420068,-0.1,0.7912,0.0,0.7710791454103957,long_nclose,0.0,0.0,9.0
1683739020000.0,766649,1683739020000.0,0.0,-0.017326156000000002,2165.115805886007,2166.292885886007,115.4,0.7507,115.4,0.7507,long_ientry_normal,86.63078,0.04001207684341347,2411.0
1683739140000.0,766651,1683739140000.0,0.23423999999999978,-0.005812224,2165.3442336620074,2165.8293336620072,-38.4,0.7568,77.0,0.7507,long_nclose,57.803900000000006,0.02669501647885457,2.0
1683739200000.0,766652,1683739200000.0,0.0,-0.005764608,2165.3384690540074,2164.3960290540076,38.4,0.7506,115.4,0.7506667244367418,long_ientry_partial,86.62694,0.04000618898062877,1.0
1683739740000.0,766661,1683739740000.0,0.23167778162911787,-0.0058114560000000004,2165.5643353796363,2165.9826975980072,-38.4,0.7567,77.0,0.7506667244367418,long_nclose,57.801337781629115,0.026691120110036444,9.0
1683739800000.0,766662,1683739800000.0,0.15445185441941192,-0.003874304000000001,2165.7149129300556,2166.055863294007,-25.6,0.7567,51.4,0.7506667244367418,long_nclose,38.584269636048525,0.017815950476993667,1.0
1683740700000.0,766677,1683740700000.0,0.3298151819757356,-0.00392439,2166.0408037220313,2166.293518904007,-25.7,0.7635,25.7,0.7506667244367418,long_nclose,19.292134818024262,0.008906634992689653,15.0
1683740820000.0,766679,1683740820000.0,0.1642659272097049,-0.00195456,2166.2031150892412,2166.4099443440073,-12.8,0.7635,12.9,0.7506667244367418,long_nclose,9.683600745233969,0.004470310599121742,2.0
1683741420000.0,766689,1683741420000.0,0.2519792547660312,-0.001987116,2166.4531072280074,2166.4531072280074,-12.9,0.7702,0.0,0.7506667244367418,long_nclose,0.0,0.0,10.0
1683775800000.0,767262,1683775800000.0,0.0,-0.017327284,2166.435779944007,2166.401189944007,115.3,0.7514,115.3,0.7514,long_ientry_normal,86.63641999999999,0.03999030149060738,573.0
1683792120000.0,767534,1683792120000.0,0.0,-0.017336128,2166.4184438160073,2164.9409938160074,118.4,0.7321,233.7,0.7416219940094138,long_rentry,173.31706,0.0800016545717332,272.0
1683796500000.0,767607,1683796500000.0,0.46568666666667186,-0.011647608000000002,2166.872482874674,2167.850596208007,-77.9,0.7476,155.8,0.7416219940094138,long_nclose,115.54470666666667,0.053323260865530804,73.0
1683796740000.0,767611,1683796740000.0,0.31025851091142836,-0.007760088000000001,2167.1749812975854,2167.712976120007,-51.9,0.7476,103.9,0.7416219940094138,long_nclose,77.0545251775781,0.035555285494963625,4.0
1683796980000.0,767615,1683796980000.0,0.20683900727428559,-0.005173392000000001,2167.3766469128595,2167.790922728007,-34.6,0.7476,69.3,0.7416219940094138,long_nclose,51.39440418485237,0.02371272397811284,4.0
1683800400000.0,767672,1683800400000.0,0.13809193838254327,-0.0034539120000000004,2167.5112849392417,2167.801328816007,-23.1,0.7476,46.2,0.7416219940094138,long_nclose,34.262936123234915,0.01580750068583627,57.0
1683801000000.0,767682,1683801000000.0,0.09206129225502883,-0.0023026080000000003,2167.601043623497,2167.809806208007,-15.4,0.7476,30.8,0.7416219940094138,long_nclose,22.841957415489944,0.010537897406298487,10.0
1683801300000.0,767687,1683801300000.0,0.06097566110398014,-0.001525104,2167.660494180601,2167.793941104007,-10.2,0.7476,20.6,0.7416219940094138,long_nclose,15.277413076593925,0.007047880937816765,5.0
1683802620000.0,767709,1683802620000.0,0.04065044073598676,-0.001016736,2167.7001278853368,2167.790904368007,-6.8,0.7476,13.8,0.7416219940094138,long_nclose,10.23438351732991,0.004721309643190311,22.0
1683802920000.0,767714,1683802920000.0,0.027498827556696925,-0.000687792,2167.7269389208936,2167.783776576007,-4.6,0.7476,9.2,0.7416219940094138,long_nclose,6.822922344886606,0.003147500832500192,5.0
1683803100000.0,767717,1683803100000.0,0.017934017971758864,-0.00044856000000000003,2167.744424378865,2167.7814880160067,-3.0,0.7476,6.2,0.7416219940094138,long_nclose,4.598056362858365,0.002121124755828109,3.0
1683803160000.0,767718,1683803160000.0,0.011956011981172576,-0.00029904000000000004,2167.756081350846,2167.7816089760067,-2.0,0.7476,4.2,0.7416219940094138,long_nclose,3.1148123748395378,0.0014368832368347132,1.0
1683803460000.0,767723,1683803460000.0,0.008369208386820802,-0.00020932800000000003,2167.764241231233,2167.7776196480067,-1.4,0.7476,2.8,0.7416219940094138,long_nclose,2.0765415832263585,0.0009579185520870746,5.0
1683803700000.0,767727,1683803700000.0,0.005380205391527659,-0.00013456800000000003,2167.769486868625,2167.783125080007,-0.9,0.7476,1.9,0.7416219940094138,long_nclose,1.4090817886178861,0.0006500145874150695,4.0
1683804060000.0,767733,1683804060000.0,0.0035868035943517726,-8.971200000000001e-05,2167.7729839602193,2167.781145368007,-0.6,0.7476,1.3,0.7416219940094138,long_nclose,0.9641085922122379,0.00044474610549437966,6.0
1683804600000.0,767742,1683804600000.0,0.0023912023962345155,-5.980800000000001e-05,2167.7753153546155,2167.781505560007,-0.4,0.7476,0.9,0.7416219940094138,long_nclose,0.6674597946084724,0.00030790081881677204,9.0
1683804720000.0,767744,1683804720000.0,0.0017934017971758863,-4.4856000000000006e-05,2167.777063900413,2167.7806507040073,-0.3,0.7476,0.6,0.7416219940094138,long_nclose,0.44497319640564825,0.0002052670469743886,2.0
1683806820000.0,767779,1683806820000.0,0.0011956011981172578,-2.9904000000000004e-05,2167.7782295976112,2167.7806608000074,-0.2,0.7476,0.4,0.7416219940094138,long_nclose,0.2966487976037655,0.00013684462439630195,35.0
1683807360000.0,767788,1683807360000.0,0.0005978005990586289,-1.4952000000000002e-05,2167.7788124462104,2167.780785848008,-0.1,0.7476,0.3,0.7416219940094138,long_nclose,0.22248659820282413,0.00010263344070226479,9.0
1683807480000.0,767790,1683807480000.0,0.0005978005990586289,-1.4952000000000002e-05,2167.7793952948095,2167.7803908960077,-0.1,0.7476,0.2,0.7416219940094138,long_nclose,0.14832439880188275,6.842227540487865e-05,2.0
1683807600000.0,767792,1683807600000.0,0.0005978005990586289,-1.4952000000000002e-05,2167.7799781434087,2167.7806059440077,-0.1,0.7476,0.1,0.7416219940094138,long_nclose,0.07416219940094138,3.421112850412866e-05,2.0
1683807900000.0,767797,1683807900000.0,0.0005978005990586289,-1.4952000000000002e-05,2167.780560992008,2167.780560992008,-0.1,0.7476,0.0,0.7416219940094138,long_nclose,0.0,0.0,5.0
1683825480000.0,768090,1683825480000.0,0.0,-0.017342448,2167.763218544008,2167.582768544008,120.3,0.7208,120.3,0.7208,long_ientry_normal,86.71224,0.04000078941197315,293.0
1683842640000.0,768376,1683842640000.0,0.2325800000000011,-0.005827332000000001,2167.9899712120077,2168.5112712120076,-40.1,0.7266,80.2,0.7208,long_nclose,57.80816,0.026664403787662605,286.0
1683844560000.0,768408,1683844560000.0,0.4932299999999991,-0.005879462,2168.477321750008,2168.954511750008,-40.1,0.7331,40.1,0.7208,long_nclose,28.90408,0.013329205572080314,32.0
1683845040000.0,768416,1683845040000.0,0.07714000000000036,-0.0019327560000000003,2168.552528994008,2168.713328994008,-13.3,0.7266,26.8,0.7208,long_nclose,19.31744,0.00890798804350908,8.0
1683846000000.0,768432,1683846000000.0,0.05162000000000024,-0.0012933480000000002,2168.602855646008,2168.7263656460077,-8.9,0.7266,17.9,0.7208,long_nclose,12.90232,0.005949600207529244,16.0
1683847020000.0,768449,1683847020000.0,0.03422000000000016,-0.0008573880000000002,2168.636218258008,2168.704618258008,-5.9,0.7266,12.0,0.7208,long_nclose,8.6496,0.003988497437780473,17.0
1683847260000.0,768453,1683847260000.0,0.02320000000000011,-0.0005812800000000001,2168.658836978008,2168.704436978008,-4.0,0.7266,8.0,0.7208,long_nclose,5.7664,0.002658970558981692,4.0
1683847620000.0,768459,1683847620000.0,0.01508000000000007,-0.00037783200000000004,2168.673539146008,2168.704859146008,-2.6,0.7266,5.4,0.7208,long_nclose,3.8923200000000002,0.001794792959724468,6.0
1683847680000.0,768460,1683847680000.0,0.01044000000000005,-0.000261576,2168.683717570008,2168.710717570008,-1.8,0.7266,3.6,0.7208,long_nclose,2.59488,0.0011965230240708134,1.0
1683848280000.0,768470,1683848280000.0,0.022139999999999962,-0.000263916,2168.7055936540078,2168.728273654008,-1.8,0.7331,1.8,0.7208,long_nclose,1.29744,0.0005982554772747968,10.0
1683848400000.0,768472,1683848400000.0,0.011069999999999981,-0.000131958,2168.7165316960077,2168.7294016960077,-0.9,0.7331,0.9,0.7208,long_nclose,0.64872,0.0002991262299700734,2.0
1683848940000.0,768481,1683848940000.0,0.004919999999999991,-5.8648000000000005e-05,2168.7213930480075,2168.7274430480074,-0.4,0.7331,0.5,0.7208,long_nclose,0.3604,0.0001661808663645262,9.0
1683849000000.0,768482,1683849000000.0,0.0024599999999999956,-2.9324000000000002e-05,2168.7238237240076,2168.7276637240075,-0.2,0.7331,0.3,0.7208,long_nclose,0.21624,9.97084080667704e-05,1.0
1683850500000.0,768507,1683850500000.0,0.0005800000000000027,-1.4532e-05,2168.7243891920075,2168.7259291920077,-0.1,0.7266,0.2,0.7208,long_nclose,0.14416,6.647225471269269e-05,25.0
1683850680000.0,768510,1683850680000.0,0.0005800000000000027,-1.4532e-05,2168.7249546600074,2168.7256146600075,-0.1,0.7266,0.1,0.7208,long_nclose,0.07208,3.323611869044041e-05,3.0
1683851520000.0,768524,1683851520000.0,0.0005800000000000027,-1.4532e-05,2168.7255201280072,2168.7255201280072,-0.1,0.7266,0.0,0.7208,long_nclose,0.0,0.0,14.0
1683863640000.0,768726,1683863640000.0,0.0,-0.017355911999999998,2168.7081642160074,2168.596924216007,123.6,0.7021,123.6,0.7021,long_ientry_normal,86.77955999999999,0.04001440185999899,202.0
1683864480000.0,768740,1683864480000.0,0.2348400000000016,-0.005832272,2168.9371719440073,2169.4233319440073,-41.2,0.7078,82.4,0.7021,long_nclose,57.85304,0.026673451286810035,14.0
1683865320000.0,768754,1683865320000.0,0.49440000000000045,-0.005884184,2169.4256877600073,2169.9283277600075,-41.2,0.7141,41.2,0.7021,long_nclose,28.92652,0.01333372245161688,14.0
1683865500000.0,768757,1683865500000.0,0.24720000000000023,-0.002942092,2169.669945668007,2169.9315656680074,-20.6,0.7141,20.6,0.7021,long_nclose,14.46326,0.0066661106814322356,3.0
1683865800000.0,768762,1683865800000.0,0.12360000000000011,-0.001471046,2169.792074622007,2169.920824622007,-10.3,0.7141,10.3,0.7021,long_nclose,7.23163,0.003332867736305932,5.0
1683865920000.0,768764,1683865920000.0,0.06120000000000005,-0.0007283819999999999,2169.852546240007,2169.917546240007,-5.1,0.7141,5.2,0.7021,long_nclose,3.6509199999999997,0.0016825659450115335,2.0
1683866040000.0,768766,1683866040000.0,0.03120000000000003,-0.000371332,2169.8833749080068,2169.914834908007,-2.6,0.7141,2.6,0.7021,long_nclose,1.8254599999999999,0.0008412710199585685,2.0
1683866400000.0,768772,1683866400000.0,0.015600000000000015,-0.000185666,2169.898789242007,2169.914519242007,-1.3,0.7141,1.3,0.7021,long_nclose,0.9127299999999999,0.00042063252190616525,6.0
1683867780000.0,768795,1683867780000.0,0.023790000000000124,-0.00018730400000000003,2169.922391938007,2169.922391938007,-1.3,0.7204,0.0,0.7021,long_nclose,0.0,0.0,23.0
1684432200000.0,778202,1684432200000.0,0.0,-0.017364648,2169.905027290007,2170.0542672900074,114.8,0.7563,114.8,0.7563,long_ientry_normal,86.82324,0.040012460871816806,9407.0
1684445100000.0,778417,1684445100000.0,0.2330199999999998,-0.0058247360000000005,2170.1322225540075,2170.5765025540077,-38.2,0.7624,76.6,0.7563,long_nclose,57.932579999999994,0.0266954148682331,215.0
1684445280000.0,778420,1684445280000.0,0.15554999999999986,-0.00388824,2170.2838843140075,2170.6058143140076,-25.5,0.7624,51.1,0.7563,long_nclose,38.64693,0.017807315567942707,3.0
1684445820000.0,778429,1684445820000.0,0.3289500000000006,-0.00392292,2170.6089113940075,2170.9519513940077,-25.5,0.7692,25.6,0.7563,long_nclose,19.36128,0.008919745928604802,9.0
1684446600000.0,778442,1684446600000.0,0.1651200000000003,-0.001969152,2170.7720622420075,2170.9499822420075,-12.8,0.7692,12.8,0.7563,long_nclose,9.68064,0.0044595377692495655,13.0
1684446900000.0,778447,1684446900000.0,0.08256000000000015,-0.000984576,2170.853637666007,2170.938117666007,-6.4,0.7692,6.4,0.7563,long_nclose,4.84032,0.0022296850953084377,5.0
1684447200000.0,778452,1684447200000.0,0.041280000000000074,-0.000492288,2170.8944253780073,2170.9347453780074,-3.2,0.7692,3.2,0.7563,long_nclose,2.42016,0.0011148216015058352,5.0
1684447260000.0,778453,1684447260000.0,0.020640000000000037,-0.000246144,2170.9148192340076,2170.9356192340074,-1.6,0.7692,1.6,0.7563,long_nclose,1.21008,0.0005574055643633998,1.0
1684447500000.0,778457,1684447500000.0,0.010320000000000018,-0.000123072,2170.9250161620075,2170.9362161620074,-0.8,0.7692,0.8,0.7563,long_nclose,0.60504,0.0002787014731027671,4.0
1684449000000.0,778482,1684449000000.0,0.005160000000000009,-6.1536e-05,2170.9301146260077,2170.936194626008,-0.4,0.7692,0.4,0.7563,long_nclose,0.30252,0.00013935040928395615,25.0
1684449600000.0,778492,1684449600000.0,0.0025800000000000046,-3.0768e-05,2170.9326638580073,2170.9351838580073,-0.2,0.7692,0.2,0.7563,long_nclose,0.15126,6.967512282540946e-05,10.0
1684449660000.0,778493,1684449660000.0,0.0012900000000000023,-1.5384e-05,2170.9339384740074,2170.9352884740074,-0.1,0.7692,0.1,0.7563,long_nclose,0.07563,3.48375409585986e-05,1.0
1684449840000.0,778496,1684449840000.0,0.0012900000000000023,-1.5384e-05,2170.9352130900074,2170.9352130900074,-0.1,0.7692,0.0,0.7563,long_nclose,0.0,0.0,3.0
1684683840000.0,782396,1684683840000.0,0.0,-0.017361376,2170.9178517140076,2171.1111317140076,120.8,0.7186,120.8,0.7186,long_ientry_normal,86.80688,0.03998625739406181,3900.0
1684683900000.0,782397,1684683900000.0,0.23316000000000112,-0.005824176000000001,2171.145187538008,2171.789987538008,-40.2,0.7244,80.6,0.7186,long_nclose,57.91916,0.026676778841159866,1.0
1684686720000.0,782444,1684686720000.0,0.4956899999999991,-0.005891054,2171.634986484008,2172.138736484008,-40.3,0.7309,40.3,0.7186,long_nclose,28.95958,0.01333538102869078,47.0
1684687200000.0,782452,1684687200000.0,0.24722999999999956,-0.0029382180000000003,2171.879278266008,2172.133798266008,-20.1,0.7309,20.2,0.7186,long_nclose,14.51572,0.006683483812962711,8.0
1684687320000.0,782454,1684687320000.0,0.12422999999999977,-0.001476418,2172.002031848008,2172.1282818480076,-10.1,0.7309,10.1,0.7186,long_nclose,7.25786,0.0033415530434954444,2.0
1684688520000.0,782474,1684688520000.0,0.06149999999999989,-0.0007309,2172.062800948008,2172.129100948008,-5.0,0.7309,5.1,0.7186,long_nclose,3.66486,0.0016872716564182459,20.0
1684688760000.0,782478,1684688760000.0,0.030749999999999944,-0.00036545,2172.0931854980076,2172.1272454980076,-2.5,0.7309,2.6,0.7186,long_nclose,1.86836,0.0008601656745088637,4.0
1684691400000.0,782522,1684691400000.0,0.004640000000000022,-0.00011590400000000001,2172.097709594008,2172.107969594008,-0.8,0.7244,1.8,0.7186,long_nclose,1.29348,0.0005954980728015995,44.0
1684691460000.0,782523,1684691460000.0,0.0034800000000000165,-8.6928e-05,2172.1011026660076,2172.1081826660075,-0.6,0.7244,1.2,0.7186,long_nclose,0.86232,0.0003969980950433661,1.0
1684691640000.0,782526,1684691640000.0,0.002320000000000011,-5.7952000000000004e-05,2172.1033647140075,2172.1087247140076,-0.4,0.7244,0.8,0.7186,long_nclose,0.5748800000000001,0.0002646651210706505,3.0
1684691760000.0,782528,1684691760000.0,0.0011600000000000054,-2.8976000000000002e-05,2172.1044957380072,2172.1078557380074,-0.2,0.7244,0.6,0.7186,long_nclose,0.43116,0.0001984987374438017,2.0
1684691820000.0,782529,1684691820000.0,0.0011600000000000054,-2.8976000000000002e-05,2172.105626762007,2172.108066762007,-0.2,0.7244,0.4,0.7186,long_nclose,0.28744000000000003,0.00013233242272314884,1.0
1684707480000.0,782790,1684707480000.0,0.0005800000000000027,-1.4488000000000001e-05,2172.106192274007,2172.1081422740067,-0.1,0.7244,0.3,0.7186,long_nclose,0.21558,9.924929120261217e-05,261.0
1684708800000.0,782812,1684708800000.0,0.0005800000000000027,-1.4488000000000001e-05,2172.1067577860067,2172.1077177860066,-0.1,0.7244,0.2,0.7186,long_nclose,0.14372000000000001,6.616617690858413e-05,22.0
1684710660000.0,782843,1684710660000.0,0.0005800000000000027,-1.4488000000000001e-05,2172.1073232980066,2172.107963298007,-0.1,0.7244,0.1,0.7186,long_nclose,0.07186000000000001,3.308307984105122e-05,31.0
1684710780000.0,782845,1684710780000.0,0.0005800000000000027,-1.4488000000000001e-05,2172.1078888100064,2172.1078888100064,-0.1,0.7244,0.0,0.7186,long_nclose,0.0,0.0,2.0
1684718100000.0,782967,1684718100000.0,0.0,-0.017380631999999997,2172.0905081780065,2172.0534281780065,123.6,0.7031,123.6,0.7031,long_ientry_normal,86.90315999999999,0.04000899579129238,122.0
1684718820000.0,782979,1684718820000.0,0.2348400000000016,-0.005840512000000001,2172.3195076660068,2172.8963076660066,-41.2,0.7088,82.4,0.7031,long_nclose,57.93544,0.02666985210764288,12.0
1684719120000.0,782984,1684719120000.0,0.15618000000000104,-0.003884224,2172.4718034420066,2172.7743034420064,-27.4,0.7088,55.0,0.7031,long_nclose,38.6705,0.017800231026580637,5.0
1684719300000.0,782987,1684719300000.0,0.10431000000000071,-0.002594208,2172.5735192340067,2172.7386692340065,-18.3,0.7088,36.7,0.7031,long_nclose,25.80377,0.01187705261596751,3.0
1684719780000.0,782995,1684719780000.0,0.06954000000000046,-0.001729472,2172.6413297620065,2172.7883297620065,-12.2,0.7088,24.5,0.7031,long_nclose,17.225949999999997,0.007928575123758207,8.0
1684720980000.0,783015,1684720980000.0,0.04617000000000031,-0.001148256,2172.6863515060068,2172.778191506007,-8.1,0.7088,16.4,0.7031,long_nclose,11.530839999999998,0.005307181127182645,20.0
1684721040000.0,783016,1684721040000.0,0.03078000000000021,-0.0007655040000000001,2172.716366002007,2172.780166002007,-5.4,0.7088,11.0,0.7031,long_nclose,7.7341,0.003559645483884046,1.0
1684728060000.0,783133,1684728060000.0,0.02052000000000014,-0.000510336,2172.736375666007,2172.780035666007,-3.6,0.7088,7.4,0.7031,long_nclose,5.20294,0.002394648544697535,117.0
1684728240000.0,783136,1684728240000.0,0.013680000000000091,-0.00034022400000000003,2172.749715442007,2172.778215442007,-2.4,0.7088,5.0,0.7031,long_nclose,3.5155,0.0016179958395644452,3.0
1684730280000.0,783170,1684730280000.0,0.009120000000000062,-0.00022681600000000002,2172.758608626007,2172.779008626007,-1.6,0.7088,3.4,0.7031,long_nclose,2.3905399999999997,0.0011002326675910452,34.0
1684730700000.0,783177,1684730700000.0,0.006270000000000043,-0.00015593600000000002,2172.764722690007,2172.779212690007,-1.1,0.7088,2.3,0.7031,long_nclose,1.6171299999999997,0.0007442729454838995,7.0
1684731660000.0,783193,1684731660000.0,0.0039900000000000265,-9.923199999999999e-05,2172.768613458007,2172.778053458007,-0.7,0.7088,1.6,0.7031,long_nclose,1.12496,0.0005177541653685812,16.0
1684732260000.0,783203,1684732260000.0,0.002850000000000019,-7.088e-05,2172.771392578007,2172.777772578007,-0.5,0.7088,1.1,0.7031,long_nclose,0.77341,0.00035595553339937163,10.0
1684732440000.0,783206,1684732440000.0,0.0017100000000000114,-4.2528000000000003e-05,2172.773060050007,2172.7777000500073,-0.3,0.7088,0.8,0.7031,long_nclose,0.56248,0.00025887655289091914,3.0
1684733160000.0,783218,1684733160000.0,0.0011400000000000078,-2.8352000000000002e-05,2172.774171698007,2172.778191698007,-0.2,0.7088,0.6,0.7031,long_nclose,0.42185999999999996,0.00019415731533218634,12.0
1684736520000.0,783274,1684736520000.0,0.003600000000000003,-4.2906e-05,2172.777728792007,2172.781658792007,-0.3,0.7151,0.3,0.7031,long_nclose,0.21092999999999998,9.707849873685429e-05,56.0
1684737600000.0,783292,1684737600000.0,0.0012000000000000012,-1.4302000000000001e-05,2172.778914490007,2172.7813544900073,-0.1,0.7151,0.2,0.7031,long_nclose,0.14062,6.471896384037131e-05,18.0
1684738800000.0,783312,1684738800000.0,0.0012000000000000012,-1.4302000000000001e-05,2172.780100188007,2172.781320188007,-0.1,0.7151,0.1,0.7031,long_nclose,0.07031,3.2359464261439154e-05,20.0
1684738980000.0,783315,1684738980000.0,0.0012000000000000012,-1.4302000000000001e-05,2172.781285886007,2172.781285886007,-0.1,0.7151,0.0,0.7031,long_nclose,0.0,0.0,3.0
1684936260000.0,786603,1684936260000.0,0.0,-0.017375791999999998,2172.763910094007,2172.5842100940067,119.8,0.7252,119.8,0.7252,long_ientry_normal,86.87895999999999,0.03998545796733207,3288.0
1684960200000.0,787002,1684960200000.0,0.23541000000000065,-0.005834178,2172.9934859160066,2173.5447959160065,-39.9,0.7311,79.9,0.7252,long_nclose,57.94348,0.026665280119592457,399.0
1684961580000.0,787025,1684961580000.0,0.15694000000000044,-0.0038894520000000003,2173.1465364640067,2173.4450164640066,-26.6,0.7311,53.3,0.7252,long_nclose,38.65315999999999,0.017786725078785405,23.0
1684961640000.0,787026,1684961640000.0,0.10443000000000029,-0.002588094,2173.2483783700063,2173.4655383700065,-17.7,0.7311,35.6,0.7252,long_nclose,25.81712,0.011879507311245999,1.0
1684961760000.0,787028,1684961760000.0,0.0696200000000002,-0.001725396,2173.3162729740066,2173.4781129740068,-11.8,0.7311,23.8,0.7252,long_nclose,17.25976,0.007941669702947294,2.0
1684962060000.0,787033,1684962060000.0,0.04661000000000013,-0.001155138,2173.3617278360066,2173.4666678360068,-7.9,0.7311,15.9,0.7252,long_nclose,11.53068,0.005305458291786971,5.0
1684962180000.0,787035,1684962180000.0,0.03127000000000008,-0.000774966,2173.3922228700067,2173.4537028700065,-5.3,0.7311,10.6,0.7252,long_nclose,7.687119999999999,0.003536922566994837,2.0
1684962420000.0,787039,1684962420000.0,0.020650000000000057,-0.00051177,2173.412361100007,2173.453541100007,-3.5,0.7311,7.1,0.7252,long_nclose,5.1489199999999995,0.002369048824859922,4.0
1684962540000.0,787041,1684962540000.0,0.013570000000000037,-0.000336306,2173.425594794007,2173.455354794007,-2.3,0.7311,4.8,0.7252,long_nclose,3.4809599999999996,0.0016016007211555445,2.0
1684963200000.0,787052,1684963200000.0,0.009440000000000026,-0.000233952,2173.4348008420066,2173.4552808420067,-1.6,0.7311,3.2,0.7252,long_nclose,2.32064,0.0010677292914887371,11.0
1684966800000.0,787112,1684966800000.0,0.005900000000000016,-0.00014622,2173.440554622007,2173.4517746220067,-1.0,0.7311,2.2,0.7252,long_nclose,1.59544,0.000734061944600767,60.0
1684977900000.0,787297,1684977900000.0,0.0,-0.017081928,2173.4234726940067,2173.501772694007,121.2,0.7047,123.4,0.7050654781199353,long_ientry_partial,87.00508000000002,0.04003135196297263,185.0
1684979280000.0,787320,1684979280000.0,0.23568884927066064,-0.005842776,2173.653318767277,2174.1417299180066,-41.1,0.7108,82.3,0.7050654781199353,long_nclose,58.02688884927067,0.026695558278897434,23.0
1684985940000.0,787431,1684985940000.0,0.15712589951377376,-0.003895184,2173.8065494827906,2174.1707847340062,-27.4,0.7108,54.9,0.7050654781199353,long_nclose,38.70809474878445,0.017806595880389717,111.0
1684988400000.0,787472,1684988400000.0,0.329745899513773,-0.003929708,2174.1323656743043,2174.460565026006,-27.4,0.7171,27.5,0.7050654781199353,long_nclose,19.38930064829822,0.008918178559144284,41.0
1684988460000.0,787473,1684988460000.0,0.1648729497568865,-0.001964854,2174.295273770061,2174.462730172006,-13.7,0.7171,13.8,0.7050654781199353,long_nclose,9.729903598055108,0.004474968839528498,1.0
1684991880000.0,787530,1684991880000.0,0.08303820097244649,-0.000989598,2174.3773223730336,2174.4665705740063,-6.9,0.7171,6.9,0.7050654781199353,long_nclose,4.864951799027554,0.0022373999898592247,57.0
1684992780000.0,787545,1684992780000.0,0.040917374392220006,-0.000487628,2174.417752119426,2174.4630229460063,-3.4,0.7171,3.5,0.7050654781199353,long_nclose,2.4677291734197735,0.001134891936480216,15.0
1684993140000.0,787551,1684993140000.0,0.020458687196110003,-0.000243814,2174.437966992622,2174.4608891320063,-1.7,0.7171,1.8,0.7050654781199353,long_nclose,1.2691178606158835,0.0005836532841500875,6.0
1684993440000.0,787556,1684993440000.0,0.010831069692058238,-0.000129078,2174.448668984314,2174.4601300540057,-0.9,0.7171,0.9,0.7050654781199353,long_nclose,0.6345589303079417,0.0002918252057908291,5.0
1684996200000.0,787602,1684996200000.0,0.016591069692058303,-0.00013023,2174.4651298240055,2174.4651298240055,-0.9,0.7235,0.0,0.7050654781199353,long_nclose,0.0,0.0,46.0
1685508480000.0,796140,1685508480000.0,0.0,-0.01739078,2174.4477390440056,2174.5631390440058,115.4,0.7535,115.4,0.7535,long_ientry_normal,86.9539,0.03998895831740211,8538.0
1685510640000.0,796176,1685510640000.0,0.23424000000000403,-0.005833728,2174.6761453160057,2175.1612453160055,-38.4,0.7596,77.0,0.7535,long_nclose,58.019499999999994,0.02667960474251171,36.0
1685510880000.0,796180,1685510880000.0,0.1561600000000027,-0.0038891520000000008,2174.828416164006,2175.152236164006,-25.6,0.7596,51.4,0.7535,long_nclose,38.729899999999994,0.017808255452313963,4.0
1685511000000.0,796182,1685511000000.0,0.1043100000000018,-0.0025978320000000004,2174.930128332006,2175.060468332006,-17.1,0.7596,34.3,0.7535,long_nclose,25.845049999999997,0.011883163354687188,2.0
1685534820000.0,796579,1685534820000.0,0.0,-0.0123981,2174.917730232006,2174.290480232006,85.0,0.7293,119.3,0.7362577535624475,long_ientry_partial,87.83554999999998,0.04038568851550549,397.0
1685603460000.0,797723,1685603460000.0,0.23590718357083343,-0.0058930680000000004,2175.1477443475765,2175.6446271640057,-39.7,0.7422,79.6,0.7362577535624475,long_nclose,58.60611718357082,0.026943511003271824,1144.0
1685603580000.0,797725,1685603580000.0,0.15746953059514068,-0.00393366,2175.301280218172,2175.638053504006,-26.5,0.7422,53.1,0.7362577535624475,long_nclose,39.095286714165965,0.017972354942136982,2.0
1685604240000.0,797736,1685604240000.0,0.10517776194467887,-0.002627388,2175.4038305921167,2175.621266116006,-17.7,0.7422,35.4,0.7362577535624475,long_nclose,26.06352447611064,0.011981005140096902,11.0
1685604960000.0,797748,1685604960000.0,0.07011850796311925,-0.0017515920000000002,2175.47219750808,2175.5935545240063,-11.8,0.7422,23.6,0.7362577535624475,long_nclose,17.375682984073762,0.007987085748085836,12.0
1685605020000.0,797749,1685605020000.0,0.04634952221290933,-0.0011578320000000001,2175.517389198293,2175.6286566920066,-7.8,0.7422,15.8,0.7362577535624475,long_nclose,11.63287250628667,0.005347175142816733,1.0
1685606400000.0,797772,1685606400000.0,0.03089968147527289,-0.000771888,2175.547516991768,2175.616864804006,-5.2,0.7422,10.6,0.7362577535624475,long_nclose,7.804332187761943,0.0035872956700818744,23.0
1685606700000.0,797777,1685606700000.0,0.020797862531433675,-0.00051954,2175.5677953142995,2175.607855264006,-3.5,0.7422,7.1,0.7362577535624475,long_nclose,5.227430050293377,0.0024027888542715726,5.0
1685606940000.0,797781,1685606940000.0,0.013667166806370699,-0.000341412,2175.581121069106,2175.6125238520062,-2.3,0.7422,4.8,0.7362577535624475,long_nclose,3.534037217099748,0.001624410684058097,4.0
1685612700000.0,797877,1685612700000.0,0.030101391450126067,-0.000359424,2175.6108630365557,2175.642164428006,-2.4,0.7488,2.4,0.7362577535624475,long_nclose,1.767018608549874,0.0008121942386717085,96.0
1685613060000.0,797883,1685613060000.0,0.015050695725063033,-0.000179712,2175.625734020281,2175.640904716006,-1.2,0.7488,1.2,0.7362577535624475,long_nclose,0.883509304274937,0.00040609434355343995,6.0
1685616780000.0,797945,1685616780000.0,0.0023768985750209914,-5.9375999999999995e-05,2175.628051542856,2175.632805340006,-0.4,0.7422,0.8,0.7362577535624475,long_nclose,0.589006202849958,0.0002707292739824078,62.0
1685617200000.0,797952,1685617200000.0,0.0011884492875104957,-2.9687999999999998e-05,2175.6292103041437,2175.6332556520065,-0.2,0.7422,0.6,0.7362577535624475,long_nclose,0.4417546521374685,0.0002030468473420216,7.0
1685617740000.0,797961,1685617740000.0,0.0011884492875104957,-2.9687999999999998e-05,2175.6303690654313,2175.6327459640065,-0.2,0.7422,0.4,0.7362577535624475,long_nclose,0.294503101424979,0.000135364492798235,9.0
1685617800000.0,797962,1685617800000.0,0.0005942246437552479,-1.4843999999999999e-05,2175.6309484460753,2175.6330011200066,-0.1,0.7422,0.3,0.7362577535624475,long_nclose,0.22087732606873425,0.0001015233425625306,1.0
1685620920000.0,798014,1685620920000.0,0.001254224643755253,-1.4976000000000002e-05,2175.632187694719,2175.6346361440064,-0.1,0.7488,0.2,0.7362577535624475,long_nclose,0.1472515507124895,6.768218982295714e-05,52.0
1685621100000.0,798017,1685621100000.0,0.001254224643755253,-1.4976000000000002e-05,2175.633426943363,2175.6346611680065,-0.1,0.7488,0.1,0.7362577535624475,long_nclose,0.07362577535624475,3.38410756354689e-05,3.0
1685621280000.0,798020,1685621280000.0,0.001254224643755253,-1.4976000000000002e-05,2175.6346661920065,2175.6346661920065,-0.1,0.7488,0.0,0.7362577535624475,long_nclose,0.0,0.0,3.0
1685933700000.0,803227,1685933700000.0,0.0,-0.01740393,2175.6172622620065,2175.8034122620065,109.5,0.7947,109.5,0.7947,long_ientry_normal,87.01965,0.03999768319062011,5207.0
1685935380000.0,803255,1685935380000.0,0.23360000000000264,-0.005848030000000001,2175.8450142320066,2176.3122142320067,-36.5,0.8011,73.0,0.7947,long_nclose,58.013099999999994,0.026662331011878843,28.0
1685935440000.0,803256,1685935440000.0,0.15552000000000177,-0.0038933460000000007,2175.9966408860064,2176.3326708860063,-24.3,0.8011,48.7,0.7947,long_nclose,38.70189,0.017785822492925193,1.0
1685938560000.0,803308,1685938560000.0,0.10368000000000116,-0.002595564,2176.0977253220067,2176.3154753220065,-16.2,0.8011,32.5,0.7947,long_nclose,25.827749999999998,0.011868837368587458,52.0
1685938740000.0,803311,1685938740000.0,0.06912000000000079,-0.001730376,2176.1651149460067,2176.2931449460066,-10.8,0.8011,21.7,0.7947,long_nclose,17.244989999999998,0.007924486005937958,3.0
1685938800000.0,803312,1685938800000.0,0.04608000000000052,-0.001153584,2176.210041362007,2176.304291362007,-7.2,0.8011,14.5,0.7947,long_nclose,11.52315,0.005295054145043876,1.0
1685941620000.0,803359,1685941620000.0,0.030720000000000344,-0.000769056,2176.239992306007,2176.305952306007,-4.8,0.8011,9.7,0.7947,long_nclose,7.708589999999999,0.0035421598845960705,47.0
1685941800000.0,803362,1685941800000.0,0.020480000000000234,-0.0005127040000000001,2176.2599596020073,2176.3002596020074,-3.2,0.8011,6.5,0.7947,long_nclose,5.16555,0.0023735905157877698,3.0
1685944560000.0,803408,1685944560000.0,0.013440000000000153,-0.00033646200000000005,2176.2730631400073,2176.3113431400075,-2.1,0.8011,4.4,0.7947,long_nclose,3.49668,0.0016067285209857172,46.0
1685944920000.0,803414,1685944920000.0,0.029920000000000127,-0.00035565200000000003,2176.302627488007,2176.333647488007,-2.2,0.8083,2.2,0.7947,long_nclose,1.74834,0.000803353347056341,6.0
1685945100000.0,803417,1685945100000.0,0.014960000000000064,-0.00017782600000000001,2176.3174096620073,2176.3342396620073,-1.1,0.8083,1.1,0.7947,long_nclose,0.87417,0.00040167394522463653,3.0
1685945340000.0,803421,1685945340000.0,0.006800000000000028,-8.083000000000001e-05,2176.3241288320073,2176.332108832007,-0.5,0.8083,0.6,0.7947,long_nclose,0.47681999999999997,0.00021909420278122836,4.0
1685946060000.0,803433,1685946060000.0,0.004080000000000017,-4.8498e-05,2176.3281603340074,2176.3323303340076,-0.3,0.8083,0.3,0.7947,long_nclose,0.23840999999999998,0.00010954689846195369,12.0
1685949960000.0,803498,1685949960000.0,0.0013600000000000057,-1.6166000000000004e-05,2176.3295041680076,2176.332304168008,-0.1,0.8083,0.2,0.7947,long_nclose,0.15894,7.303122054615595e-05,65.0
1685950500000.0,803507,1685950500000.0,0.004140000000000011,-3.2616e-05,2176.3336115520074,2176.3336115520074,-0.2,0.8154,0.0,0.7947,long_nclose,0.0,0.0,9.0
1685978340000.0,803971,1685978340000.0,0.0,-0.017411592,2176.3161999600075,2176.5272899600072,111.1,0.7836,111.1,0.7836,long_ientry_normal,87.05796,0.040002440822523765,464.0
1685980320000.0,804004,1685980320000.0,0.0,-0.0174078,2176.2987921600075,2173.8180721600074,114.0,0.7635,225.1,0.7734205242114615,long_rentry,174.09695999999997,0.07999680954985333,33.0
1685980680000.0,804010,1685980680000.0,0.0,-0.017441981999999998,2176.2813501780074,2169.7863801780077,116.7,0.7473,341.8,0.764502252779403,long_rentry,261.30686999999995,0.12007035302610415,6.0
1685980860000.0,804013,1685980860000.0,0.0,-0.025974450000000003,2176.2553757280075,2163.4482457280074,177.3,0.7325,519.1,0.7535717973415526,long_rentry,391.17911999999995,0.17974872083619392,3.0
1685981040000.0,804016,1685981040000.0,0.0,-0.038382536,2176.2169931920075,2154.5524531920078,269.2,0.7129,788.3,0.7396826081441076,long_rentry,583.0917999999999,0.26793826250972286,3.0
1685981640000.0,804026,1685981640000.0,1.5807688405429468,-0.039179078,2177.7585829545505,2180.4482841140075,-262.7,0.7457,525.6,0.7396826081441076,long_nclose,388.77717884054294,0.17852170662236194,10.0
1685981700000.0,804027,1685981700000.0,1.0542470531523573,-0.026129328,2178.786700679703,2182.3318347860077,-175.2,0.7457,350.4,0.7396826081441076,long_nclose,259.1847858936953,0.11895831097777446,1.0
1685981880000.0,804030,1685981880000.0,0.7028313687682383,-0.017419552,2179.4721124964713,2180.8076952340075,-116.8,0.7457,233.6,0.7396826081441076,long_nclose,172.78985726246353,0.07928060022963165,3.0
1686000060000.0,804333,1686000060000.0,0.0,-0.01744112,2179.454671376471,2173.4642941140078,122.0,0.7148,355.6,0.7311458303218884,long_rentry,259.99545726246356,0.11929381265739245,303.0
1686027720000.0,804794,1686027720000.0,0.6937191068562231,-0.0174669,2180.130923583328,2181.400397214008,-118.5,0.737,237.1,0.7311458303218884,long_nclose,173.35467636931975,0.07951571829658233,461.0
1686057480000.0,805290,1686057480000.0,0.0,-0.01746468,2180.1134589033277,2175.243822534008,123.6,0.7065,360.7,0.7227005166878839,long_rentry,260.67807636931974,0.119570876141671,496.0
1686060120000.0,805334,1686060120000.0,0.6970978941163558,-0.017513140000000003,2180.793043657444,2182.6207193940077,-120.2,0.7285,240.5,0.7227005166878839,long_nclose,173.80947426343607,0.07970012320469316,44.0
1686060180000.0,805335,1686060180000.0,1.4783978941163498,-0.0176694,2182.25377215156,2183.408589994008,-120.2,0.735,120.3,0.7227005166878839,long_nclose,86.94087215755243,0.039839945870197485,1.0
1686060360000.0,805338,1686060360000.0,0.2325592808158558,-0.005842570000000001,2182.480488862376,2182.945607424008,-40.1,0.7285,80.2,0.7227005166878839,long_nclose,57.960581438368294,0.02655720485665391,3.0
1686060420000.0,805339,1686060420000.0,0.1548462044335,-0.00389019,2182.6314448768094,2182.9524172340075,-26.7,0.7285,53.5,0.7227005166878839,long_nclose,38.66447764280179,0.017714615875051715,1.0
1686060960000.0,805348,1686060960000.0,0.10323080295566667,-0.0025934600000000006,2182.7320822197653,2182.949833774008,-17.8,0.7285,35.7,0.7227005166878839,long_nclose,25.80040844575746,0.011820236050005418,9.0
1686061260000.0,805353,1686061260000.0,0.06901385141418165,-0.00173383,2182.7993622411796,2182.9540499440077,-11.9,0.7285,23.8,0.7227005166878839,long_nclose,17.200272297171637,0.007879914478035824,5.0
1686061920000.0,805364,1686061920000.0,0.04581591816571723,-0.0011510300000000002,2182.8440271293452,2182.939418914008,-7.9,0.7285,15.9,0.7227005166878839,long_nclose,11.490938215337355,0.0052642048962376255,11.0
1686063180000.0,805385,1686063180000.0,0.030737261554215356,-0.0007722100000000001,2182.8739921808997,2182.947126704008,-5.3,0.7285,10.6,0.7227005166878839,long_nclose,7.660625476891569,0.003509421755141199,21.0
1686063960000.0,805398,1686063960000.0,0.020298191592406367,-0.00050995,2182.893780422492,2182.957676754008,-3.5,0.7285,7.1,0.7227005166878839,long_nclose,5.131173668483975,0.002350629111917142,13.0
1686064500000.0,805407,1686064500000.0,0.01333881161786704,-0.00033511,2182.90678412411,2182.922141644008,-2.3,0.7285,4.8,0.7227005166878839,long_nclose,3.4689624801018426,0.0015891482427609761,9.0
1686064800000.0,805412,1686064800000.0,0.009279173299385768,-0.00023312000000000004,2182.9158301774096,2182.9372685240082,-1.6,0.7285,3.2,0.7227005166878839,long_nclose,2.312641653401229,0.0010594277715294574,5.0
1686064980000.0,805415,1686064980000.0,0.005799483312116105,-0.00014570000000000002,2182.921483960722,2182.9346828240086,-1.0,0.7285,2.2,0.7227005166878839,long_nclose,1.5899411367133447,0.0007283547064773645,3.0
1686065280000.0,805420,1686065280000.0,0.004059638318481273,-0.00010199,2182.9254416090403,2182.9345908340083,-0.7,0.7285,1.5,0.7227005166878839,long_nclose,1.0840507750318258,0.0004966045813423517,5.0
1686066240000.0,805436,1686066240000.0,0.0028997416560580525,-7.285000000000001e-05,2182.9282685006965,2182.9352679840085,-0.5,0.7285,1.0,0.7227005166878839,long_nclose,0.7227005166878839,0.00033106929215968113,16.0
1686066780000.0,805445,1686066780000.0,0.0017398449936348315,-4.371e-05,2182.92996463569,2182.9345842740086,-0.3,0.7285,0.7,0.7227005166878839,long_nclose,0.5058903616815187,0.00023174832444335745,9.0
1686067320000.0,805454,1686067320000.0,0.003689844993634816,-4.41e-05,2182.933610380683,2182.938330174008,-0.3,0.735,0.4,0.7227005166878839,long_nclose,0.2890802066751536,0.00013242739279860222,9.0
1686067440000.0,805456,1686067440000.0,0.0024598966624232114,-2.94e-05,2182.9360408773455,2182.938560774008,-0.2,0.735,0.2,0.7227005166878839,long_nclose,0.1445401033375768,6.62136226764961e-05,2.0
1686067920000.0,805464,1686067920000.0,0.0012299483312116057,-1.47e-05,2182.9372561256764,2182.9384960740076,-0.1,0.735,0.1,0.7227005166878839,long_nclose,0.0722700516687884,3.310679290757758e-05,8.0
1686068460000.0,805473,1686068460000.0,0.0012299483312116057,-1.47e-05,2182.9384713740073,2182.9384713740073,-0.1,0.735,0.0,0.7227005166878839,long_nclose,0.0,0.0,9.0
1686132120000.0,806534,1686132120000.0,0.0,-0.017457756,2182.9210136180072,2183.0927936180074,122.7,0.7114,122.7,0.7114,long_ientry_normal,87.28878,0.03998714541454078,1061.0
1686132360000.0,806538,1686132360000.0,0.23312999999999703,-0.005865878,2183.1482777400074,2183.8026777400073,-40.9,0.7171,81.8,0.7114,long_nclose,58.19252,0.02665532185484022,4.0
1686133320000.0,806554,1686133320000.0,0.49897999999999954,-0.0059190480000000005,2183.641338692007,2184.095328692007,-40.9,0.7236,40.9,0.7114,long_nclose,29.09626,0.013324651573700537,16.0
1686133620000.0,806559,1686133620000.0,0.24887999999999974,-0.002952288,2183.8872664040073,2184.139416404007,-20.4,0.7236,20.5,0.7114,long_nclose,14.5837,0.006677863012596592,5.0
1686136980000.0,806615,1686136980000.0,0.381299999999999,-0.002993,2184.2655734040072,2184.2655734040072,-20.5,0.73,0.0,0.7114,long_nclose,0.0,0.0,56.0
1686148500000.0,806807,1686148500000.0,0.0,-0.017478083999999998,2184.2480953200075,2184.2357153200073,123.8,0.7059,123.8,0.7059,long_ientry_normal,87.39041999999999,0.04000938363514823,192.0
1686150540000.0,806841,1686150540000.0,0.2348400000000016,-0.005863584000000001,2184.4770717360075,2184.9644117360076,-41.2,0.7116,82.6,0.7059,long_nclose,58.307339999999996,0.026691669486676305,34.0
1686151860000.0,806863,1686151860000.0,0.15675000000000106,-0.0039138,2184.6299079360074,2184.9219379360075,-27.5,0.7116,55.1,0.7059,long_nclose,38.895089999999996,0.01780397213217101,22.0
1686151920000.0,806864,1686151920000.0,0.10431000000000071,-0.0026044560000000002,2184.7316134800076,2184.9744934800074,-18.3,0.7116,36.8,0.7059,long_nclose,25.977119999999996,0.011890302607294474,1.0
1686153660000.0,806893,1686153660000.0,0.0,-0.01232358,2184.7192899000074,2184.3394499000074,87.9,0.701,124.7,0.7024460304731355,long_ientry_partial,87.59501999999999,0.04009440499058766,29.0
1686154200000.0,806902,1686154200000.0,0.0,-0.017479576,2184.7018103240075,2182.3757503240076,127.7,0.6844,252.4,0.6933157686212361,long_rentry,174.9929,0.08009921499266175,9.0
1686155400000.0,806922,1686155400000.0,0.0,-0.017537982000000004,2184.6842723420077,2179.004112342008,130.9,0.6699,383.3,0.6853190973128098,long_rentry,262.68281,0.12023833984871457,20.0
1686156480000.0,806940,1686156480000.0,0.7126812731541805,-0.017645586,2185.3793080291616,2186.4479467560072,-127.7,0.6909,255.6,0.6853190973128098,long_nclose,175.16756127315418,0.08015430576723331,18.0
1686159780000.0,806995,1686159780000.0,0.4754929089485997,-0.011772936000000001,2185.8430280021103,2186.7769738200072,-85.2,0.6909,170.4,0.6853190973128098,long_nclose,116.7783741821028,0.05342486751614538,55.0
1686159840000.0,806996,1686159840000.0,0.31699527263239974,-0.007848624,2186.152174650743,2186.808885196008,-56.8,0.6909,113.6,0.6853190973128098,long_nclose,77.85224945473519,0.035611541757001784,1.0
1686160380000.0,807005,1686160380000.0,0.21095812157578717,-0.0052232039999999995,2186.357909568319,2186.735461992008,-37.8,0.6909,75.8,0.6853190973128098,long_nclose,51.94718757631098,0.02375969064761569,9.0
1686160440000.0,807006,1686160440000.0,0.14063874771719145,-0.003482136,2186.4950661800362,2186.767339856008,-25.2,0.6909,50.6,0.6853190973128098,long_nclose,34.67714632402818,0.015859695665635158,1.0
1686160500000.0,807007,1686160500000.0,0.09375916514479431,-0.0023214240000000003,2186.5865039211812,2186.7683784320084,-16.8,0.6909,33.8,0.6853190973128098,long_nclose,23.16378548917297,0.010593582942011948,1.0
1686160560000.0,807008,1686160560000.0,0.06250611009652952,-0.001547616,2186.6474624152775,2186.798450816008,-11.2,0.6909,22.6,0.6853190973128098,long_nclose,15.488211599269503,0.007083085803946598,1.0
1686160860000.0,807013,1686160860000.0,0.041856770153926026,-0.0010363500000000001,2186.6882828354314,2186.780104466008,-7.5,0.6909,15.1,0.6853190973128098,long_nclose,10.348318369423428,0.004732415886915984,5.0
1686160980000.0,807015,1686160980000.0,0.027904513435950684,-0.0006909,2186.7154964488677,2186.768833566008,-5.0,0.6909,10.1,0.6853190973128098,long_nclose,6.921722882859379,0.003165351365598296,2.0
1686161040000.0,807016,1686161040000.0,0.01841697886772745,-0.00045599399999999993,2186.7334574337356,2186.7727675720084,-3.3,0.6909,6.8,0.6853190973128098,long_nclose,4.660169861727106,0.002131110147825743,1.0
1686161160000.0,807018,1686161160000.0,0.012277985911818301,-0.00030399600000000006,2186.745431423647,2186.7757035760083,-2.2,0.6909,4.6,0.6853190973128098,long_nclose,3.152467847638925,0.001441625441323803,2.0
1686162960000.0,807048,1686162960000.0,0.008371354030785205,-0.00020726999999999999,2186.753595507678,2186.773066306008,-1.5,0.6909,3.1,0.6853190973128098,long_nclose,2.1244892016697103,0.0009715265615815703,30.0
1686163320000.0,807054,1686163320000.0,0.005580902687190137,-0.00013818,2186.759038230365,2186.770338126008,-1.0,0.6909,2.1,0.6853190973128098,long_nclose,1.4391701043569007,0.0006581292585037395,6.0
1686167160000.0,807118,1686167160000.0,0.003906631881033095,-9.6726e-05,2186.7628481362462,2186.7699614000085,-0.7,0.6909,1.4,0.6853190973128098,long_nclose,0.9594467362379336,0.00043875207458168565,64.0
1686167220000.0,807119,1686167220000.0,0.002232361074876055,-5.5272e-05,2186.765025225321,2186.7702061280083,-0.4,0.6909,1.0,0.6853190973128098,long_nclose,0.6853190973128098,0.00031339402697927986,1.0
1686167340000.0,807121,1686167340000.0,0.001674270806157041,-4.1454e-05,2186.7666580421273,2186.7715446740085,-0.3,0.6909,0.7,0.6853190973128098,long_nclose,0.4797233681189668,0.000219375655081771,2.0
1686170880000.0,807180,1686170880000.0,0.0,-0.0173944,2186.7492636421275,2186.6298002740086,127.9,0.68,128.6,0.680028953095793,long_ientry_partial,87.45172336811898,0.03999165556935607,59.0
1686171720000.0,807194,1686171720000.0,0.23416080750005816,-0.00586788,2186.9775565696273,2187.489872394008,-42.8,0.6855,85.8,0.680028953095793,long_nclose,58.34648417561904,0.02667905027207418,14.0
1686172320000.0,807204,1686172320000.0,0.15647194146031926,-0.0039210600000000005,2187.130107451088,2187.4602113340084,-28.6,0.6855,57.2,0.680028953095793,long_nclose,38.897656117079364,0.01778479295061748,10.0
1686172920000.0,807214,1686172920000.0,0.10394989117993236,-0.0026049000000000003,2187.231452442268,2187.4404464340087,-19.0,0.6855,38.2,0.680028953095793,long_nclose,25.977106008259295,0.011876706500015438,10.0
1686172980000.0,807215,1686172980000.0,0.06948229568342847,-0.00174117,2187.2991935679515,2187.4412552640088,-12.7,0.6855,25.5,0.680028953095793,long_nclose,17.34073830394272,0.007927922414517183,1.0
1686173220000.0,807219,1686173220000.0,0.046503898685759215,-0.00116535,2187.3445321166373,2187.4443399140087,-8.5,0.6855,17.0,0.680028953095793,long_nclose,11.560492202628481,0.005285172058121858,4.0
1686173520000.0,807224,1686173520000.0,0.03063786266355901,-0.0007677599999999999,2187.374402219301,2187.440192154009,-5.6,0.6855,11.4,0.680028953095793,long_nclose,7.752330065292041,0.0035441258055441075,5.0
1686174960000.0,807248,1686174960000.0,0.0,-0.01596304,2187.358439179301,2187.291189114009,118.0,0.6764,129.4,0.6767197068415151,long_ientry_partial,87.56753006529205,0.04003346159312941,24.0
1686182760000.0,807378,1686182760000.0,0.2362006351307023,-0.0058805640000000005,2187.588759250432,2188.070338550009,-43.1,0.6822,86.3,0.6767197068415151,long_nclose,58.40091070042275,0.02669647595027576,130.0
1686182940000.0,807381,1686182940000.0,0.1572844136485187,-0.003915828,2187.7421278360803,2188.069312722009,-28.7,0.6822,57.6,0.6767197068415151,long_nclose,38.979055114071265,0.017817024510391393,3.0
1686183420000.0,807389,1686183420000.0,0.10522162864291147,-0.002619648,2187.8447298167234,2188.085893074009,-19.2,0.6822,38.4,0.6767197068415151,long_nclose,25.986036742714177,0.011877459304386303,8.0
1686183780000.0,807395,1686183780000.0,0.07014775242860764,-0.0017464320000000002,2187.913131137152,2188.053426642009,-12.8,0.6822,25.6,0.6767197068415151,long_nclose,17.324024495142787,0.007918058650774105,6.0
1686183900000.0,807397,1686183900000.0,0.046582491847122265,-0.00115974,2187.958553888999,2188.0471369020092,-8.5,0.6822,17.1,0.6767197068415151,long_nclose,11.571906986989909,0.0052889059376473825,2.0
1686183960000.0,807398,1686183960000.0,0.03123767100336434,-0.0007777080000000001,2187.9890138520027,2188.0583291940093,-5.7,0.6822,11.4,0.6767197068415151,long_nclose,7.714604657993272,0.003525888205632048,1.0
1686184260000.0,807403,1686184260000.0,0.020825114002242896,-0.000518472,2188.009320494005,2188.0555307220093,-3.8,0.6822,7.6,0.6767197068415151,long_nclose,5.143069771995514,0.002350570321535157,5.0
1686184380000.0,807405,1686184380000.0,0.01370073289621243,-0.0003411,2188.0226801269014,2188.0557296220095,-2.5,0.6822,5.1,0.6767197068415151,long_nclose,3.4512705048917267,0.0015773467689519376,2.0
1686186060000.0,807433,1686186060000.0,0.028950732896212417,-0.00034415,2188.0512867097978,2188.08165547201,-2.5,0.6883,2.6,0.6767197068415151,long_nclose,1.7594712377879391,0.0008041270551905937,28.0
1686186780000.0,807445,1686186780000.0,0.0459687622120609,-0.000361088,2188.09689438401,2188.09689438401,-2.6,0.6944,0.0,0.6767197068415151,long_nclose,0.0,0.0,12.0
1686361800000.0,810362,1686361800000.0,0.0,-0.017498953999999997,2188.0793954300098,2188.21612543001,124.3,0.7039,124.3,0.7039,long_ientry_normal,87.49476999999999,0.03998701792208284,2917.0
1686361920000.0,810364,1686361920000.0,0.23598000000000158,-0.005875488,2188.3094999420096,2188.79031994201,-41.4,0.7096,82.9,0.7039,long_nclose,58.35331,0.02666593093963462,2.0
1686362160000.0,810368,1686362160000.0,0.15732000000000107,-0.003916992000000001,2188.4629029500093,2188.7891729500093,-27.6,0.7096,55.3,0.7039,long_nclose,38.92567,0.017786762548055477,4.0
1686362280000.0,810370,1686362280000.0,0.1048800000000007,-0.002611328,2188.565171622009,2188.779191622009,-18.4,0.7096,36.9,0.7039,long_nclose,25.973909999999997,0.011868008472761165,2.0
1686362520000.0,810374,1686362520000.0,0.07011000000000048,-0.0017456160000000002,2188.6335360060093,2188.7737560060095,-12.3,0.7096,24.6,0.7039,long_nclose,17.31594,0.007911758508278865,4.0
1686362580000.0,810375,1686362580000.0,0.04674000000000031,-0.001163744,2188.6791122620093,2188.7578322620093,-8.2,0.7096,16.4,0.7039,long_nclose,11.543959999999998,0.0052743958378024935,1.0
1686362640000.0,810376,1686362640000.0,0.03078000000000021,-0.000766368,2188.7091258940095,2188.7795258940096,-5.4,0.7096,11.0,0.7039,long_nclose,7.7429,0.003537656013033391,1.0
1686362760000.0,810378,1686362760000.0,0.02052000000000014,-0.000510912,2188.7291349820093,2188.7698349820093,-3.6,0.7096,7.4,0.7039,long_nclose,5.20886,0.002379855924951086,2.0
1686362880000.0,810380,1686362880000.0,0.013680000000000091,-0.000340608,2188.7424743740094,2188.774974374009,-2.4,0.7096,5.0,0.7039,long_nclose,3.5195,0.001608000960006313,2.0
1686363000000.0,810382,1686363000000.0,0.009120000000000062,-0.00022707200000000004,2188.7513673020094,2188.7693873020094,-1.6,0.7096,3.4,0.7039,long_nclose,2.3932599999999997,0.0010934362101393364,2.0
1686363060000.0,810383,1686363060000.0,0.006270000000000043,-0.00015611200000000003,2188.7574811900095,2188.7724311900097,-1.1,0.7096,2.3,0.7039,long_nclose,1.6189699999999998,0.0007396753701190225,1.0
1686363540000.0,810391,1686363540000.0,0.0039900000000000265,-9.9344e-05,2188.7613718460098,2188.76921184601,-0.7,0.7096,1.6,0.7039,long_nclose,1.12624,0.0005145558645573706,8.0
1686363660000.0,810393,1686363660000.0,0.002850000000000019,-7.096e-05,2188.7641508860097,2188.77064088601,-0.5,0.7096,1.1,0.7039,long_nclose,0.77429,0.00035375670772319997,2.0
1686363960000.0,810398,1686363960000.0,0.0017100000000000114,-4.2576e-05,2188.7658183100098,2188.77061831001,-0.3,0.7096,0.8,0.7039,long_nclose,0.56312,0.00025727740962018324,5.0
1686364080000.0,810400,1686364080000.0,0.0011400000000000078,-2.8384000000000005e-05,2188.7669299260097,2188.7707699260095,-0.2,0.7096,0.6,0.7039,long_nclose,0.42234,0.0001929579592169172,2.0
1686364920000.0,810414,1686364920000.0,0.0,-0.017422776,2188.74950715001,2188.48592715001,124.2,0.7014,124.8,0.7014120192307693,long_ientry_partial,87.53622000000001,0.039993713174597906,14.0
1686370740000.0,810511,1686370740000.0,0.0,-0.017508707999999998,2188.7319984420096,2186.48409844201,128.1,0.6834,252.9,0.6922884934756821,long_rentry,175.07976000000002,0.07999141060880266,97.0
1686370860000.0,810513,1686370860000.0,0.0,-0.017551936,2188.7144465060096,2177.1532265060096,131.2,0.6689,384.1,0.6842995053371518,long_rentry,262.83944,0.12008850237160361,2.0
1686370860000.0,810513,1686370860000.0,0.0,-0.026119104,2188.6883274020097,2176.84822740201,199.2,0.6556,583.3,0.6744984741985256,long_rentry,393.43495999999993,0.17975833062855978,0.0
1686370920000.0,810514,1686370920000.0,0.0,-0.03860505,2188.6497223520096,2163.2552323520094,302.5,0.6381,885.8,0.6620684240234815,long_rentry,586.46021,0.26795526210094806,1.0
1686371040000.0,810516,1686371040000.0,0.0,-0.056460260000000005,2188.5932620920094,2105.8321120920095,459.4,0.6145,1345.2,0.6458233050847457,long_rentry,868.7615099999999,0.3969497325279972,2.0
1686371040000.0,810516,1686371040000.0,0.0,-0.0812704,2188.5119916920094,2107.0065216920093,697.6,0.5825,2042.8,0.6241988985705894,long_rentry,1275.1135100000001,0.5826394896809173,0.0
1686372540000.0,810541,1686372540000.0,3.4052499632856574,-0.085684456,2191.8315571992953,2198.9149372360093,-680.9,0.6292,1361.9,0.6241988985705894,long_nclose,850.0964799632858,0.3878475410991583,25.0
1686623700000.0,814727,1686623700000.0,2.2699999388094576,-0.057118775999999996,2194.0444383621048,2199.1302384600094,-453.9,0.6292,908.0,0.6241988985705894,long_nclose,566.7725999020952,0.2583232089525049,4186.0
1686623940000.0,814731,1686623940000.0,4.858300048952416,-0.05764892,2198.8450894910575,2203.15858954001,-454.0,0.6349,454.0,0.6241988985705894,long_nclose,283.3862999510476,0.12887961107648557,4.0
1686624120000.0,814734,1686624120000.0,2.429150024476208,-0.02882446,2201.2454150555336,2203.81076508001,-227.0,0.6349,227.0,0.6241988985705894,long_nclose,141.6931499755238,0.06436953781091652,3.0
1686626040000.0,814766,1686626040000.0,0.3780832680634391,-0.009513503999999999,2201.613984819597,2202.37115157601,-75.6,0.6292,151.4,0.6241988985705894,long_nclose,94.50371324358724,0.042924742436776894,32.0
1686626100000.0,814767,1686626100000.0,0.25205551204229276,-0.006342336,2201.859697995639,2202.4961092400094,-50.4,0.6292,101.0,0.6241988985705894,long_nclose,63.04408875562953,0.02863220068609221,1.0
1686628560000.0,814808,1686628560000.0,0.5404056221852358,-0.00641249,2202.3936911278242,2202.9593467500094,-50.5,0.6349,50.5,0.6241988985705894,long_nclose,31.522044377814765,0.014312629256430823,41.0
1686628800000.0,814812,1686628800000.0,0.26966775602114734,-0.0031998960000000003,2202.6601589878455,2202.9207768540095,-25.2,0.6349,25.3,0.6241988985705894,long_nclose,15.792232133835913,0.007169618095372767,4.0
1686631560000.0,814858,1686631560000.0,0.042009252007048796,-0.001057056,2202.701111183853,2202.78224979801,-8.4,0.6292,16.9,0.6241988985705894,long_nclose,10.54896138584296,0.004789102494334044,46.0
1686631620000.0,814859,1686631620000.0,0.028006168004699194,-0.0007047039999999999,2202.7284126478576,2202.78944509401,-5.6,0.6292,11.3,0.6241988985705894,long_nclose,7.05344755384766,0.003202141268686341,1.0
1686631800000.0,814862,1686631800000.0,0.018504075288819113,-0.00046560800000000006,2202.7464511151466,2202.78673948601,-3.7,0.6292,7.6,0.6241988985705894,long_nclose,4.74391162913648,0.002153634898258427,3.0
1686634680000.0,814910,1686634680000.0,0.040664185431760314,-0.000482524,2202.7866327765787,2202.8284369620105,-3.8,0.6349,3.8,0.6241988985705894,long_nclose,2.37195581456824,0.001076797806593926,48.0
1686634800000.0,814912,1686634800000.0,0.020332092715880157,-0.000241262,2202.8067236072943,2202.8276257000102,-1.9,0.6349,1.9,0.6241988985705894,long_nclose,1.18597790728412,0.0005383939927975044,2.0
1686635760000.0,814928,1686635760000.0,0.009630991286469548,-0.00011428200000000003,2202.8162403165807,2202.82694141801,-0.9,0.6349,1.0,0.6241988985705894,long_nclose,0.6241988985705894,0.00028336403515932037,16.0
1686637500000.0,814957,1686637500000.0,0.005350550714705304,-6.349e-05,2202.8215273772958,2202.8267279280103,-0.5,0.6349,0.5,0.6241988985705894,long_nclose,0.3120994492852947,0.00014168167752422677,29.0
1686637620000.0,814959,1686637620000.0,0.0021402202858821218,-2.5396000000000002e-05,2202.8236422015816,2202.8270625320106,-0.2,0.6349,0.3,0.6241988985705894,long_nclose,0.18725966957117682,8.500892490150629e-05,2.0
1686638640000.0,814976,1686638640000.0,0.0010701101429410609,-1.2698000000000001e-05,2202.8246996137245,2202.8269598340103,-0.1,0.6349,0.2,0.6241988985705894,long_nclose,0.12483977971411789,5.6672589396700115e-05,17.0
1686640500000.0,815007,1686640500000.0,0.0010701101429410609,-1.2698000000000001e-05,2202.8257570258675,2202.8268371360105,-0.1,0.6349,0.1,0.6241988985705894,long_nclose,0.062419889857058944,2.8336281096211077e-05,31.0
1686640740000.0,815011,1686640740000.0,0.0010701101429410609,-1.2698000000000001e-05,2202.8268144380104,2202.8268144380104,-0.1,0.6349,0.0,0.6241988985705894,long_nclose,0.0,0.0,4.0
1686773100000.0,817217,1686773100000.0,0.0,-0.017620880000000002,2202.8091935580105,2203.3567935580104,148.0,0.5953,148.0,0.5953,long_ientry_normal,88.10440000000001,0.03999638291762005,2206.0
1686774720000.0,817244,1686774720000.0,0.0,-0.0176204,2202.7915731580106,2200.4072131580106,151.9,0.58,299.9,0.5875505168389463,long_rentry,176.2064,0.07999231618059235,27.0
1686775740000.0,817261,1686775740000.0,0.0,-0.01765547,2202.7739176880104,2199.0522076880106,155.5,0.5677,455.4,0.5807723978919631,long_rentry,264.48375,0.12006849539856414,17.0
1686779760000.0,817328,1686779760000.0,0.717650000000003,-0.017775780000000005,2203.4737919080103,2205.0305319080103,-151.8,0.5855,303.6,0.5807723978919631,long_nclose,176.32250000000002,0.08002023924565065,67.0
1686780000000.0,817332,1686780000000.0,0.4784333333333353,-0.011850520000000002,2203.9403747213437,2204.83652138801,-101.2,0.5855,202.4,0.5807723978919631,long_nclose,117.54833333333333,0.053335532431631964,4.0
1686780720000.0,817344,1686780720000.0,0.31864038208168777,-0.007892540000000002,2204.2511225634257,2204.700348848011,-67.4,0.5855,135.0,0.5807723978919631,long_nclose,78.40427371541502,0.035569574134654426,12.0
1686809460000.0,817823,1686809460000.0,0.21274209486166096,-0.0052695,2204.4585951582876,2204.893079348011,-45.0,0.5855,90.0,0.5807723978919631,long_nclose,52.26951581027668,0.023710817669734256,479.0
1686829920000.0,818164,1686829920000.0,0.1418280632411073,-0.0035130000000000005,2204.5969102215286,2204.886566348011,-30.0,0.5855,60.0,0.5807723978919631,long_nclose,34.84634387351779,0.015806220045013246,341.0
1686830100000.0,818167,1686830100000.0,0.0945520421607382,-0.0023420000000000003,2204.689120263689,2204.8822243480104,-20.0,0.5855,40.0,0.5807723978919631,long_nclose,23.230895915678524,0.010537039305069924,3.0
1686830340000.0,818171,1686830340000.0,0.06287710803689091,-0.0015574300000000003,2204.7504399417257,2204.8793369180103,-13.3,0.5855,26.7,0.5807723978919631,long_nclose,15.506623023715415,0.007033278117465881,4.0
1686834960000.0,818248,1686834960000.0,0.0420756587615285,-0.0010421900000000001,2204.791473410487,2204.88630472801,-8.9,0.5855,17.8,0.5807723978919631,long_nclose,10.337748682476944,0.0046887648138832705,77.0
1686835980000.0,818265,1686835980000.0,0.08835565876152834,-0.001051446,2204.8787776232484,2204.97336328201,-8.9,0.5907,8.9,0.5807723978919631,long_nclose,5.168874341238472,0.0023442895789537537,17.0
1686836340000.0,818271,1686836340000.0,0.043681449275362334,-0.0005198160000000001,2204.9219392565237,2204.9661634660097,-4.4,0.5907,4.5,0.5807723978919631,long_nclose,2.613475790513834,0.0011852917529566016,6.0
1686836400000.0,818272,1686836400000.0,0.021840724637681167,-0.00025990800000000005,2204.9435200731614,2204.96750355801,-2.2,0.5907,2.3,0.5807723978919631,long_nclose,1.335776515151515,0.0006058098554411921,1.0
1686836640000.0,818276,1686836640000.0,0.010920362318840584,-0.00012995400000000002,2204.95431048148,2204.9671836040097,-1.1,0.5907,1.2,0.5807723978919631,long_nclose,0.6969268774703558,0.00031607316040855866,4.0
1686836880000.0,818280,1686836880000.0,0.0059565612648221355,-7.088400000000001e-05,2204.960196158745,2204.96657272001,-0.6,0.5907,0.6,0.5807723978919631,long_nclose,0.3484634387351779,0.00015803615835888334,4.0
1686837180000.0,818285,1686837180000.0,0.0029782806324110678,-3.5442000000000004e-05,2204.9631389973774,2204.96617727801,-0.3,0.5907,0.3,0.5807723978919631,long_nclose,0.17423171936758894,7.901797371851492e-05,5.0
1686841740000.0,818361,1686841740000.0,0.0009927602108036893,-1.1814e-05,2204.9641199435882,2204.96614546401,-0.1,0.5907,0.2,0.5807723978919631,long_nclose,0.11615447957839263,5.267862570995682e-05,76.0
1686841980000.0,818365,1686841980000.0,0.0009927602108036893,-1.1814e-05,2204.965100889799,2204.9660836500098,-0.1,0.5907,0.1,0.5807723978919631,long_nclose,0.058077239789196315,2.6339301137128942e-05,4.0
1686842160000.0,818368,1686842160000.0,0.0009927602108036893,-1.1814e-05,2204.96608183601,2204.96608183601,-0.1,0.5907,0.0,0.5807723978919631,long_nclose,0.0,0.0,3.0
1687432140000.0,828201,1687432140000.0,0.0,-0.01764392,2204.94843791601,2205.9000779160096,128.6,0.686,128.6,0.686,long_ientry_normal,88.2196,0.040009824485229266,9833.0
1687432260000.0,828203,1687432260000.0,0.7523099999999956,-0.008972421999999999,2205.6917754940096,2206.7141454940097,-64.3,0.6977,64.3,0.686,long_nclose,44.1098,0.019998170410786754,2.0
1687432380000.0,828205,1687432380000.0,1.1509699999999945,-0.009052154,2206.8336933400096,2206.8336933400096,-64.3,0.7039,0.0,0.686,long_nclose,0.0,0.0,2.0
1687620720000.0,831344,1687620720000.0,0.0,-0.017659872000000004,2206.8160334680097,2206.4488334680095,122.4,0.7214,122.4,0.7214,long_ientry_normal,88.29936000000001,0.04001210733512645,3139.0
1687620900000.0,831347,1687620900000.0,0.23663999999999658,-0.005933951999999999,2207.04673951601,2207.49553951601,-40.8,0.7272,81.6,0.7214,long_nclose,58.86624,0.026671949871305833,3.0
1687621680000.0,831360,1687621680000.0,0.1577599999999977,-0.003955968,2207.20054354801,2207.5378235480102,-27.2,0.7272,54.4,0.7214,long_nclose,39.24416,0.017780060862487904,13.0
1687621800000.0,831362,1687621800000.0,0.10497999999999849,-0.002632464,2207.3028910840103,2207.4081610840103,-18.1,0.7272,36.3,0.7214,long_nclose,26.18682,0.011863718434736253,2.0
1687622520000.0,831374,1687622520000.0,0.0,-0.01242142,2207.2904696640103,2207.1842996640103,86.2,0.7205,122.5,0.7207666938775511,long_ientry_partial,88.29392000000001,0.04000104255125061,12.0
1687622760000.0,831378,1687622760000.0,0.23799888979591602,-0.005929056,2207.5225394978065,2208.0399706080107,-40.8,0.7266,81.7,0.7207666938775511,long_nclose,58.886638889795925,0.026675441738951467,4.0
1687622880000.0,831380,1687622880000.0,0.15866592653061068,-0.0039527040000000005,2207.6772527203375,2208.033317904011,-27.2,0.7266,54.5,0.7207666938775511,long_nclose,39.281784816326535,0.017793264286218854,2.0
1687623060000.0,831383,1687623060000.0,0.1055828408163255,-0.0026302920000000007,2207.7802052691536,2208.0216576120106,-18.1,0.7266,36.4,0.7207666938775511,long_nclose,26.23590765714286,0.011883387483286365,3.0
1687625040000.0,831416,1687625040000.0,0.07058300408163196,-0.001758372,2207.849029901235,2208.0175092400104,-12.1,0.7266,24.3,0.7207666938775511,long_nclose,17.51463066122449,0.007932893247690935,33.0
1687626120000.0,831434,1687626120000.0,0.14923300408163134,-0.001774102,2207.9964888033164,2208.1518351380105,-12.1,0.7331,12.2,0.7207666938775511,long_nclose,8.793353665306123,0.003982503464066612,18.0
1687628100000.0,831467,1687628100000.0,0.02333322448979569,-0.0005812800000000001,2208.019240747806,2208.0695338580103,-4.0,0.7266,8.2,0.7207666938775511,long_nclose,5.910286889795919,0.0026767370413829537,33.0
1687633320000.0,831554,1687633320000.0,0.050566555102040375,-0.0006011419999999999,2208.0692061609084,2208.1210027160105,-4.1,0.7331,4.1,0.7207666938775511,long_nclose,2.9551434448979594,0.0013383382353472347,87.0
1687638300000.0,831637,1687638300000.0,0.007583297959183599,-0.00018891600000000002,2208.0766005428677,2208.0926538000103,-1.3,0.7266,2.8,0.7207666938775511,long_nclose,2.018146742857143,0.0009139840268045822,83.0
1687638420000.0,831639,1687638420000.0,0.0052499755102040305,-0.000130788,2208.0817197303777,2208.0929930120105,-0.9,0.7266,1.9,0.7207666938775511,long_nclose,1.369456718367347,0.0006202020088887686,2.0
1687650840000.0,831846,1687650840000.0,0.0034999836734693535,-8.7192e-05,2208.085132522051,2208.09271582001,-0.6,0.7266,1.3,0.7207666938775511,long_nclose,0.9369967020408164,0.0004243480870552255,207.0
1687650960000.0,831848,1687650960000.0,0.002333322448979569,-5.8128e-05,2208.0874077165,2208.09292769201,-0.4,0.7266,0.9,0.7207666938775511,long_nclose,0.648690024489796,0.0002937791421765503,2.0
1687652040000.0,831866,1687652040000.0,0.0017499918367346768,-4.3596e-05,2208.0891141123366,2208.09315409601,-0.3,0.7266,0.6,0.7207666938775511,long_nclose,0.43246001632653064,0.00019585261009738813,18.0
1687652460000.0,831873,1687652460000.0,0.0011666612244897844,-2.9064e-05,2208.090251709561,2208.09234503201,-0.2,0.7266,0.4,0.7207666938775511,long_nclose,0.28830667755102046,0.00013056833946339193,7.0
1687653000000.0,831882,1687653000000.0,0.0005833306122448922,-1.4532e-05,2208.0908205081732,2208.09254050001,-0.1,0.7266,0.3,0.7207666938775511,long_nclose,0.21623000816326532,9.792622937198835e-05,9.0
1687653060000.0,831883,1687653060000.0,0.0005833306122448922,-1.4532e-05,2208.0913893067855,2208.09259596801,-0.1,0.7266,0.2,0.7207666938775511,long_nclose,0.14415333877551023,6.528413609763051e-05,1.0
1687653240000.0,831886,1687653240000.0,0.0005833306122448922,-1.4532e-05,2208.0919581053977,2208.0925314360097,-0.1,0.7266,0.1,0.7207666938775511,long_nclose,0.07207666938775512,3.264205964030539e-05,3.0
1687653300000.0,831887,1687653300000.0,0.0005833306122448922,-1.4532e-05,2208.09252690401,2208.09252690401,-0.1,0.7266,0.0,0.7207666938775511,long_nclose,0.0,0.0,1.0
1687741260000.0,833353,1687741260000.0,0.0,-0.017662388,2208.0748645160097,2208.02562451601,123.1,0.7174,123.1,0.7174,long_ientry_normal,88.31194,0.0399949935661974,1466.0
1687742640000.0,833376,1687742640000.0,0.23779999999999657,-0.00593024,2208.3067342760096,2208.9553242760094,-41.0,0.7232,82.1,0.7174,long_nclose,58.89854,0.026671358233805235,23.0
1687744380000.0,833405,1687744380000.0,0.15833999999999773,-0.003948672,2208.4611256040093,2208.7954056040094,-27.3,0.7232,54.8,0.7174,long_nclose,39.31352,0.017801318549018078,29.0
1687745040000.0,833416,1687745040000.0,0.10555999999999847,-0.002632448,2208.5640531560093,2208.7763331560095,-18.2,0.7232,36.6,0.7174,long_nclose,26.256840000000004,0.011888647722251624,11.0
1687745160000.0,833418,1687745160000.0,0.07075999999999898,-0.0017646079999999998,2208.6330485480094,2208.7989685480093,-12.2,0.7232,24.4,0.7174,long_nclose,17.50456,0.00792551755553408,2.0
1687745820000.0,833429,1687745820000.0,0.04697999999999932,-0.0011715839999999998,2208.6788569640094,2208.7766569640094,-8.1,0.7232,16.3,0.7174,long_nclose,11.693620000000001,0.005294395771087218,11.0
1687746960000.0,833448,1687746960000.0,0.03131999999999955,-0.000781056,2208.7093959080094,2208.7747959080093,-5.4,0.7232,10.9,0.7174,long_nclose,7.819660000000001,0.003540375213908712,19.0
1687762020000.0,833699,1687762020000.0,0.0208799999999997,-0.0005207040000000001,2208.7297552040095,2208.7691752040096,-3.6,0.7232,7.3,0.7174,long_nclose,5.23702,0.0023710551223666033,251.0
1687762140000.0,833701,1687762140000.0,0.013919999999999799,-0.000347136,2208.7433280680093,2208.7722380680093,-2.4,0.7232,4.9,0.7174,long_nclose,3.5152600000000005,0.001591520370578687,2.0
1687762680000.0,833710,1687762680000.0,0.029519999999999946,-0.000350256,2208.7724978120095,2208.8109978120096,-2.4,0.7297,2.5,0.7174,long_nclose,1.7935,0.000811989465540985,9.0
1687763940000.0,833731,1687763940000.0,0.014759999999999973,-0.000175128,2208.7870826840094,2208.8035926840093,-1.2,0.7297,1.3,0.7174,long_nclose,0.9326200000000001,0.0004222317340188019,21.0
1687764120000.0,833734,1687764120000.0,0.007379999999999986,-8.7564e-05,2208.7943751200096,2208.8033351200097,-0.6,0.7297,0.7,0.7174,long_nclose,0.50218,0.00022735479846226756,3.0
1687764300000.0,833737,1687764300000.0,0.003689999999999993,-4.3782e-05,2208.7980213380097,2208.8031013380096,-0.3,0.7297,0.4,0.7174,long_nclose,0.28696000000000005,0.0001299168132295637,3.0
1687765200000.0,833752,1687765200000.0,0.0024599999999999956,-2.9188000000000006e-05,2208.8004521500097,2208.8028721500095,-0.2,0.7297,0.2,0.7174,long_nclose,0.14348000000000002,6.495833512725831e-05,15.0
1687765380000.0,833755,1687765380000.0,0.0012299999999999978,-1.4594000000000003e-05,2208.8016675560098,2208.80293755601,-0.1,0.7297,0.1,0.7174,long_nclose,0.07174000000000001,3.247914969177778e-05,3.0
1687765500000.0,833757,1687765500000.0,0.0012299999999999978,-1.4594000000000003e-05,2208.80288296201,2208.80288296201,-0.1,0.7297,0.0,0.7174,long_nclose,0.0,0.0,2.0
1687816560000.0,834608,1687816560000.0,0.0,-0.017672235999999997,2208.7852107260096,2208.9083107260094,123.1,0.7178,123.1,0.7178,long_ientry_normal,88.36117999999999,0.04000442395707476,851.0
1687819320000.0,834654,1687819320000.0,0.23780000000000112,-0.00593352,2209.0170772060096,2209.5917772060097,-41.0,0.7236,82.1,0.7178,long_nclose,58.93138,0.026677647994707714,46.0
1687820040000.0,834666,1687820040000.0,0.15834000000000076,-0.003950856000000001,2209.1714663500097,2209.5495863500096,-27.3,0.7236,54.8,0.7178,long_nclose,39.33544,0.017805516954729622,12.0
1687822320000.0,834704,1687822320000.0,0.1055600000000005,-0.0026339040000000003,2209.2743924460096,2209.5013124460097,-18.2,0.7236,36.6,0.7178,long_nclose,26.27148,0.011891451822294194,38.0
1687823160000.0,834718,1687823160000.0,0.07076000000000034,-0.001765584,2209.3433868620095,2209.4849068620097,-12.2,0.7236,24.4,0.7178,long_nclose,17.514319999999998,0.007927386980290132,14.0
1687823220000.0,834719,1687823220000.0,0.04698000000000022,-0.001172232,2209.3891946300096,2209.4869946300096,-8.1,0.7236,16.3,0.7178,long_nclose,11.700140000000001,0.005295644619081854,1.0
1687826340000.0,834771,1687826340000.0,0.09962999999999982,-0.001182762,2209.4876418680096,2209.59096186801,-8.1,0.7301,8.2,0.7178,long_nclose,5.88596,0.0026639479164607227,52.0
1687826760000.0,834778,1687826760000.0,0.050429999999999905,-0.0005986819999999999,2209.5374731860093,2209.5911831860094,-4.1,0.7301,4.1,0.7178,long_nclose,2.94298,0.0013319439184511382,7.0
1687828380000.0,834805,1687828380000.0,0.0766700000000002,-0.00060393,2209.613539256009,2209.613539256009,-4.1,0.7365,0.0,0.7178,long_nclose,0.0,0.0,27.0
1687937640000.0,836626,1687937640000.0,0.0,-0.0176832,2209.595856056009,2209.706376056009,122.8,0.72,122.8,0.72,long_ientry_normal,88.416,0.04001455730362251,1821.0
1687938300000.0,836637,1687938300000.0,0.23722000000000112,-0.005937044,2209.827139012009,2210.277589012009,-40.9,0.7258,81.9,0.72,long_nclose,58.968,0.026684440135151925,11.0
1687938480000.0,836640,1687938480000.0,0.15834000000000076,-0.0039628680000000005,2209.9815161440088,2210.3200361440086,-27.3,0.7258,54.6,0.72,long_nclose,39.312,0.01778838407146131,3.0
1687938780000.0,836645,1687938780000.0,0.1055600000000005,-0.002641912,2210.084434232009,2210.291914232009,-18.2,0.7258,36.4,0.72,long_nclose,26.208,0.011858370474025406,5.0
1687938840000.0,836646,1687938840000.0,0.07018000000000033,-0.001756436,2210.152857796009,2210.284077796009,-12.1,0.7258,24.3,0.72,long_nclose,17.496,0.007916194546583181,1.0
1687938960000.0,836648,1687938960000.0,0.04698000000000022,-0.001175796,2210.198662000009,2210.271562000009,-8.1,0.7258,16.2,0.72,long_nclose,11.664,0.005277353660799544,2.0
1687939740000.0,836661,1687939740000.0,0.031320000000000146,-0.0007838640000000001,2210.229198136009,2210.295078136009,-5.4,0.7258,10.8,0.72,long_nclose,7.776,0.0035181871665426684,13.0
1687940220000.0,836669,1687940220000.0,0.0208800000000001,-0.0005225760000000001,2210.249555560009,2210.292755560009,-3.6,0.7258,7.2,0.72,long_nclose,5.184,0.002345436508270911,8.0
1687940340000.0,836671,1687940340000.0,0.013920000000000066,-0.000348384,2210.2631271760088,2210.288087176009,-2.4,0.7258,4.8,0.72,long_nclose,3.456,0.0015636147377690883,2.0
1687941240000.0,836686,1687941240000.0,0.009280000000000043,-0.00023225600000000002,2210.272174920009,2210.290094920009,-1.6,0.7258,3.2,0.72,long_nclose,2.304,0.0010424055580772005,15.0
1687942320000.0,836704,1687942320000.0,0.005800000000000027,-0.00014516,2210.277829760009,2210.2910297600088,-1.0,0.7258,2.2,0.72,long_nclose,1.584,0.000716651987669799,18.0
1687944420000.0,836739,1687944420000.0,0.013529999999999976,-0.000161106,2210.291198654009,2210.305058654009,-1.1,0.7323,1.1,0.72,long_nclose,0.792,0.00035832382650860696,35.0
1687948080000.0,836800,1687948080000.0,0.0017400000000000083,-4.3548e-05,2210.292895106009,2210.297375106009,-0.3,0.7258,0.8,0.72,long_nclose,0.576,0.0002605989465357143,61.0
1687948320000.0,836804,1687948320000.0,0.0011600000000000054,-2.9032000000000003e-05,2210.294026074009,2210.2975060740087,-0.2,0.7258,0.6,0.72,long_nclose,0.432,0.00019544910989391373,4.0
1687948380000.0,836805,1687948380000.0,0.0011600000000000054,-2.9032000000000003e-05,2210.2951570420087,2210.297797042009,-0.2,0.7258,0.4,0.72,long_nclose,0.288,0.00013029933992409607,1.0
1687948860000.0,836813,1687948860000.0,0.0005800000000000027,-1.4516000000000001e-05,2210.2957225260084,2210.2975525260085,-0.1,0.7258,0.3,0.72,long_nclose,0.216,9.772447994114885e-05,8.0
1687949100000.0,836817,1687949100000.0,0.0005800000000000027,-1.4516000000000001e-05,2210.296288010008,2210.297528010008,-0.1,0.7258,0.2,0.72,long_nclose,0.144,6.514963662615894e-05,4.0
1687949280000.0,836820,1687949280000.0,0.0005800000000000027,-1.4516000000000001e-05,2210.296853494008,2210.297493494008,-0.1,0.7258,0.1,0.72,long_nclose,0.072,3.2574809979113597e-05,3.0
1687950060000.0,836833,1687950060000.0,0.0005800000000000027,-1.4516000000000001e-05,2210.2974189780075,2210.2974189780075,-0.1,0.7258,0.0,0.72,long_nclose,0.0,0.0,13.0
1687980540000.0,837341,1687980540000.0,0.0,-0.01768723,2210.2797317480076,2210.014081748008,126.5,0.6991,126.5,0.6991,long_ientry_normal,88.43615000000001,0.04001129301858094,508.0
1687980600000.0,837342,1687980600000.0,0.0,-0.017681356000000002,2210.2620503920075,2205.4733103920075,129.8,0.6811,256.3,0.6899841201716739,long_rentry,176.84293000000002,0.08000993817390817,1.0
1687980600000.0,837342,1687980600000.0,0.0,-0.017720885999999998,2210.2443295060075,2206.0669295060075,132.9,0.6667,389.2,0.6820332990750257,long_rentry,265.44736,0.12009864993492726,0.0
1687980720000.0,837344,1687980720000.0,0.7090311099691607,-0.01783375,2210.9355268659765,2212.1984357560073,-129.7,0.6875,259.5,0.6820332990750257,long_nclose,176.9876411099692,0.08005101865672716,2.0
1687980840000.0,837346,1687980840000.0,0.47286963001027305,-0.01189375,2211.3965027459867,2212.255742006007,-86.5,0.6875,173.0,0.6820332990750257,long_nclose,117.99176073997945,0.053356221099863356,2.0
1687980900000.0,837347,1687980900000.0,0.3148819732785171,-0.00792,2211.7034647192654,2212.2304620060077,-57.6,0.6875,115.4,0.6820332990750257,long_nclose,78.70664271325798,0.03558643550944942,1.0
1687980960000.0,837348,1687980960000.0,0.2099213155190114,-0.00528,2211.9081060347844,2212.1211420060076,-38.4,0.6875,77.0,0.6820332990750257,long_nclose,52.51656402877698,0.02374265182423049,1.0
1687981020000.0,837349,1687981020000.0,0.0,-0.0071493120000000005,2211.9009567227845,2212.0364726940074,52.2,0.6848,129.2,0.6831511147738156,long_ientry_partial,88.26312402877697,0.03990374151270775,1.0
1687982400000.0,837372,1687982400000.0,0.23860206472592715,-0.0059228200000000005,2212.1336359675106,2212.637809874008,-43.0,0.6887,86.2,0.6831511147738156,long_nclose,58.88762609350291,0.026620284207082952,23.0
1687982460000.0,837373,1687982460000.0,0.0,-0.005815160000000001,2212.1278208075105,2212.2981547140075,42.2,0.689,128.4,0.685073411943169,long_ientry_partial,87.9634260935029,0.03976416971302903,1.0
1687983720000.0,837394,1687983720000.0,0.23653796883236844,-0.005911536,2212.3584472403427,2212.9171231780074,-42.8,0.6906,85.6,0.685073411943169,long_nclose,58.64228406233526,0.026506683008571518,21.0
1687984080000.0,837400,1687984080000.0,0.0,-0.005843012000000002,2212.352604228343,2212.8689601660076,42.2,0.6923,127.8,0.6874596561998065,long_ientry_partial,87.85734406233527,0.03971217964732139,6.0
1687984860000.0,837413,1687984860000.0,0.23601864588823948,-0.00590436,2212.582718514231,2213.0803158060075,-42.6,0.693,85.2,0.6874596561998065,long_nclose,58.57156270822352,0.0264720329857565,13.0
1687989840000.0,837496,1687989840000.0,0.5001386458882435,-0.005957184000000001,2213.0768999761194,2213.5898186220074,-42.6,0.6992,42.6,0.6874596561998065,long_nclose,29.28578135411176,0.01323306088208131,83.0
1687990140000.0,837501,1687990140000.0,0.25006932294412176,-0.0029785920000000004,2213.3239907070633,2213.5868400300074,-21.3,0.6992,21.3,0.6874596561998065,long_nclose,14.64289067705588,0.006615791785809946,5.0
1687991820000.0,837529,1687991820000.0,0.12444764428205118,-0.001482304,2213.4469560473453,2213.5886277260074,-10.6,0.6992,10.7,0.6874596561998065,long_nclose,7.35581832133793,0.003323241291706197,28.0
1687992120000.0,837534,1687992120000.0,0.06222382214102559,-0.000741152,2213.508438717486,2213.583176574007,-5.3,0.6992,5.4,0.6874596561998065,long_nclose,3.7122821434789555,0.0016771032260576625,5.0
1687993680000.0,837560,1687993680000.0,0.09687785652104486,-0.000761832,2213.604554742007,2213.604554742007,-5.4,0.7054,0.0,0.6874596561998065,long_nclose,0.0,0.0,26.0
1688132520000.0,839874,1688132520000.0,0.0,-0.017711612,2213.5868431300073,2215.3872131300072,125.9,0.7034,125.9,0.7034,long_ientry_normal,88.55806000000001,0.040006589429660275,2314.0
1688132640000.0,839876,1688132640000.0,2.3165599999999964,-0.018174924000000002,2215.8852282060075,2215.8852282060075,-125.9,0.7218,0.0,0.7034,long_nclose,0.0,0.0,2.0
1688132820000.0,839879,1688132820000.0,0.0,-0.01772316,2215.8675050460074,2213.7003050460075,126.0,0.7033,126.0,0.7033,long_ientry_normal,88.61580000000001,0.039991470518071476,3.0
1688132820000.0,839879,1688132820000.0,0.0,-0.017732976000000004,2215.8497720700075,2213.7990320700073,129.4,0.6852,255.4,0.6941295223179327,long_rentry,177.28068000000002,0.08000573063867392,0.0
1688132880000.0,839880,1688132880000.0,0.474047650743928,-0.011908894,2216.3119108267515,2217.2605631760075,-85.1,0.6997,170.3,0.6941295223179327,long_nclose,118.21025765074394,0.05333647176342067,1.0
1688132940000.0,839881,1688132940000.0,0.31584608457321645,-0.007934598,2216.619822313325,2217.763828578008,-56.7,0.6997,113.6,0.6941295223179327,long_nclose,78.85311373531715,0.03557358503318981,1.0
1688133060000.0,839883,1688133060000.0,0.6742431323414215,-0.008020159999999998,2217.2860452856667,2218.187488418008,-56.8,0.706,56.8,0.6941295223179327,long_nclose,39.426556867658576,0.017781448158881552,2.0
1688133180000.0,839885,1688133180000.0,1.0264031323414269,-0.008090592,2218.304357826008,2218.304357826008,-56.8,0.7122,0.0,0.6941295223179327,long_nclose,0.0,0.0,2.0
1688485080000.0,845750,1688485080000.0,0.0,-0.01774425,2218.286613576008,2218.9482635760082,120.3,0.7375,120.3,0.7375,long_ientry_normal,88.72125,0.0399953953005992,5865.0
1688485140000.0,845751,1688485140000.0,0.24060000000000023,-0.005962870000000001,2218.5212507060082,2219.0184907060084,-40.1,0.7435,80.2,0.7375,long_nclose,59.14750000000001,0.026660776849073354,1.0
1688485380000.0,845755,1688485380000.0,0.16020000000000015,-0.0039702900000000005,2218.677480416008,2219.025230416008,-26.7,0.7435,53.5,0.7375,long_nclose,39.456250000000004,0.017783679849043155,4.0
1688486460000.0,845773,1688486460000.0,0.3364199999999985,-0.004005534000000001,2219.009894882008,2219.334174882008,-26.7,0.7501,26.8,0.7375,long_nclose,19.765,0.008907125671492766,18.0
1688487420000.0,845789,1688487420000.0,0.16883999999999927,-0.002010268,2219.176724614008,2219.346904614008,-13.4,0.7501,13.4,0.7375,long_nclose,9.8825,0.0044532280328953575,16.0
1688487540000.0,845791,1688487540000.0,0.08441999999999963,-0.001005134,2219.260139480008,2219.354609480008,-6.7,0.7501,6.7,0.7375,long_nclose,4.94125,0.002226530325173045,2.0
1688489400000.0,845822,1688489400000.0,0.04157999999999981,-0.0004950660000000001,2219.301224414008,2219.346104414008,-3.3,0.7501,3.4,0.7375,long_nclose,2.5075000000000003,0.001129860143551306,31.0
1688489520000.0,845824,1688489520000.0,0.021419999999999904,-0.000255034,2219.322389380008,2219.344319380008,-1.7,0.7501,1.7,0.7375,long_nclose,1.2537500000000001,0.0005649246842187037,2.0
1688490240000.0,845836,1688490240000.0,0.010079999999999957,-0.00012001600000000001,2219.332349364008,2219.3432393640082,-0.8,0.7501,0.9,0.7375,long_nclose,0.6637500000000001,0.00029907643178824037,12.0
1688490300000.0,845837,1688490300000.0,0.0050399999999999785,-6.0008000000000006e-05,2219.337329356008,2219.343779356008,-0.4,0.7501,0.5,0.7375,long_nclose,0.36875,0.00016615320038211646,1.0
1688492700000.0,845877,1688492700000.0,0.0025199999999999893,-3.0004000000000003e-05,2219.339819352008,2219.343779352008,-0.2,0.7501,0.3,0.7375,long_nclose,0.22125,9.969180837957456e-05,40.0
1688493480000.0,845890,1688493480000.0,0.0012599999999999946,-1.5002000000000001e-05,2219.341064350008,2219.343564350008,-0.1,0.7501,0.2,0.7375,long_nclose,0.14750000000000002,6.646116830321403e-05,13.0
1688493540000.0,845891,1688493540000.0,0.0012599999999999946,-1.5002000000000001e-05,2219.342309348008,2219.343549348008,-0.1,0.7501,0.1,0.7375,long_nclose,0.07375000000000001,3.3230565510043414e-05,1.0
1688493660000.0,845893,1688493660000.0,0.0012599999999999946,-1.5002000000000001e-05,2219.3435543460077,2219.3435543460077,-0.1,0.7501,0.0,0.7375,long_nclose,0.0,0.0,2.0
1688553420000.0,846889,1688553420000.0,0.0,-0.017755374,2219.3257989720078,2219.083998972008,120.9,0.7343,120.9,0.7343,long_ientry_normal,88.77687,0.04000172937255155,996.0
1688555340000.0,846921,1688555340000.0,0.23777000000000065,-0.005966012,2219.557602960008,2219.888062960008,-40.3,0.7402,80.6,0.7343,long_nclose,59.18457999999999,0.026665034474019182,32.0
1688555760000.0,846928,1688555760000.0,0.15812000000000045,-0.0039674720000000005,2219.711755488008,2220.018415488008,-26.8,0.7402,53.8,0.7343,long_nclose,39.50534,0.017797509024461002,7.0
1688555820000.0,846929,1688555820000.0,0.10561000000000029,-0.0026499159999999996,2219.814715572008,2220.058835572008,-17.9,0.7402,35.9,0.7343,long_nclose,26.361369999999997,0.01187548213599761,1.0
1688558460000.0,846973,1688558460000.0,0.0,-0.012524220000000003,2219.802191352008,2219.7702613520078,85.9,0.729,121.8,0.7305621510673235,long_ientry_partial,88.98246999999999,0.04008576545543625,44.0
1688628240000.0,848136,1688628240000.0,0.24107666666666877,-0.00598038,2220.0372876386746,2220.527560972008,-40.6,0.7365,81.2,0.7305621510673235,long_nclose,59.321646666666666,0.026721013650074173,1163.0
1688629080000.0,848150,1688629080000.0,0.1603219211822674,-0.0039771,2220.193632459857,2220.526303872008,-27.0,0.7365,54.2,0.7305621510673235,long_nclose,39.59646858784893,0.017834691537232338,14.0
1688632260000.0,848203,1688632260000.0,0.10688128078817827,-0.0026514000000000004,2220.2978623406448,2220.5200524720076,-18.0,0.7365,36.2,0.7305621510673235,long_nclose,26.44634986863711,0.011911172062633655,53.0
1688633340000.0,848221,1688633340000.0,0.22512506568144505,-0.0026896600000000004,2220.520297746326,2220.7870528120075,-18.1,0.743,18.1,0.7305621510673235,long_nclose,13.223174934318555,0.005954989444473514,18.0
1688634060000.0,848233,1688634060000.0,0.344585065681446,-0.0027135520000000006,2220.8621692600072,2220.8621692600072,-18.1,0.7496,0.0,0.7305621510673235,long_nclose,0.0,0.0,12.0
1688652480000.0,848540,1688652480000.0,0.0,-0.017760872,2220.844408388007,2220.681648388007,125.2,0.7093,125.2,0.7093,long_ientry_normal,88.80436,0.03998675443655162,307.0
1688666640000.0,848776,1688666640000.0,0.237689999999997,-0.005963100000000001,2221.076135288007,2221.535385288007,-41.7,0.715,83.5,0.7093,long_nclose,59.22655,0.02666570004468581,236.0
1688666700000.0,848777,1688666700000.0,0.158459999999998,-0.0039754,2221.2306198880074,2221.5815298880075,-27.8,0.715,55.7,0.7093,long_nclose,39.508010000000006,0.01778654122911018,1.0
1688669880000.0,848830,1688669880000.0,0.10544999999999866,-0.0026455,2221.333424388007,2221.578944388007,-18.5,0.715,37.2,0.7093,long_nclose,26.385960000000004,0.011878432886440504,53.0
1688688120000.0,849134,1688688120000.0,0.0,-0.01265454,2221.3207698480073,2220.3360498480074,92.1,0.687,129.3,0.693415777262181,long_ientry_partial,89.65866000000001,0.04036277030180331,304.0
1688696940000.0,849281,1688696940000.0,0.24067999999999892,-0.00602538,2221.555424468007,2222.097124468007,-43.1,0.699,86.2,0.693415777262181,long_nclose,59.77244,0.026905671288535882,147.0
1688697120000.0,849284,1688697120000.0,0.1602671925754053,-0.00401226,2221.7116794005824,2222.055772208007,-28.7,0.699,57.5,0.693415777262181,long_nclose,39.871407192575404,0.017946256286203936,3.0
1688697420000.0,849289,1688697420000.0,0.1066586542923429,-0.00267018,2221.8156678748746,2222.033942028007,-19.1,0.699,38.4,0.693415777262181,long_nclose,26.627165846867747,0.011984417173696563,5.0
1688697960000.0,849298,1688697960000.0,0.07147805104408321,-0.0017894400000000002,2221.8853564859187,2222.0206325880067,-12.8,0.699,25.6,0.693415777262181,long_nclose,17.751443897911834,0.007989360857927926,9.0
1688698020000.0,849299,1688698020000.0,0.0474658932714615,-0.0011883,2221.9316340791897,2222.0288342880062,-8.5,0.699,17.1,0.693415777262181,long_nclose,11.857409791183295,0.005336532235879179,1.0
1688698440000.0,849306,1688698440000.0,0.0318300696055683,-0.00079686,2221.9626672887953,2222.0286074280066,-5.7,0.699,11.4,0.693415777262181,long_nclose,7.904939860788863,0.003557638468532124,7.0
1688700060000.0,849333,1688700060000.0,0.0212200464037122,-0.00053124,2221.9833560951993,2222.030356188007,-3.8,0.699,7.6,0.693415777262181,long_nclose,5.269959907192575,0.0023717368956596217,27.0
1688707500000.0,849457,1688707500000.0,0.0139605568445475,-0.0003495,2221.996967152044,2222.0279966880066,-2.5,0.699,5.1,0.693415777262181,long_nclose,3.5364204640371226,0.0015915505359891597,124.0
1688708220000.0,849469,1688708220000.0,0.0094931786542923,-0.00023766,2222.006222670698,2222.027589028007,-1.7,0.699,3.4,0.693415777262181,long_nclose,2.3576136426914154,0.0010610292710421514,12.0
1688710080000.0,849500,1688710080000.0,0.0061426450116009,-0.00015378,2222.01221153571,2222.0252852480066,-1.1,0.699,2.3,0.693415777262181,long_nclose,1.5948562877030161,0.0007177531605916583,31.0
1688710320000.0,849504,1688710320000.0,0.0039089559164733,-9.786e-05,2222.016022631626,2222.0251173880065,-0.7,0.699,1.6,0.693415777262181,long_nclose,1.1094652436194896,0.0004993056901117679,4.0
1688710440000.0,849506,1688710440000.0,0.0027921113689095,-6.99e-05,2222.0187448429947,2222.0237874880063,-0.5,0.699,1.1,0.693415777262181,long_nclose,0.7627573549883991,0.0003432722414059989,2.0
1688710620000.0,849509,1688710620000.0,0.0016752668213457,-4.1939999999999995e-05,2222.020378169816,2222.0246855480063,-0.3,0.699,0.8,0.693415777262181,long_nclose,0.5547326218097448,0.00024965235569380986,3.0
1688710680000.0,849510,1688710680000.0,0.0011168445475638002,-2.7960000000000003e-05,2222.0214670543637,2222.024937588006,-0.2,0.699,0.6,0.693415777262181,long_nclose,0.41604946635730855,0.0001872391750151933,1.0
1688711520000.0,849524,1688711520000.0,0.0011168445475638002,-2.7960000000000003e-05,2222.0225559389114,2222.0247896280066,-0.2,0.699,0.4,0.693415777262181,long_nclose,0.2773663109048724,0.0001248260555067461,14.0
1688711700000.0,849527,1688711700000.0,0.0005584222737819001,-1.3980000000000002e-05,2222.023100381185,2222.0248056480063,-0.1,0.699,0.3,0.693415777262181,long_nclose,0.20802473317865428,9.36195186913079e-05,3.0
1688712000000.0,849532,1688712000000.0,0.0005584222737819001,-1.3980000000000002e-05,2222.0236448234587,2222.024481668006,-0.1,0.699,0.2,0.693415777262181,long_nclose,0.1386831554524362,6.241299716837832e-05,5.0
1688712420000.0,849539,1688712420000.0,0.0005584222737819001,-1.3980000000000002e-05,2222.0241892657323,2222.024747688006,-0.1,0.699,0.1,0.693415777262181,long_nclose,0.0693415777262181,3.12064909379461e-05,7.0
1688712480000.0,849540,1688712480000.0,0.0005584222737819001,-1.3980000000000002e-05,2222.024733708006,2222.024733708006,-0.1,0.699,0.0,0.693415777262181,long_nclose,0.0,0.0,1.0
1688947860000.0,853463,1688947860000.0,0.0,-0.017781456000000005,2222.0069522520057,2222.2556622520055,130.9,0.6792,130.9,0.6792,long_ientry_normal,88.90728000000001,0.04001215203664976,3923.0
1688947920000.0,853464,1688947920000.0,0.2397999999999978,-0.005970584,2222.2407816680056,2222.6685516680054,-43.6,0.6847,87.3,0.6792,long_nclose,59.29416,0.0266821491573447,1.0
1688947980000.0,853465,1688947980000.0,0.16004999999999853,-0.003984954,2222.3968467140057,2222.722766714006,-29.1,0.6847,58.2,0.6792,long_nclose,39.52944,0.017786850291138367,1.0
1688949000000.0,853482,1688949000000.0,0.106699999999999,-0.0026566359999999995,2222.5008900780053,2222.7724900780054,-19.4,0.6847,38.8,0.6792,long_nclose,26.35296,0.01185734508258175,17.0
1688951880000.0,853530,1688951880000.0,0.07094999999999935,-0.001766526,2222.570073552005,2222.696983552005,-12.9,0.6847,25.9,0.6792,long_nclose,17.59128,0.007914837066030706,48.0
1688952000000.0,853532,1688952000000.0,0.047299999999999565,-0.001177684,2222.616195868005,2222.733835868005,-8.6,0.6847,17.3,0.6792,long_nclose,11.750160000000001,0.005286634742356485,2.0
1688954820000.0,853579,1688954820000.0,0.03134999999999971,-0.000780558,2222.6467653100053,2222.7117253100055,-5.7,0.6847,11.6,0.6792,long_nclose,7.87872,0.0035447467960124154,47.0
1688955000000.0,853582,1688955000000.0,0.020899999999999808,-0.000520372,2222.667144938005,2222.707704938005,-3.8,0.6847,7.8,0.6792,long_nclose,5.29776,0.002383514784058126,3.0
1688955120000.0,853584,1688955120000.0,0.014299999999999868,-0.000356044,2222.681088894005,2222.714888894005,-2.6,0.6847,5.2,0.6792,long_nclose,3.5318400000000003,0.0015889998874095907,2.0
1688956200000.0,853602,1688956200000.0,0.030159999999999854,-0.000359216,2222.7108896780046,2222.7413096780047,-2.6,0.6908,2.6,0.6792,long_nclose,1.7659200000000002,0.0007944892915226694,18.0
1688956380000.0,853605,1688956380000.0,0.015079999999999927,-0.000179608,2222.7257900700047,2222.740740070005,-1.3,0.6908,1.3,0.6792,long_nclose,0.8829600000000001,0.00039724198276935965,3.0
1688957520000.0,853624,1688957520000.0,0.006959999999999966,-8.2896e-05,2222.7326671740047,2222.7407171740047,-0.6,0.6908,0.7,0.6792,long_nclose,0.47544,0.00021389886738132892,19.0
1688957640000.0,853626,1688957640000.0,0.003479999999999983,-4.1448e-05,2222.7361057260046,2222.7407857260046,-0.3,0.6908,0.4,0.6792,long_nclose,0.27168000000000003,0.00012222773513244486,2.0
1688958360000.0,853638,1688958360000.0,0.0023199999999999887,-2.7632000000000002e-05,2222.7383980940044,2222.7407380940044,-0.2,0.6908,0.2,0.6792,long_nclose,0.13584000000000002,6.111380453789913e-05,12.0
1688968440000.0,853806,1688968440000.0,0.0005499999999999949,-1.3694000000000001e-05,2222.738934400005,2222.739454400005,-0.1,0.6847,0.1,0.6792,long_nclose,0.06792000000000001,3.055689489613138e-05,168.0
1688968500000.0,853807,1688968500000.0,0.0005499999999999949,-1.3694000000000001e-05,2222.7394707060052,2222.7394707060052,-0.1,0.6847,0.0,0.6792,long_nclose,0.0,0.0,1.0
1689358860000.0,860313,1689358860000.0,0.0,-0.017783634000000003,2222.7216870720054,2223.6594170720055,118.7,0.7491,118.7,0.7491,long_ientry_normal,88.91817,0.040004185192043566,6506.0
1689358980000.0,860315,1689358980000.0,0.2370000000000002,-0.005965290000000001,2222.9527217820055,2223.6417617820057,-39.5,0.7551,79.2,0.7491,long_nclose,59.328720000000004,0.026689150614251388,2.0
1689359280000.0,860320,1689359280000.0,0.15840000000000012,-0.003986928,2223.1071348540054,2223.466174854005,-26.4,0.7551,52.8,0.7491,long_nclose,39.552479999999996,0.017791531222177227,5.0
1689359400000.0,860322,1689359400000.0,0.0,-0.009870502000000001,2223.0972643520054,2221.4130343520055,65.9,0.7489,118.7,0.7489889637742208,long_ientry_partial,88.90499000000001,0.03999149808945237,2.0
1689359460000.0,860323,1689359460000.0,0.0,-0.017777928000000002,2223.079486424005,2221.7637564240054,121.8,0.7298,240.5,0.7392708108108108,long_rentry,177.79463,0.07997673096520556,1.0
1689359640000.0,860326,1689359640000.0,0.47492805405405214,-0.011938104,2223.5424763740593,2223.9000383200055,-80.1,0.7452,160.4,0.7392708108108108,long_nclose,118.57903805405405,0.05332888366829017,3.0
1689359880000.0,860330,1689359880000.0,0.3166187027027014,-0.007958736,2223.851136340762,2224.3785595840054,-53.4,0.7452,107.0,0.7392708108108108,long_nclose,79.10197675675676,0.03556981646123813,4.0
1689361980000.0,860365,1689361980000.0,0.21107913513513432,-0.005305824,2224.056909651897,2224.630193760005,-35.6,0.7452,71.4,0.7392708108108108,long_nclose,52.78393589189189,0.02373317681882227,35.0
1689362040000.0,860366,1689362040000.0,0.0,-0.007124472000000001,2224.049785179897,2224.575459288005,47.7,0.7468,119.1,0.7422862795288994,long_ientry_partial,88.40629589189192,0.039750142501752045,1.0
1689377760000.0,860628,1689377760000.0,0.23874470270269396,-0.005941502,2224.2825883805995,2224.799777786005,-39.7,0.7483,79.4,0.7422862795288994,long_nclose,58.93753059459461,0.026497321384646718,262.0
1689378120000.0,860634,1689378120000.0,0.1587622204370559,-0.003951024,2224.4373995770366,2224.793226762005,-26.4,0.7483,53.0,0.7422862795288994,long_nclose,39.34117281503167,0.01768589793649044,6.0
1689378360000.0,860638,1689378360000.0,0.10584148029137062,-0.0026340160000000003,2224.5406070413283,2224.7605727460054,-17.6,0.7483,35.4,0.7422862795288994,long_nclose,26.276934295323038,0.011812296980396212,4.0
1689378600000.0,860642,1689378600000.0,0.07096190155898713,-0.0017659880000000002,2224.609802954887,2224.749366758005,-11.8,0.7483,23.6,0.7422862795288994,long_nclose,17.517956196882025,0.0078746197079656,4.0
1689378660000.0,860643,1689378660000.0,0.0469070196745847,-0.0011673480000000001,2224.655542626562,2224.775839410005,-7.8,0.7483,15.8,0.7422862795288994,long_nclose,11.728123216556611,0.005271882766493228,1.0
1689379620000.0,860659,1689379620000.0,0.03127134644972314,-0.000778232,2224.6860357410114,2224.746601178005,-5.2,0.7483,10.6,0.7422862795288994,long_nclose,7.868234563006333,0.003536784263755913,16.0
1689380160000.0,860668,1689380160000.0,0.02104802164885211,-0.00052381,2224.7065599526604,2224.7449973680054,-3.5,0.7483,7.1,0.7422862795288994,long_nclose,5.270232584655186,0.0023689562837299906,9.0
1689380580000.0,860675,1689380580000.0,0.013831557083531386,-0.000344218,2224.720047291744,2224.750353150005,-2.3,0.7483,4.8,0.7422862795288994,long_nclose,3.562974141738717,0.0016015382007619756,7.0
1689381000000.0,860682,1689381000000.0,0.009621952753760966,-0.00023945599999999998,2224.7294297884973,2224.748033694005,-1.6,0.7483,3.2,0.7422862795288994,long_nclose,2.375316094492478,0.0010676876309935347,7.0
1689381060000.0,860683,1689381060000.0,0.006013720471100603,-0.00014966,2224.7352938489685,2224.747424034005,-1.0,0.7483,2.2,0.7422862795288994,long_nclose,1.6330298149635787,0.0007340333115039082,1.0
1689404760000.0,861078,1689404760000.0,0.0042096043297704215,-0.00010476200000000001,2224.7393986912984,2224.750369272005,-0.7,0.7483,1.5,0.7422862795288994,long_nclose,1.113429419293349,0.0005004763344184595,395.0
1689406860000.0,861113,1689406860000.0,0.008899604329770449,-0.0001057,2224.748192595628,2224.758763572005,-0.7,0.755,0.8,0.7422862795288994,long_nclose,0.5938290236231195,0.00026691965661529334,35.0
1689409620000.0,861159,1689409620000.0,0.005085488188440257,-6.040000000000001e-05,2224.7532176838163,2224.758383172005,-0.4,0.755,0.4,0.7422862795288994,long_nclose,0.29691451181155976,0.00013345952685964716,46.0
1689409860000.0,861163,1689409860000.0,0.0025427440942201287,-3.0200000000000006e-05,2224.7557302279106,2224.758372972005,-0.2,0.755,0.2,0.7422862795288994,long_nclose,0.14845725590577988,6.672968806807904e-05,4.0
1689410100000.0,861167,1689410100000.0,0.0012713720471100643,-1.5100000000000003e-05,2224.7569864999577,2224.758267872005,-0.1,0.755,0.1,0.7422862795288994,long_nclose,0.07422862795288994,3.33648251936353e-05,4.0
1689410220000.0,861169,1689410220000.0,0.0012713720471100643,-1.5100000000000003e-05,2224.758242772005,2224.758242772005,-0.1,0.755,0.0,0.7422862795288994,long_nclose,0.0,0.0,2.0
1689589500000.0,864157,1689589500000.0,0.0,-0.017792524,2224.740450248005,2225.252430248005,121.9,0.7298,121.9,0.7298,long_ientry_normal,88.96262,0.03998786464734923,2988.0
1689589560000.0,864158,1689589560000.0,0.23954000000000067,-0.0059738840000000005,2224.974016364005,2225.5268563640047,-40.6,0.7357,81.3,0.7298,long_nclose,59.33274,0.02666671141488656,1.0
1689589980000.0,864165,1689589980000.0,0.15989000000000045,-0.003987494,2225.129918870005,2225.417178870005,-27.1,0.7357,54.2,0.7298,long_nclose,39.55516,0.017776562017595553,7.0
1689590040000.0,864166,1689590040000.0,0.1062000000000003,-0.00264852,2225.233470350005,2225.479630350005,-18.0,0.7357,36.2,0.7298,long_nclose,26.418760000000002,0.011872354228001352,1.0
1689590160000.0,864168,1689590160000.0,0.0708000000000002,-0.0017656800000000002,2225.302504670005,2225.479164670005,-12.0,0.7357,24.2,0.7298,long_nclose,17.66116,0.007936520973187424,2.0
1689590520000.0,864174,1689590520000.0,0.04720000000000013,-0.00117712,2225.3485275500047,2225.447347550005,-8.0,0.7357,16.2,0.7298,long_nclose,11.822759999999999,0.005312767799575312,6.0
1689590760000.0,864178,1689590760000.0,0.03186000000000009,-0.0007945560000000001,2225.3795929940047,2225.473552994005,-5.4,0.7357,10.8,0.7298,long_nclose,7.88184,0.0035417957569188665,4.0
1689591180000.0,864185,1689591180000.0,0.06749999999999977,-0.0008016840000000001,2225.4462913100047,2225.5175713100048,-5.4,0.7423,5.4,0.7298,long_nclose,3.94092,0.0017708448033046825,7.0
1689592380000.0,864205,1689592380000.0,0.1026000000000001,-0.000808704,2225.5480826060048,2225.5480826060048,-5.4,0.7488,0.0,0.7298,long_nclose,0.0,0.0,20.0
1689619800000.0,864662,1689619800000.0,0.0,-0.01780452,2225.5302780860047,2225.6905680860045,123.3,0.722,123.3,0.722,long_ientry_normal,89.0226,0.04000062406545239,457.0
1689620100000.0,864667,1689620100000.0,0.23838000000000112,-0.005982516000000001,2225.7626755700044,2226.231215570004,-41.1,0.7278,82.2,0.722,long_nclose,59.3484,0.026664298333065196,5.0
1689620160000.0,864668,1689620160000.0,0.15892000000000076,-0.0039883440000000004,2225.9176072260043,2226.295727226004,-27.4,0.7278,54.8,0.722,long_nclose,39.565599999999996,0.017774961603052173,1.0
1689621300000.0,864687,1689621300000.0,0.3370199999999994,-0.004023964,2226.250603262004,2226.609543262004,-27.4,0.7343,27.4,0.722,long_nclose,19.782799999999998,0.008886151438213351,19.0
1689622440000.0,864706,1689622440000.0,0.1685099999999997,-0.002011982,2226.417101280004,2226.6034212800037,-13.7,0.7343,13.7,0.722,long_nclose,9.891399999999999,0.0044427434528387655,19.0
1689623520000.0,864724,1689623520000.0,0.08363999999999984,-0.000998648,2226.4997426320037,2226.5873726320037,-6.8,0.7343,6.9,0.722,long_nclose,4.9818,0.002237503065736214,18.0
1689628620000.0,864809,1689628620000.0,0.04181999999999992,-0.000499324,2226.5410633080037,2226.5848133080035,-3.4,0.7343,3.5,0.722,long_nclose,2.527,0.001134944260244453,85.0
1689630240000.0,864836,1689630240000.0,0.06580000000000014,-0.00051856,2226.6063447480037,2226.6063447480037,-3.5,0.7408,0.0,0.722,long_nclose,0.0,0.0,27.0
1689698880000.0,865980,1689698880000.0,0.0,-0.017809308,2226.588535440004,2226.964735440004,125.4,0.7101,125.4,0.7101,long_ientry_normal,89.04654,0.03999236436488846,1144.0
1689698940000.0,865981,1689698940000.0,0.23826000000000158,-0.005984088,2226.820811352004,2227.3976513520042,-41.8,0.7158,83.6,0.7101,long_nclose,59.36435999999999,0.02665879521934106,1.0
1689700200000.0,866002,1689700200000.0,0.5057799999999999,-0.006037592,2227.320553760004,2227.838873760004,-41.8,0.7222,41.8,0.7101,long_nclose,29.682179999999995,0.01332640690173341,21.0
1689700440000.0,866006,1689700440000.0,0.25288999999999995,-0.003018796,2227.570424964004,2227.829584964004,-20.9,0.7222,20.9,0.7101,long_nclose,14.841089999999998,0.006662456025487868,4.0
1689700800000.0,866012,1689700800000.0,0.12584,-0.001502176,2227.694762788004,2227.834412788004,-10.4,0.7222,10.5,0.7101,long_nclose,7.456049999999999,0.0033469800820775846,6.0
1689701460000.0,866023,1689701460000.0,0.06292,-0.000751088,2227.756931700004,2227.820531700004,-5.2,0.7222,5.3,0.7101,long_nclose,3.76353,0.0016893808953960007,11.0
1689701520000.0,866024,1689701520000.0,0.03146,-0.000375544,2227.7880161560042,2227.8206861560043,-2.6,0.7222,2.7,0.7101,long_nclose,1.91727,0.0008606159949222657,1.0
1689701880000.0,866030,1689701880000.0,0.01573,-0.000187772,2227.803558384004,2227.821058384004,-1.3,0.7222,1.4,0.7101,long_nclose,0.9941399999999999,0.00044624221747860274,6.0
1689702180000.0,866035,1689702180000.0,0.008469999999999998,-0.00010110800000000001,2227.8119272760046,2227.8210272760048,-0.7,0.7222,0.7,0.7101,long_nclose,0.49706999999999996,0.00022312027057318906,5.0
1689705300000.0,866087,1689705300000.0,0.01295000000000005,-0.00010200400000000001,2227.8247752720044,2227.8247752720044,-0.7,0.7286,0.0,0.7101,long_nclose,0.0,0.0,52.0
1690192200000.0,874202,1690192200000.0,0.0,-0.017819316,2227.8069559560045,2226.7342459560045,123.3,0.7226,123.3,0.7226,long_ientry_normal,89.09658,0.03999295350155982,8115.0
1690206300000.0,874437,1690206300000.0,0.0,-0.01782528,2227.7891306760043,2226.020540676004,126.6,0.704,249.9,0.7131771908763505,long_rentry,178.22297999999998,0.07999993246484674,235.0
1690351860000.0,876863,1690351860000.0,0.47671000000000585,-0.011976874,2228.253863802004,2229.173963802004,-83.3,0.7189,166.6,0.7131771908763505,long_nclose,118.81531999999999,0.053322164915836336,2426.0
1690353540000.0,876891,1690353540000.0,0.31761590636254894,-0.00797979,2228.5634999183667,2229.1770840120043,-55.5,0.7189,111.1,0.7131771908763505,long_nclose,79.23398590636253,0.03555383811556858,28.0
1690353600000.0,876892,1690353600000.0,0.21174393757503263,-0.00531986,2228.769923995942,2229.2013941520045,-37.0,0.7189,74.1,0.7131771908763505,long_nclose,52.846429843937564,0.02371102969174569,1.0
1690353720000.0,876894,1690353720000.0,0.1413533853541434,-0.0035513660000000002,2228.9077260152962,2229.2398327860046,-24.7,0.7189,49.4,0.7131771908763505,long_nclose,35.230953229291714,0.01580637583964745,2.0
1690355340000.0,876921,1690355340000.0,0.0938540696278523,-0.0023579919999999997,2228.9992220929244,2229.1946747940046,-16.4,0.7189,33.0,0.7131771908763505,long_nclose,23.534847298919566,0.010558481611681077,27.0
1690356180000.0,876935,1690356180000.0,0.06295090036014483,-0.00158158,2229.0605914132843,2229.2106932140046,-11.0,0.7189,22.0,0.7131771908763505,long_nclose,15.68989819927971,0.0070387939474233375,14.0
1690356540000.0,876941,1690356540000.0,0.041776506602641574,-0.001049594,2229.101318325887,2229.1972036200045,-7.3,0.7189,14.7,0.7131771908763505,long_nclose,10.483704705882351,0.004703108207641224,6.0
1690356660000.0,876943,1690356660000.0,0.0280417647058827,-0.0007045220000000001,2229.128655568593,2229.188659098005,-4.9,0.7189,9.8,0.7131771908763505,long_nclose,6.989136470588235,0.0031353670202608776,2.0
1690357020000.0,876949,1690357020000.0,0.0183129891956785,-0.000460096,2229.1465084617885,2229.1809790020047,-3.2,0.7189,6.6,0.7131771908763505,long_nclose,4.706969459783913,0.0021115567962520032,6.0
1690395240000.0,877586,1690395240000.0,0.012590180072028967,-0.000316316,2229.1587823258606,2229.1769226860047,-2.2,0.7189,4.4,0.7131771908763505,long_nclose,3.137979639855942,0.0014076967799403844,637.0
1690395360000.0,877588,1690395360000.0,0.008011932773109342,-0.000201292,2229.1665929666337,2229.182261394005,-1.4,0.7189,3.0,0.7131771908763505,long_nclose,2.1395315726290516,0.0009597898960892404,2.0
1690395660000.0,877593,1690395660000.0,0.00572280912364953,-0.00014378,2229.1721719957573,2229.1846176140048,-1.0,0.7189,2.0,0.7131771908763505,long_nclose,1.426354381752701,0.0006398583293257689,5.0
1690396680000.0,877610,1690396680000.0,0.003433685474189718,-8.626800000000001e-05,2229.1755194132315,2229.1833913460046,-0.6,0.7189,1.4,0.7131771908763505,long_nclose,0.9984480672268906,0.00044790015794256716,17.0
1690396740000.0,877611,1690396740000.0,0.0022891236494598124,-5.7512e-05,2229.177751024881,2229.185273834005,-0.4,0.7189,1.0,0.7131771908763505,long_nclose,0.7131771908763505,0.00031992836396669666,1.0
1690398120000.0,877634,1690398120000.0,0.001716842737094859,-4.3134000000000004e-05,2229.1794247336184,2229.183290700005,-0.3,0.7189,0.7,0.7131771908763505,long_nclose,0.4992240336134453,0.00022394968663103527,23.0
1690399680000.0,877660,1690399680000.0,0.0011445618247299062,-2.8756e-05,2229.180540539443,2229.183451944005,-0.2,0.7189,0.5,0.7131771908763505,long_nclose,0.3565885954381752,0.00015996398181005285,26.0
1690399800000.0,877662,1690399800000.0,0.0005722809123649531,-1.4378e-05,2229.1810984423555,2229.183347566005,-0.1,0.7189,0.4,0.7131771908763505,long_nclose,0.2852708763505402,0.0001279711534203631,2.0
1690400100000.0,877667,1690400100000.0,0.0005722809123649531,-1.4378e-05,2229.181656345268,2229.183523188005,-0.1,0.7189,0.3,0.7131771908763505,long_nclose,0.21395315726290512,9.597834104452493e-05,5.0
1690400220000.0,877669,1690400220000.0,0.0005722809123649531,-1.4378e-05,2229.1822142481806,2229.1833388100054,-0.1,0.7189,0.2,0.7131771908763505,long_nclose,0.1426354381752701,6.398554468252641e-05,2.0
1690400280000.0,877670,1690400280000.0,0.0005722809123649531,-1.4378e-05,2229.182772151093,2229.1833944320056,-0.1,0.7189,0.1,0.7131771908763505,long_nclose,0.07131771908763505,3.1992764334355425e-05,1.0
1690404000000.0,877732,1690404000000.0,0.0005722809123649531,-1.4378e-05,2229.1833300540056,2229.1833300540056,-0.1,0.7189,0.0,0.7131771908763505,long_nclose,0.0,0.0,62.0
1690565520000.0,880424,1690565520000.0,0.0,-0.017832320000000002,2229.165497734006,2229.213177734006,119.2,0.748,119.2,0.748,long_ientry_normal,89.1616,0.03999774807686315,2692.0
1690591680000.0,880860,1690591680000.0,0.23820000000000022,-0.005986760000000001,2229.397710974006,2229.8985609740057,-39.7,0.754,79.5,0.748,long_nclose,59.466,0.026673571838386693,436.0
1690591920000.0,880864,1690591920000.0,0.15900000000000014,-0.0039962,2229.552714774006,2229.907814774006,-26.5,0.754,53.0,0.748,long_nclose,39.644,0.01778114495221452,4.0
1690592340000.0,880871,1690592340000.0,0.3392000000000009,-0.00403224,2229.8878825340057,2230.2403325340056,-26.5,0.7608,26.5,0.748,long_nclose,19.822,0.008889236160821962,7.0
1690592460000.0,880873,1690592460000.0,0.16896000000000044,-0.002008512,2230.0548340220057,2230.2024640220056,-13.2,0.7608,13.3,0.748,long_nclose,9.948400000000001,0.004461056225266716,2.0
1690592700000.0,880877,1690592700000.0,0.026400000000000024,-0.00066352,2230.0805705020057,2230.1357505020055,-4.4,0.754,8.9,0.748,long_nclose,6.6572000000000005,0.0029851836243304074,4.0
1690593960000.0,880898,1690593960000.0,0.017400000000000016,-0.00043732,2230.097533182006,2230.135333182006,-2.9,0.754,6.0,0.748,long_nclose,4.4879999999999995,0.0020124680347932203,21.0
1690594260000.0,880903,1690594260000.0,0.01200000000000001,-0.0003016,2230.109231582006,2230.136431582006,-2.0,0.754,4.0,0.748,long_nclose,2.992,0.0013416383187102993,5.0
1690594620000.0,880909,1690594620000.0,0.0078000000000000074,-0.00019604000000000003,2230.116835542006,2230.133575542006,-1.3,0.754,2.7,0.748,long_nclose,2.0196,0.0009056027773133052,6.0
1690646460000.0,881773,1690646460000.0,0.005400000000000005,-0.00013572,2230.122099822006,2230.133439822006,-0.9,0.754,1.8,0.748,long_nclose,1.3464,0.0006037337597378462,864.0
1690646580000.0,881775,1690646580000.0,0.003600000000000003,-9.048e-05,2230.125609342006,2230.133049342006,-0.6,0.754,1.2,0.748,long_nclose,0.8976,0.00040248853976652683,2.0
1690675200000.0,882252,1690675200000.0,0.0024000000000000024,-6.032000000000001e-05,2230.127949022006,2230.1526690220057,-0.4,0.754,0.8,0.748,long_nclose,0.5984,0.00026832541167085087,477.0
1690675200000.0,882252,1690675200000.0,0.005120000000000013,-6.086400000000001e-05,2230.133008158006,2230.145368158006,-0.4,0.7608,0.4,0.748,long_nclose,0.2992,0.0001341624014825584,0.0
1690675200000.0,882252,1690675200000.0,0.007799999999999985,-6.14e-05,2230.1407467580057,2230.1407467580057,-0.4,0.7675,0.0,0.748,long_nclose,0.0,0.0,0.0
1690747320000.0,883454,1690747320000.0,0.0,-0.01783803,2230.1229087280058,2229.3357587280057,121.1,0.7365,121.1,0.7365,long_ientry_normal,89.19015,0.03999337868372078,1202.0
1690749900000.0,883497,1690749900000.0,0.23776999999999618,-0.005983744,2230.354694984006,2230.799094984006,-40.3,0.7424,80.8,0.7365,long_nclose,59.5092,0.02668149605703264,43.0
1690750020000.0,883499,1690750020000.0,0.15870999999999744,-0.003994112,2230.5094108720064,2230.843590872006,-26.9,0.7424,53.9,0.7365,long_nclose,39.69735,0.017797436678144533,2.0
1690750380000.0,883505,1690750380000.0,0.1056099999999983,-0.0026577919999999995,2230.6123630800066,2230.8319630800065,-17.9,0.7424,36.0,0.7365,long_nclose,26.514000000000003,0.011886422060079388,6.0
1690752600000.0,883542,1690752600000.0,0.07079999999999886,-0.0017817599999999999,2230.6813813200065,2230.8277813200066,-12.0,0.7424,24.0,0.7365,long_nclose,17.676000000000002,0.007924036192717143,37.0
1690752900000.0,883547,1690752900000.0,0.04719999999999924,-0.00118784,2230.7273934800064,2230.816993480006,-8.0,0.7424,16.0,0.7365,long_nclose,11.784,0.0052825818315776285,5.0
1690753260000.0,883553,1690753260000.0,0.0312699999999995,-0.0007869439999999999,2230.7578765360063,2230.8284965360062,-5.3,0.7424,10.7,0.7365,long_nclose,7.8805499999999995,0.0035326783255550686,6.0
1690753380000.0,883555,1690753380000.0,0.02064999999999967,-0.00051968,2230.7780068560064,2230.8240868560065,-3.5,0.7424,7.2,0.7365,long_nclose,5.3028,0.0023771078895804664,2.0
1690755360000.0,883588,1690755360000.0,0.014159999999999772,-0.000356352,2230.7918105040067,2230.819650504007,-2.4,0.7424,4.8,0.7365,long_nclose,3.5352,0.001584728787040547,33.0
1690755600000.0,883592,1690755600000.0,0.00943999999999985,-0.000237568,2230.8010129360064,2230.8208529360063,-1.6,0.7424,3.2,0.7365,long_nclose,2.3568000000000002,0.0010564814998439344,4.0
1690755720000.0,883594,1690755720000.0,0.005899999999999905,-0.00014848,2230.8067644560065,2230.8204044560066,-1.0,0.7424,2.2,0.7365,long_nclose,1.6203000000000003,0.0007263291584984586,2.0
1690756680000.0,883610,1690756680000.0,0.004129999999999933,-0.00010393599999999999,2230.8107905200063,2230.819940520006,-0.7,0.7424,1.5,0.7365,long_nclose,1.1047500000000001,0.0004952235324908397,16.0
1690756860000.0,883613,1690756860000.0,0.0029499999999999527,-7.424e-05,2230.8136662800066,2230.8192662800066,-0.5,0.7424,1.0,0.7365,long_nclose,0.7365,0.00033014859606277677,3.0
1690757460000.0,883623,1690757460000.0,0.0017699999999999715,-4.4544e-05,2230.8153917360064,2230.8197317360064,-0.3,0.7424,0.7,0.7365,long_nclose,0.51555,0.0002311038384932436,10.0
1690758060000.0,883633,1690758060000.0,0.0011799999999999812,-2.9696e-05,2230.8165420400064,2230.8195920400062,-0.2,0.7424,0.5,0.7365,long_nclose,0.36825,0.00016507408523304558,10.0
1690758480000.0,883640,1690758480000.0,0.0005899999999999906,-1.4848e-05,2230.8171171920067,2230.8195171920065,-0.1,0.7424,0.4,0.7365,long_nclose,0.29460000000000003,0.00013205923413875427,7.0
1690759320000.0,883654,1690759320000.0,0.0025199999999999893,-2.9964000000000003e-05,2230.8196072280066,2230.8221872280064,-0.2,0.7491,0.2,0.7365,long_nclose,0.14730000000000001,6.602954336726199e-05,14.0
1690761660000.0,883693,1690761660000.0,0.0012599999999999946,-1.4982000000000002e-05,2230.820852246007,2230.8220622460067,-0.1,0.7491,0.1,0.7365,long_nclose,0.07365000000000001,3.301475325813305e-05,39.0
1690761780000.0,883695,1690761780000.0,0.0012599999999999946,-1.4982000000000002e-05,2230.822097264007,2230.822097264007,-0.1,0.7491,0.0,0.7365,long_nclose,0.0,0.0,2.0
1691424900000.0,894747,1691424900000.0,0.0,-0.017851966,2230.804245298007,2230.3816252980073,124.3,0.7181,124.3,0.7181,long_ientry_normal,89.25983,0.04001239920003649,11052.0
1691425620000.0,894759,1691425620000.0,0.24012000000000114,-0.005993892,2231.038371406007,2231.5191914060074,-41.4,0.7239,82.9,0.7181,long_nclose,59.53049,0.02668286245676882,12.0
1691425680000.0,894760,1691425680000.0,0.16008000000000075,-0.003995928,2231.194455478007,2231.526255478007,-27.6,0.7239,55.3,0.7181,long_nclose,39.71093,0.01779805874942998,1.0
1691425800000.0,894762,1691425800000.0,0.1067200000000005,-0.002663952,2231.298511526007,2231.483011526007,-18.4,0.7239,36.9,0.7181,long_nclose,26.497889999999998,0.011875546845535172,2.0
1691426760000.0,894778,1691426760000.0,0.0,-0.012560394,2231.285951132007,2231.224611132007,87.7,0.7161,124.6,0.7166922953451043,long_ientry_partial,89.29985999999998,0.04002170136673658,16.0
1691427960000.0,894798,1691427960000.0,0.2410197431781746,-0.00599675,2231.520974125185,2231.962044382007,-41.5,0.7225,83.1,0.7166922953451043,long_nclose,59.55712974317816,0.02668902978450656,20.0
1691428020000.0,894799,1691428020000.0,0.1608734189406129,-0.00400265,2231.677844894126,2232.016211732007,-27.7,0.7225,55.4,0.7166922953451043,long_nclose,39.70475316211878,0.017791435826169807,1.0
1691431020000.0,894849,1691431020000.0,0.33815341894061185,-0.004038106,2232.0119602070667,2232.3556536260076,-27.7,0.7289,27.7,0.7166922953451043,long_nclose,19.85237658105939,0.00889438629137886,50.0
1691431320000.0,894854,1691431320000.0,0.16846632423756114,-0.002011764,2232.1784147673043,2232.356441862007,-13.8,0.7289,13.9,0.7166922953451043,long_nclose,9.96202290529695,0.004462915168156686,5.0
1691431800000.0,894862,1691431800000.0,0.2600370947030516,-0.0020444120000000002,2232.436407450007,2232.436407450007,-13.9,0.7354,0.0,0.7166922953451043,long_nclose,0.0,0.0,8.0
1692121680000.0,906360,1692121680000.0,0.0,-0.017854174,2232.418553276007,2232.300383276007,131.3,0.6799,131.3,0.6799,long_ientry_normal,89.27087,0.03998841071670798,11498.0
1692126420000.0,906439,1692126420000.0,0.0,-0.017858304000000002,2232.400694972007,2227.681434972007,134.8,0.6624,266.1,0.6710349116873355,long_rentry,178.56239,0.07998671134719346,79.0
1692126480000.0,906440,1692126480000.0,0.0,-0.01789584,2232.3827991320068,2220.540609132007,138.0,0.6484,404.1,0.6633050977480821,long_rentry,268.04159,0.12006972554358496,1.0
1692126480000.0,906440,1692126480000.0,0.0,-0.02664016,2232.3561589720066,2220.1995689720065,209.6,0.6355,613.7,0.6538086850252566,long_rentry,401.24239,0.17973941496180024,0.0
1692127140000.0,906451,1692127140000.0,1.0820739123350342,-0.026957190000000002,2233.411275694342,2235.494641782007,-204.5,0.6591,409.2,0.6538086850252566,long_nclose,267.53851391233496,0.11978918384799518,11.0
1692127200000.0,906452,1692127200000.0,0.7217353625550058,-0.017980248,2234.115030808897,2235.994981534007,-136.4,0.6591,272.8,0.6538086850252566,long_nclose,178.35900927489,0.07983429985264112,1.0
1692130140000.0,906501,1692130140000.0,0.4809805312041791,-0.011982438000000002,2234.584028902101,2235.473759096007,-90.9,0.6591,181.9,0.6538086850252566,long_nclose,118.92779980609417,0.05322144894435943,49.0
1692130200000.0,906502,1692130200000.0,0.3206536874694527,-0.007988292000000001,2234.896694297571,2235.574920804007,-60.6,0.6591,121.3,0.6538086850252566,long_nclose,79.30699349356362,0.03548575363501974,1.0
1692130320000.0,906504,1692130320000.0,0.21376912497963513,-0.005325528,2235.1051378945504,2235.622195276007,-40.4,0.6591,80.9,0.6538086850252566,long_nclose,52.89312261854326,0.023664713449841612,2.0
1692130380000.0,906505,1692130380000.0,0.0,-0.00719618,2235.0979417145504,2235.547299096007,54.5,0.6602,135.4,0.6563812601074097,long_ientry_partial,88.87402261854328,0.03976292088138551,1.0
1692130740000.0,906511,1692130740000.0,0.23987516915581986,-0.005968534,2235.331848349706,2235.803100562007,-45.1,0.6617,90.3,0.6563812601074097,long_nclose,59.2712277876991,0.026515628018031274,6.0
1692130800000.0,906512,1692130800000.0,0.0,-0.005927935999999999,2235.325920413706,2235.797172626007,44.8,0.6616,135.1,0.6581118267039163,long_ientry_partial,88.91090778769909,0.03977536652518384,1.0
1692130800000.0,906512,1692130800000.0,0.10800401621211726,-0.003983434,2235.429940995918,2235.796199192007,-30.1,0.6617,105.0,0.6581118267039163,long_nclose,69.10174180391121,0.030912058810988876,0.0
1692131220000.0,906519,1692131220000.0,0.18508606536292826,-0.004643800000000001,2235.610383261281,2235.9735553920073,-35.0,0.6634,70.0,0.6581118267039163,long_nclose,46.06782786927414,0.02060637587577803,7.0
1692131280000.0,906520,1692131280000.0,0.0,-0.008596368,2235.6017868932813,2235.9514790240073,64.8,0.6633,134.8,0.6606058447275529,long_ientry_partial,89.04966786927415,0.03983252670101977,1.0
1692131280000.0,906520,1692131280000.0,0.0651038178480171,-0.003091444,2235.6637992671294,2235.9530475800075,-23.3,0.6634,111.5,0.6606058447275529,long_nclose,73.65755168712215,0.032946613757966536,0.0
1692217740000.0,907961,1692217740000.0,0.0,-0.00395,2235.6598492671296,2231.3034275800073,31.6,0.625,143.1,0.6527431983726216,long_ientry_partial,93.40755168712215,0.04178075288051625,1441.0
1692217740000.0,907961,1692217740000.0,0.0,-0.017979084,2235.6418701831294,2230.441158496007,143.1,0.6282,286.2,0.6404715991863108,long_rentry,183.30297168712215,0.08199120535889191,0.0
1692217740000.0,907961,1692217740000.0,0.0,-0.018360048,2235.6235101351294,2230.9718784480074,148.4,0.6186,434.6,0.6330032482446436,long_rentry,275.1032116871221,0.12305435617399364,0.0
1692240360000.0,908338,1692240360000.0,0.7380096541756066,-0.018479376000000002,2236.343040413305,2237.646199072007,-144.8,0.6381,289.8,0.6330032482446436,long_nclose,183.44434134129773,0.08202871295961592,377.0
1692241260000.0,908353,1692241260000.0,0.49234621956742813,-0.012328092,2236.8230585408724,2237.8850309800073,-96.6,0.6381,193.2,0.6330032482446436,long_nclose,122.29622756086513,0.05467407316546602,15.0
1692242160000.0,908368,1692242160000.0,0.3282308130449521,-0.008218728,2237.1430706259175,2237.8124122520076,-64.4,0.6381,128.8,0.6330032482446436,long_nclose,81.53081837391011,0.03644416820918792,15.0
1692245820000.0,908429,1692245820000.0,0.2186506503047895,-0.005474898,2237.3562463782223,2237.7768773540074,-42.9,0.6381,85.9,0.6330032482446436,long_nclose,54.37497902421489,0.024303228022911315,61.0
1692245940000.0,908431,1692245940000.0,0.14576710020319303,-0.0036499320000000007,2237.4983635464255,2237.7732174220073,-28.6,0.6381,57.3,0.6330032482446436,long_nclose,36.271086124418076,0.016210553140664004,2.0
1692246000000.0,908432,1692246000000.0,0.09734795852730722,-0.0024375420000000004,2237.593273962953,2237.7917898800074,-19.1,0.6381,38.2,0.6330032482446436,long_nclose,24.18072408294539,0.010806577032705962,1.0
1692246120000.0,908434,1692246120000.0,0.06472874729302626,-0.0016207739999999997,2237.656381936246,2237.7914491060073,-12.7,0.6381,25.5,0.6330032482446436,long_nclose,16.141582830238413,0.007213611062244994,2.0
1692246300000.0,908437,1692246300000.0,0.04332238992052939,-0.00108477,2237.6986195561662,2237.7886643360075,-8.5,0.6381,17.0,0.6330032482446436,long_nclose,10.76105522015894,0.004808983267949341,3.0
1692249900000.0,908497,1692249900000.0,0.028541809829995834,-0.000714672,2237.7264466939964,2237.7822696640073,-5.6,0.6381,11.4,0.6330032482446436,long_nclose,7.216237029988937,0.0032248075007783737,60.0
1692250200000.0,908502,1692250200000.0,0.019367656670354314,-0.000484956,2237.745329394667,2237.784824708008,-3.8,0.6381,7.6,0.6330032482446436,long_nclose,4.810824686659291,0.002149853525986654,5.0
1692261000000.0,908682,1692261000000.0,0.012741879388390998,-0.00031905000000000003,2237.7577522240554,2237.7862956580075,-2.5,0.6381,5.1,0.6330032482446436,long_nclose,3.228316566047682,0.0014426568572219818,180.0
1692261120000.0,908684,1692261120000.0,0.008664477984105879,-0.00021695400000000002,2237.7661997480395,2237.7838687040075,-1.7,0.6381,3.4,0.6330032482446436,long_nclose,2.1522110440317883,0.0009617676074802255,2.0
1692262020000.0,908699,1692262020000.0,0.005606426930892039,-0.000140382,2237.7716657929705,2237.783848322008,-1.1,0.6381,2.3,0.6330032482446436,long_nclose,1.4559074709626803,0.0006506059099853555,15.0
1692262800000.0,908712,1692262800000.0,0.0035677262287494792,-8.9334e-05,2237.7751441851988,2237.7829789880075,-0.7,0.6381,1.6,0.6330032482446436,long_nclose,1.0128051971914298,0.0004525947121287758,13.0
1692262860000.0,908713,1692262860000.0,0.0025483758776781995,-6.381e-05,2237.7776287510765,2237.7837851780073,-0.5,0.6381,1.1,0.6330032482446436,long_nclose,0.6963035730691081,0.0003111585191142166,1.0
1692263760000.0,908728,1692263760000.0,0.0015290255266069196,-3.8286e-05,2237.779119490603,2237.7836768920074,-0.3,0.6381,0.8,0.6330032482446436,long_nclose,0.5064025985957149,0.00022629695405817794,15.0
1692270120000.0,908834,1692270120000.0,0.00101935035107128,-2.5524000000000005e-05,2237.780113316954,2237.7833513680075,-0.2,0.6381,0.6,0.6330032482446436,long_nclose,0.37980194894678615,0.00016972264016763646,106.0
1692275220000.0,908919,1692275220000.0,0.00101935035107128,-2.5524000000000005e-05,2237.7811071433052,2237.7832258440076,-0.2,0.6381,0.4,0.6330032482446436,long_nclose,0.25320129929785745,0.00011314837652780429,85.0
1692279900000.0,908997,1692279900000.0,0.00050967517553564,-1.2762000000000002e-05,2237.781604056481,2237.7831030820075,-0.1,0.6381,0.3,0.6330032482446436,long_nclose,0.18990097447339307,8.486126355188325e-05,78.0
1692279960000.0,908998,1692279960000.0,0.00050967517553564,-1.2762000000000002e-05,2237.7821009696563,2237.7832203200073,-0.1,0.6381,0.2,0.6330032482446436,long_nclose,0.12660064964892873,5.657416313861445e-05,1.0
1692280560000.0,909008,1692280560000.0,0.00050967517553564,-1.2762000000000002e-05,2237.782597882832,2237.7830775580073,-0.1,0.6381,0.1,0.6330032482446436,long_nclose,0.06330032482446436,2.8287075287989485e-05,10.0
1692280620000.0,909009,1692280620000.0,0.00050967517553564,-1.2762000000000002e-05,2237.7830947960074,2237.7830947960074,-0.1,0.6381,0.0,0.6330032482446436,long_nclose,0.0,0.0,1.0
1692308460000.0,909473,1692308460000.0,0.0,-0.017908072,2237.7651867240074,2234.9724767240073,144.7,0.6188,144.7,0.6188,long_ientry_normal,89.54035999999999,0.04001329564478713,464.0
1692308460000.0,909473,1692308460000.0,0.0,-0.01790613,2237.7472805940074,2234.4496705940073,148.5,0.6029,293.2,0.6107469645293315,long_rentry,179.07101,0.08002289246552712,0.0
1692308520000.0,909474,1692308520000.0,0.0,-0.017950841999999998,2237.7293297520073,2224.3281897520073,152.1,0.5901,445.3,0.6036946328317987,long_rentry,268.82521999999994,0.1201330368359573,1.0
1692308520000.0,909474,1692308520000.0,0.0,-0.026710512000000002,2237.702619240007,2223.1931592400074,230.9,0.5784,676.2,0.5950573498964803,long_rentry,402.37778,0.17981736113651237,0.0
1692308580000.0,909475,1692308580000.0,0.0,-0.039481805999999994,2237.6631374340072,2194.5588174340073,350.7,0.5629,1026.9,0.584075187457396,long_rentry,599.78681,0.2680416010641319,1.0
1692308580000.0,909475,1692308580000.0,0.0,-0.05774449200000001,2237.6053929420073,2194.5010729420073,532.6,0.5421,1559.5,0.5697398332798974,long_rentry,888.50927,0.39708041140881706,0.0
1692308820000.0,909479,1692308820000.0,2.4223546611093365,-0.059714623999999994,2239.9680329791163,2240.0305883180067,-519.8,0.5744,1039.7,0.5697398332798974,long_nclose,592.3585046611094,0.2644495349664805,4.0
1692308880000.0,909480,1692308880000.0,1.6147477685155542,-0.03980592000000001,2241.5429748276315,2249.0712423980067,-346.5,0.5744,693.2,0.5697398332798974,long_nclose,394.94365242962493,0.1761927640312116,1.0
1692308880000.0,909480,1692308880000.0,3.381897768515552,-0.04015935,2244.884713246147,2248.6499330480065,-346.5,0.5795,346.7,0.5697398332798974,long_nclose,197.52880019814043,0.08799062109185551,0.0
1692308940000.0,909481,1692308940000.0,5.15201980185957,-0.040536164,2249.9961968840066,2249.9961968840066,-346.7,0.5846,0.0,0.5697398332798974,long_nclose,0.0,0.0,1.0
1692309000000.0,909482,1692309000000.0,0.0,-0.017999568,2249.9781973160066,2250.1664773160064,156.9,0.5736,156.9,0.5736,long_ientry_normal,89.99784,0.03999942759772437,1.0
1692309360000.0,909488,1692309360000.0,0.24058000000000251,-0.006047972,2250.2127293440067,2250.7043493440065,-52.3,0.5782,104.6,0.5736,long_nclose,59.99856,0.02666350572885217,6.0
1692309420000.0,909489,1692309420000.0,0.0,-0.005898660000000001,2250.2068306840065,2250.4806106840065,51.0,0.5783,155.6,0.5751404884318766,long_ientry_partial,89.49185999999999,0.03977050410641439,1.0
1692309720000.0,909494,1692309720000.0,0.24136269922879142,-0.006006728,2250.442186655235,2250.8220439560064,-51.8,0.5798,103.8,0.5751404884318766,long_nclose,59.69958269922879,0.026527934400287126,5.0
1692309780000.0,909495,1692309780000.0,0.0,-0.005984792,2250.436201863235,2250.240709164006,51.7,0.5788,155.5,0.5763571877763909,long_ientry_partial,89.62354269922878,0.03982496487793145,1.0
1692310560000.0,909508,1692310560000.0,0.2404976731829499,-0.00601916,2250.6706803764177,2251.359540004006,-51.8,0.581,103.7,0.5763571877763909,long_nclose,59.76824037241174,0.02655574664633552,13.0
1692310620000.0,909509,1692310620000.0,0.0,-0.00591162,2250.6647687564177,2250.7977883840063,50.7,0.583,154.4,0.5785384739145837,long_ientry_partial,89.32634037241172,0.03968886953420793,1.0
1692310800000.0,909512,1692310800000.0,0.2396024407904013,-0.005995296000000001,2250.898375901208,2251.533013088006,-51.4,0.5832,103.0,0.5785384739145837,long_nclose,59.58946281320212,0.026473635349860636,3.0
1692310860000.0,909513,1692310860000.0,0.0,-0.005963940000000001,2250.892411961208,2251.126649148006,51.0,0.5847,154.0,0.5805789793065073,long_ientry_partial,89.40916281320212,0.039721650994104914,1.0
1692310980000.0,909515,1692310980000.0,0.2421883615761798,-0.006005178000000001,2251.128595144784,2251.6647939700056,-51.3,0.5853,102.7,0.5805789793065073,long_nclose,59.625461174778295,0.026486919185060333,2.0
1692311040000.0,909516,1692311040000.0,0.0,-0.00597516,2251.122619984784,2251.9662188100056,51.0,0.5858,153.7,0.5823113934598458,long_ientry_partial,89.50126117477829,0.03975850110527665,1.0
1692311340000.0,909521,1692311340000.0,0.24005665485589134,-0.0060108800000000006,2251.35666575964,2251.8167479300055,-51.2,0.587,102.5,0.5823113934598458,long_nclose,59.6869178296342,0.026511533573244372,5.0
1692311400000.0,909522,1692311400000.0,0.0,-0.00598536,2251.3506803996397,2252.1177625700057,51.0,0.5868,153.5,0.5838027220171609,long_ientry_partial,89.6137178296342,0.039804424343935066,1.0
1692311400000.0,909522,1692311400000.0,0.10902717921481285,-0.00400334,2251.4557042388547,2252.0523792300055,-34.1,0.587,119.4,0.5838027220171609,long_nclose,69.70604500884902,0.030960433677470197,0.0
1692311460000.0,909523,1692311460000.0,0.0,-0.003956736000000001,2251.4517475028547,2251.9107224940058,33.6,0.5888,153.0,0.5849001634565294,long_ientry_partial,89.48972500884899,0.039747565146845555,1.0
1692311460000.0,909523,1692311460000.0,0.5313202416451946,-0.007089972000000001,2251.9759777725,2252.255862522006,-59.7,0.5938,93.3,0.5849001634565294,long_nclose,54.57118525049419,0.02423257876155156,0.0
1692311520000.0,909524,1692311520000.0,0.0,-0.007043042,2251.9689347304998,2251.8351794800055,59.9,0.5879,153.2,0.5860730760476123,long_ientry_partial,89.7863952504942,0.03987017487931698,1.0
1692312900000.0,909547,1692312900000.0,0.24107312157177363,-0.00602616,2252.2039816920715,2253.0754333200057,-51.0,0.5908,102.2,0.5860730760476123,long_nclose,59.896668372065974,0.026594690738032466,23.0
1692312960000.0,909548,1692312960000.0,0.0,-0.005862756,2252.1981189360713,2252.9483705640055,49.3,0.5946,151.5,0.5888478440400394,long_ientry_partial,89.21044837206597,0.03961039112056829,1.0
1692312960000.0,909548,1692312960000.0,0.3705851695539835,-0.006092142,2252.5626119636254,2253.0598084220055,-51.1,0.5961,100.4,0.5888478440400394,long_nclose,59.12032354161996,0.026245806987839074,0.0
1692313020000.0,909549,1692313020000.0,0.5046182291900203,-0.006012956000000001,2253.061217236815,2253.5959554660053,-50.2,0.5989,50.2,0.5888478440400394,long_nclose,29.56016177080998,0.013119999378917438,1.0
1692313080000.0,909550,1692313080000.0,0.0,-0.01200199,2253.049215246815,2253.794373476005,100.1,0.5995,150.3,0.5959421940838987,long_ientry_partial,89.57011177080999,0.03975506223506877,1.0
1692313380000.0,909555,1692313380000.0,0.24337607639667508,-0.006020016,2253.2865713072115,2253.572923460005,-50.1,0.6008,100.2,0.5959421940838987,long_nclose,59.71340784720665,0.02650058301841509,5.0
1692313440000.0,909556,1692313440000.0,0.0,-0.006023928,2253.2805473792114,2253.491649532005,50.3,0.5988,150.5,0.5968973278884162,long_ientry_partial,89.83304784720664,0.03986767113917145,1.0
1692313620000.0,909559,1692313620000.0,0.24061387279034865,-0.006029034,2253.5151322180013,2253.7463204980045,-50.1,0.6017,100.4,0.5968973278884162,long_nclose,59.92849171999699,0.026593338941111495,3.0
1692313680000.0,909560,1692313680000.0,0.0,-0.005992,2253.5091402180014,2253.7102484980046,50.0,0.5992,150.4,0.5976628438829588,long_ientry_partial,89.888491719997,0.03988823036737331,1.0
1692325980000.0,909765,1692325980000.0,0.0,-0.018028008000000005,2253.4911122100016,2250.9058604900047,154.8,0.5823,305.2,0.5898706806028735,long_rentry,180.02853171999698,0.07988872498522649,205.0
1692339180000.0,909985,1692339180000.0,0.48097178268776586,-0.012094164000000001,2253.9599898286897,2254.922406326005,-101.7,0.5946,203.5,0.5898706806028735,long_nclose,120.03868350268476,0.0532567942840051,220.0
1692339240000.0,909986,1692339240000.0,0.32064785512517724,-0.008062776,2254.272574907815,2254.914343550005,-67.8,0.5946,135.7,0.5898706806028735,long_nclose,80.04545135780992,0.03550832860621714,1.0
1692339300000.0,909987,1692339300000.0,0.21376523675011816,-0.005375184000000001,2254.480964960565,2254.8184683660047,-45.2,0.5946,90.5,0.5898706806028735,long_nclose,53.38329659456005,0.023678752415411865,1.0
1692340020000.0,909999,1692340020000.0,0.1423525138535079,-0.0035794920000000005,2254.6197379824184,2254.887268874005,-30.1,0.5946,60.4,0.5898706806028735,long_nclose,35.62818910841356,0.015802305155146027,12.0
1692340080000.0,910000,1692340080000.0,0.09505931988224281,-0.0023902920000000005,2254.7124070103005,2254.9110585820044,-20.1,0.5946,40.3,0.5898706806028735,long_nclose,23.7717884282958,0.010543157679172339,1.0
1692342000000.0,910032,1692342000000.0,0.20359931988224203,-0.002412,2254.913594330183,2255.116186582005,-20.1,0.6,20.2,0.5898706806028735,long_nclose,11.915387748178045,0.005284188173834432,32.0
1692342360000.0,910038,1692342360000.0,0.10230612591097733,-0.001212,2255.014688456094,2255.123054582005,-10.1,0.6,10.1,0.5898706806028735,long_nclose,5.957693874089022,0.0026419756397099057,6.0
1692345300000.0,910087,1692345300000.0,0.05064659698563234,-0.0006000000000000001,2255.06473505308,2255.121494582005,-5.0,0.6,5.1,0.5898706806028735,long_nclose,3.008340471074655,0.0013340373002657259,49.0
1692345660000.0,910093,1692345660000.0,0.02532329849281617,-0.00030000000000000003,2255.0897583515725,2255.116874582005,-2.5,0.6,2.6,0.5898706806028735,long_nclose,1.533663769567471,0.000680089900584955,6.0
1692348720000.0,910144,1692348720000.0,0.013168115216264408,-0.00015600000000000002,2255.1027704667886,2255.117368582005,-1.3,0.6,1.3,0.5898706806028735,long_nclose,0.7668318847837355,0.0003400429882071438,51.0
1692351600000.0,910192,1692351600000.0,0.0018917277588506032,-4.756800000000001e-05,2255.1046146265476,2255.1089610140048,-0.4,0.5946,0.9,0.5898706806028735,long_nclose,0.5308836125425862,0.0002354141839359866,48.0
1692351960000.0,910198,1692351960000.0,0.0014187958191379524,-3.5676e-05,2255.1059977463665,2255.109075338005,-0.3,0.5946,0.6,0.5898706806028735,long_nclose,0.3539224083617241,0.00015694269303323898,6.0
1692352320000.0,910204,1692352320000.0,0.0009458638794253016,-2.3784000000000005e-05,2255.1069198262458,2255.1088915540045,-0.2,0.5946,0.4,0.5898706806028735,long_nclose,0.23594827224114942,0.00010462841924112806,6.0
1692353160000.0,910218,1692353160000.0,0.0004729319397126508,-1.1892000000000002e-05,2255.1073808661854,2255.1089496620043,-0.1,0.5946,0.3,0.5898706806028735,long_nclose,0.17696120418086206,7.847129838796916e-05,14.0
1692354780000.0,910245,1692354780000.0,0.0004729319397126508,-1.1892000000000002e-05,2255.107841906125,2255.1088077700047,-0.1,0.5946,0.2,0.5898706806028735,long_nclose,0.11797413612057471,5.2314188230065894e-05,27.0
1692356280000.0,910270,1692356280000.0,0.0004729319397126508,-1.1892000000000002e-05,2255.1083029460647,2255.1087558780046,-0.1,0.5946,0.1,0.5898706806028735,long_nclose,0.058987068060287355,2.6157088767411692e-05,25.0
1692357120000.0,910284,1692357120000.0,0.0004729319397126508,-1.1892000000000002e-05,2255.1087639860043,2255.1087639860043,-0.1,0.5946,0.0,0.5898706806028735,long_nclose,0.0,0.0,14.0
1692631680000.0,914860,1692631680000.0,0.0,-0.018037278000000004,2255.0907267080042,2254.9374267080043,153.3,0.5883,153.3,0.5883,long_ientry_normal,90.18639000000002,0.03999235548791187,4576.0
1692631800000.0,914862,1692631800000.0,0.2452799999999957,-0.006061482,2255.3299452260044,2255.8307252260042,-51.1,0.5931,102.2,0.5883,long_nclose,60.12426000000001,0.026658742383689236,2.0
1692633600000.0,914892,1692633600000.0,0.51611,-0.006115648000000001,2255.8399395780043,2256.3713795780045,-51.1,0.5984,51.1,0.5883,long_nclose,30.062130000000003,0.013326357722713105,30.0
1692633780000.0,914895,1692633780000.0,0.25754999999999995,-0.0030518400000000005,2256.094437738004,2256.3581177380042,-25.5,0.5984,25.6,0.5883,long_nclose,15.060480000000002,0.0066754652412067805,3.0
1692634020000.0,914899,1692634020000.0,0.12927999999999998,-0.0015319040000000002,2256.2221858340044,2256.3501858340046,-12.8,0.5984,12.8,0.5883,long_nclose,7.530240000000001,0.0033375436370050916,4.0
1692634860000.0,914913,1692634860000.0,0.06463999999999999,-0.0007659520000000001,2256.2860598820043,2256.3474998820043,-6.4,0.5984,6.4,0.5883,long_nclose,3.7651200000000005,0.001668724576615477,14.0
1692636780000.0,914945,1692636780000.0,0.032319999999999995,-0.00038297600000000004,2256.3179969060043,2256.3499969060044,-3.2,0.5984,3.2,0.5883,long_nclose,1.8825600000000002,0.0008343504783374848,32.0
1692638880000.0,914980,1692638880000.0,0.016159999999999997,-0.00019148800000000002,2256.3339654180045,2256.3507654180044,-1.6,0.5984,1.6,0.5883,long_nclose,0.9412800000000001,0.000417172286738865,35.0
1692641520000.0,915024,1692641520000.0,0.008079999999999999,-9.574400000000001e-05,2256.3419496740044,2256.3504296740043,-0.8,0.5984,0.8,0.5883,long_nclose,0.47064000000000006,0.00020858540526979874,44.0
1692642480000.0,915040,1692642480000.0,0.004039999999999999,-4.7872000000000005e-05,2256.3459418020043,2256.3501818020045,-0.4,0.5984,0.4,0.5883,long_nclose,0.23532000000000003,0.00010429251811097037,16.0
1692647220000.0,915119,1692647220000.0,0.006159999999999988,-4.8296000000000007e-05,2256.3520535060043,2256.3520535060043,-0.4,0.6037,0.0,0.5883,long_nclose,0.0,0.0,79.0
1692727680000.0,916460,1692727680000.0,0.0,-0.018054668000000003,2256.3339988380044,2256.3021788380042,159.1,0.5674,159.1,0.5674,long_ientry_normal,90.27334,0.04000885509259273,1341.0
1692729120000.0,916484,1692729120000.0,0.24379999999999669,-0.0060632,2256.5717356380046,2257.420535638005,-53.0,0.572,106.1,0.5674,long_nclose,60.201139999999995,0.026678141469754436,24.0
1692729480000.0,916490,1692729480000.0,0.5140999999999963,-0.00611726,2257.0797183780046,2257.6054083780045,-53.0,0.5771,53.1,0.5674,long_nclose,30.12894,0.013348637956682997,6.0
1692729900000.0,916497,1692729900000.0,0.25704999999999817,-0.00305863,2257.333709748005,2257.6050297480047,-26.5,0.5771,26.6,0.5674,long_nclose,15.09284,0.006686135919923366,7.0
1692730260000.0,916503,1692730260000.0,0.1290099999999991,-0.001535086,2257.461184662005,2257.591524662005,-13.3,0.5771,13.3,0.5674,long_nclose,7.54642,0.0033428791827177645,6.0
1692730560000.0,916508,1692730560000.0,0.06401999999999954,-0.0007617719999999999,2257.524442890005,2257.591442890005,-6.6,0.5771,6.7,0.5674,long_nclose,3.8015800000000004,0.0016839596186756448,5.0
1692730680000.0,916510,1692730680000.0,0.03200999999999977,-0.00038088599999999993,2257.556072004005,2257.590412004005,-3.3,0.5771,3.4,0.5674,long_nclose,1.92916,0.0008545346996796888,2.0
1692730800000.0,916512,1692730800000.0,0.016489999999999883,-0.00019621399999999998,2257.572365790005,2257.590385790005,-1.7,0.5771,1.7,0.5674,long_nclose,0.96458,0.0004272642660836518,2.0
1692732840000.0,916546,1692732840000.0,0.007759999999999945,-9.2336e-05,2257.580033454005,2257.589123454005,-0.8,0.5771,0.9,0.5674,long_nclose,0.51066,0.00022619796083982508,34.0
1692739560000.0,916658,1692739560000.0,0.0,-0.017964576,2257.562068878005,2257.445578878005,159.6,0.5628,160.5,0.5628257943925233,long_ientry_partial,90.33354,0.04001375698383134,112.0
1692742740000.0,916711,1692742740000.0,0.24472000000000227,-0.006071180000000001,2257.800717698005,2258.236657698005,-53.5,0.5674,107.0,0.5628257943925233,long_nclose,60.222359999999995,0.0266730183616033,53.0
1692742800000.0,916712,1692742800000.0,0.16284171962616975,-0.004039888000000001,2257.959519529631,2258.3075378100048,-35.6,0.5674,71.4,0.5628257943925233,long_nclose,40.18576171962617,0.01779737917002051,1.0
1692743940000.0,916731,1692743940000.0,0.34536914018691717,-0.004087650000000001,2258.3008010198178,2258.653310160005,-35.7,0.5725,35.7,0.5628257943925233,long_nclose,20.092880859813086,0.008897344787168925,19.0
1692744060000.0,916733,1692744060000.0,0.17220085981308475,-0.0020381,2258.470963779631,2258.6495020600046,-17.8,0.5725,17.9,0.5628257943925233,long_nclose,10.074581719626167,0.004460797540104744,2.0
1692744420000.0,916739,1692744420000.0,0.08610042990654238,-0.00101905,2258.5560451595375,2258.639513010005,-8.9,0.5725,9.0,0.5628257943925233,long_nclose,5.06543214953271,0.002242774608311703,6.0
1692744900000.0,916747,1692744900000.0,0.04353392523364502,-0.00051525,2258.599063834771,2258.6434977600047,-4.5,0.5725,4.5,0.5628257943925233,long_nclose,2.532716074766355,0.00112136594551942,8.0
1692745020000.0,916749,1692745020000.0,0.021283252336448677,-0.00025190000000000005,2258.620095187108,2258.643955860005,-2.2,0.5725,2.3,0.5628257943925233,long_nclose,1.2944993271028036,0.0005731372575057007,2.0
1692745200000.0,916752,1692745200000.0,0.010641626168224338,-0.00012595000000000003,2258.630610863276,2258.642579910005,-1.1,0.5725,1.2,0.5628257943925233,long_nclose,0.6753909532710279,0.0002990267421430569,3.0
1692745740000.0,916761,1692745740000.0,0.005804523364486003,-6.87e-05,2258.6363466866405,2258.642391210005,-0.6,0.5725,0.6,0.5628257943925233,long_nclose,0.33769547663551397,0.0001495129913812395,9.0
1692745920000.0,916764,1692745920000.0,0.008804523364486005,-6.93e-05,2258.645081910005,2258.645081910005,-0.6,0.5775,0.0,0.5628257943925233,long_nclose,0.0,0.0,3.0
1692926100000.0,919767,1692926100000.0,0.0,-0.018072322000000002,2258.627009588005,2258.514519588005,160.7,0.5623,160.7,0.5623,long_ientry_normal,90.36161,0.040007318435673365,3003.0
1692930000000.0,919832,1692930000000.0,0.24609999999999665,-0.00606583,2258.867043758005,2259.349443758005,-53.5,0.5669,107.2,0.5623,long_nclose,60.278560000000006,0.026685306763215462,65.0
1692930060000.0,919833,1692930060000.0,0.16421999999999778,-0.004047666,2259.027216092005,2259.384716092005,-35.7,0.5669,71.5,0.5623,long_nclose,40.20445,0.01779724020746927,1.0
1692931320000.0,919854,1692931320000.0,0.10947999999999851,-0.002698444,2259.133997648005,2259.377267648005,-23.8,0.5669,47.7,0.5623,long_nclose,26.821710000000003,0.011872562684605788,21.0
1692933960000.0,919898,1692933960000.0,0.0,-0.012757590000000001,2259.121240058005,2258.6785600580047,114.5,0.5571,162.2,0.5586292231812577,long_ientry_partial,90.60966,0.04010836532070033,44.0
1692944820000.0,920079,1692944820000.0,0.24682194821208392,-0.006082560000000001,2259.361979446217,2259.347997498005,-54.0,0.5632,108.2,0.5586292231812577,long_nclose,60.44368194821209,0.02675254452278036,181.0
1692976320000.0,920604,1692976320000.0,0.1645479654747226,-0.00405504,2259.522472371692,2259.809162458005,-36.0,0.5632,72.2,0.5586292231812577,long_nclose,40.33302991368681,0.017850245088003716,525.0
1692979140000.0,920651,1692979140000.0,0.10969864364981508,-0.00270336,2259.6294676553416,2259.883519098005,-24.0,0.5632,48.2,0.5586292231812577,long_nclose,26.925928557336626,0.011916081349955029,47.0
1692979320000.0,920654,1692979320000.0,0.23065572133168943,-0.0027387240000000005,2259.8573846526733,2260.090450374005,-24.1,0.5682,24.1,0.5586292231812577,long_nclose,13.462964278668313,0.005957439779208673,3.0
1692979440000.0,920656,1692979440000.0,0.11484932182490759,-0.0013636800000000001,2259.970870294498,2260.092726694005,-12.0,0.5682,12.1,0.5586292231812577,long_nclose,6.759413600493218,0.0029909295245086035,2.0
1692979620000.0,920659,1692979620000.0,0.057424660912453795,-0.0006818400000000001,2260.0276131154105,2260.0920948540047,-6.0,0.5682,6.1,0.5586292231812577,long_nclose,3.407638261405672,0.0015077861180237083,3.0
1692979920000.0,920664,1692979920000.0,0.028712330456226898,-0.00034092000000000004,2260.0559845258667,2260.0819339340046,-3.0,0.5682,3.1,0.5586292231812577,long_nclose,1.731750591861899,0.0007662423425432092,5.0
1692980220000.0,920669,1692980220000.0,0.004570776818742295,-0.00011264,2260.060442662685,2260.0723512940044,-1.0,0.5632,2.1,0.5586292231812577,long_nclose,1.1731213686806412,0.0005190663694367974,5.0
1692981180000.0,920685,1692981180000.0,0.003199543773119606,-7.8848e-05,2260.063563358458,2260.0729024460043,-0.7,0.5632,1.4,0.5586292231812577,long_nclose,0.7820809124537608,0.0003460437684733023,16.0
1692981300000.0,920687,1692981300000.0,0.006699543773119609,-7.9548e-05,2260.070183354231,2260.0773728980043,-0.7,0.5682,0.7,0.5586292231812577,long_nclose,0.3910404562268804,0.00017302137743639744,2.0
1692984600000.0,920742,1692984600000.0,0.000914155363748459,-2.2528000000000005e-05,2260.071074981595,2260.0738603700042,-0.2,0.5632,0.5,0.5586292231812577,long_nclose,0.27931461159062887,0.00012358664941229935,55.0
1692984840000.0,920746,1692984840000.0,0.0004570776818742295,-1.1264000000000003e-05,2260.0715207952767,2260.0730691060044,-0.1,0.5632,0.4,0.5586292231812577,long_nclose,0.2234516892725031,9.886930002722864e-05,4.0
1692985500000.0,920757,1692985500000.0,0.0004570776818742295,-1.1264000000000003e-05,2260.0719666089585,2260.073337842004,-0.1,0.5632,0.3,0.5586292231812577,long_nclose,0.16758876695437733,7.415196039346911e-05,11.0
1692985560000.0,920758,1692985560000.0,0.0004570776818742295,-1.1264000000000003e-05,2260.0724124226404,2260.073486578004,-0.1,0.5632,0.2,0.5586292231812577,long_nclose,0.11172584463625156,4.943463051101501e-05,1.0
1692985800000.0,920762,1692985800000.0,0.00095707768187423,-1.1364000000000002e-05,2260.0733581363224,2260.0743552140043,-0.1,0.5682,0.1,0.5586292231812577,long_nclose,0.05586292231812578,2.471730491270021e-05,4.0
1692985980000.0,920765,1692985980000.0,0.00095707768187423,-1.1364000000000002e-05,2260.0743038500045,2260.0743038500045,-0.1,0.5682,0.0,0.5586292231812577,long_nclose,0.0,0.0,3.0
1693501140000.0,929351,1693501140000.0,0.0,-0.018075505999999998,2260.0562283440045,2259.9114183440047,160.9,0.5617,160.9,0.5617,long_ientry_normal,90.37753,0.03998906260231486,8586.0
1693504920000.0,929414,1693504920000.0,0.2412000000000032,-0.006069664000000001,2260.2913586800046,2260.7849386800044,-53.6,0.5662,107.3,0.5617,long_nclose,60.27041,0.02666488537796186,63.0
1693505280000.0,929420,1693505280000.0,0.16065000000000212,-0.004042668000000001,2260.4479660120046,2260.8489260120045,-35.7,0.5662,71.6,0.5617,long_nclose,40.21771999999999,0.017791924700197415,6.0
1693508160000.0,929468,1693508160000.0,0.10710000000000142,-0.0026951120000000004,2260.552370900005,2260.781810900005,-23.8,0.5662,47.8,0.5617,long_nclose,26.849259999999997,0.011877300586188308,48.0
1693531440000.0,929856,1693531440000.0,0.07155000000000095,-0.001800516,2260.622120384005,2260.810330384005,-15.9,0.5662,31.9,0.5617,long_nclose,17.918229999999998,0.007926238462603508,388.0
1693568460000.0,930473,1693568460000.0,0.04770000000000063,-0.001200344,2260.668620040005,2260.770860040005,-10.6,0.5662,21.3,0.5617,long_nclose,11.96421,0.0052923324957676815,617.0
1693570080000.0,930500,1693570080000.0,0.03195000000000042,-0.000804004,2260.699766036005,2260.7679260360046,-7.1,0.5662,14.2,0.5617,long_nclose,7.976139999999999,0.0035281730550119268,27.0
1693571280000.0,930520,1693571280000.0,0.02115000000000028,-0.000532228,2260.720383808005,2260.765983808005,-4.7,0.5662,9.5,0.5617,long_nclose,5.33615,0.002360375939554133,20.0
1693571940000.0,930531,1693571940000.0,0.013950000000000184,-0.00035104400000000006,2260.733982764005,2260.764702764005,-3.1,0.5662,6.4,0.5617,long_nclose,3.59488,0.0015901384361926782,11.0
1693572360000.0,930538,1693572360000.0,0.009450000000000125,-0.00023780400000000004,2260.743194960005,2260.762974960005,-2.1,0.5662,4.3,0.5617,long_nclose,2.41531,0.0010683699083489796,7.0
1693572480000.0,930540,1693572480000.0,0.006300000000000083,-0.00015853600000000003,2260.749336424005,2260.763836424005,-1.4,0.5662,2.9,0.5617,long_nclose,1.62893,0.0007205265854801044,2.0
1693572780000.0,930545,1693572780000.0,0.0040500000000000536,-0.000101916,2260.753284508005,2260.762284508005,-0.9,0.5662,2.0,0.5617,long_nclose,1.1234,0.000496914018746844,5.0
1693572840000.0,930546,1693572840000.0,0.0027000000000000357,-6.794400000000001e-05,2260.755916564005,2260.762636564005,-0.6,0.5662,1.4,0.5617,long_nclose,0.78638,0.00034783940815476196,1.0
1693572960000.0,930548,1693572960000.0,0.0018000000000000238,-4.529600000000001e-05,2260.757671268005,2260.7622712680054,-0.4,0.5662,1.0,0.5617,long_nclose,0.5617,0.000248456527269,2.0
1693573080000.0,930550,1693573080000.0,0.0013500000000000179,-3.3972000000000006e-05,2260.758987296005,2260.7622772960053,-0.3,0.5662,0.7,0.5617,long_nclose,0.39319,0.00017391946784662673,2.0
1693573980000.0,930565,1693573980000.0,0.0009000000000000119,-2.2648000000000004e-05,2260.759864648005,2260.762364648005,-0.2,0.5662,0.5,0.5617,long_nclose,0.28085,0.00012422814310874528,15.0
1693574760000.0,930578,1693574760000.0,0.00045000000000000595,-1.1324000000000002e-05,2260.7603033240052,2260.762143324005,-0.1,0.5662,0.4,0.5617,long_nclose,0.22468,9.938249520289791e-05,13.0
1694319720000.0,942994,1694319720000.0,0.0,-0.0180425,2260.7422608240054,2258.0927808240053,175.0,0.5155,175.4,0.5156053591790193,long_ientry_partial,90.43717999999998,0.04000331287965442,12416.0
1694319720000.0,942994,1694319720000.0,0.0,-0.0180828,2260.7241780240056,2257.7506980240055,180.0,0.5023,355.4,0.508866572875633,long_rentry,180.85117999999994,0.07999701235471972,0.0
1694319840000.0,942996,1694319840000.0,0.4893977715250575,-0.012147840000000002,2261.2014279555306,2261.5174501840056,-118.4,0.513,237.0,0.508866572875633,long_nclose,120.60137777152501,0.053335088276751604,2.0
1694320380000.0,943005,1694320380000.0,0.3265407428249961,-0.0081054,2261.519863298355,2262.157144784005,-79.0,0.513,158.0,0.508866572875633,long_nclose,80.40091851435001,0.035551718921048,9.0
1694320440000.0,943006,1694320440000.0,0.21741826674170628,-0.0053967600000000004,2261.731884805097,2262.2413280240053,-52.6,0.513,105.4,0.508866572875633,long_nclose,53.63453678109172,0.023713923450176606,1.0
1694320500000.0,943007,1694320500000.0,0.0,-0.0072637180000000015,2261.7246210870967,2262.1636243060047,70.7,0.5137,176.1,0.5108070799607707,long_ientry_partial,89.95312678109171,0.039771918270870565,1.0
1694322360000.0,943038,1694322360000.0,0.24025440630276237,-0.006044926000000001,2261.9588305673997,2262.4745593800053,-58.7,0.5149,117.4,0.5108070799607707,long_nclose,59.96875118739448,0.026511866784220673,31.0
1694322480000.0,943040,1694322480000.0,0.16003317353386728,-0.004026518000000001,2262.1148372229336,2262.427482862005,-39.1,0.5149,78.3,0.5108070799607707,long_nclose,39.99619436092834,0.01768088591383333,2.0
1694322540000.0,943041,1694322540000.0,0.10682521302388583,-0.0026877780000000005,2262.2189746579575,2262.4378450840054,-26.1,0.5149,52.2,0.5108070799607707,long_nclose,26.66412957395223,0.011786714669380664,1.0
1694322660000.0,943043,1694322660000.0,0.07121680868259055,-0.0017918520000000002,2262.2883996146397,2262.396033232005,-17.4,0.5149,34.8,0.5108070799607707,long_nclose,17.77608638263482,0.007857568639640647,2.0
1694322900000.0,943047,1694322900000.0,0.04747787245506036,-0.001194568,2262.334682919095,2262.436598664005,-11.6,0.5149,23.2,0.5108070799607707,long_nclose,11.85072425508988,0.005238271925265658,4.0
1694323260000.0,943053,1694323260000.0,0.03151548430206593,-0.0007929460000000001,2262.365405457397,2262.430395718005,-7.7,0.5149,15.5,0.5108070799607707,long_nclose,7.917509739391946,0.0034996600108421526,6.0
1694326260000.0,943103,1694326260000.0,0.06693548430206546,-0.00080003,2262.4315409116994,2262.5001256880055,-7.7,0.5195,7.8,0.5108070799607707,long_nclose,3.9842952236940112,0.0017610677501819333,50.0
1694326500000.0,943107,1694326500000.0,0.033902388152994185,-0.00040521,2262.4650380898524,2262.5005004780055,-3.9,0.5195,3.9,0.5108070799607707,long_nclose,1.9921476118470056,0.0008805208382485903,4.0
1694329860000.0,943163,1694329860000.0,0.05184238815299438,-0.00040879800000000004,2262.5164716800055,2262.5164716800055,-3.9,0.5241,0.0,0.5108070799607707,long_nclose,0.0,0.0,56.0
1694425380000.0,944755,1694425380000.0,0.0,-0.018098262,2262.4983734180055,2262.4801034180055,182.7,0.4953,182.7,0.4953,long_ientry_normal,90.49131,0.03999618787053217,1592.0
1694427660000.0,944793,1694427660000.0,0.0,-0.0180975,2262.4802759180056,2259.5306459180056,187.5,0.4826,370.2,0.48886766612641813,long_rentry,180.97880999999998,0.07999133160467774,38.0
1694437020000.0,944949,1694437020000.0,0.48525000000000446,-0.012162304,2262.953363614006,2263.9979036140057,-123.4,0.4928,246.8,0.48886766612641813,long_nclose,120.65254,0.05331640587029783,156.0
1694437140000.0,944951,1694437140000.0,0.32323784440843084,-0.008101632000000001,2263.2684998264144,2263.965141982006,-82.2,0.4928,164.6,0.48886766612641813,long_nclose,80.46761784440842,0.03555372146547351,2.0
1694437740000.0,944961,1694437740000.0,0.2154918962722872,-0.005401088,2263.478590634687,2263.9323208940064,-54.8,0.4928,109.8,0.48886766612641813,long_nclose,53.67766974068071,0.023714679680548387,10.0
1694437980000.0,944965,1694437980000.0,0.14392341977309694,-0.0036072960000000003,2263.61890675846,2263.9360335980064,-36.6,0.4928,73.2,0.48886766612641813,long_nclose,35.78511316045381,0.015808806444234328,4.0
1694439840000.0,944996,1694439840000.0,0.09594894651539795,-0.002404864,2263.7124508409756,2263.9141087340063,-24.4,0.4928,48.8,0.48886766612641813,long_nclose,23.856742106969204,0.010538768781391098,31.0
1694448600000.0,945142,1694448600000.0,0.06370380875202651,-0.0015966720000000002,2263.774557977728,2263.919052062007,-16.2,0.4928,32.6,0.48886766612641813,long_nclose,15.937085915721232,0.007040049928804805,146.0
1694450940000.0,945181,1694450940000.0,0.042469205834684345,-0.0010644480000000002,2263.8159627355626,2263.9060476140066,-10.8,0.4928,21.8,0.48886766612641813,long_nclose,10.657315121555916,0.00470767734523692,39.0
1694454540000.0,945241,1694454540000.0,0.028312803889789562,-0.0007096320000000001,2263.8435659074526,2263.903897982007,-7.2,0.4928,14.6,0.48886766612641813,long_nclose,7.137467925445705,0.0031528096874417558,60.0
1694455440000.0,945256,1694455440000.0,0.01887520259319304,-0.00047308800000000003,2263.861968022046,2263.902464894007,-4.8,0.4928,9.8,0.48886766612641813,long_nclose,4.790903128038898,0.002116252313839058,15.0
1694455860000.0,945263,1694455860000.0,0.012583468395462028,-0.00031539200000000006,2263.874236098441,2263.901509502007,-3.2,0.4928,6.6,0.48886766612641813,long_nclose,3.2265265964343595,0.0014252234267195657,7.0
1694479800000.0,945662,1694479800000.0,0.008651134521880145,-0.000216832,2263.882670400963,2263.903492670007,-2.2,0.4928,4.4,0.48886766612641813,long_nclose,2.15101773095624,0.0009501454112793164,399.0
1694479920000.0,945664,1694479920000.0,0.005505267423014637,-0.000137984,2263.888037684386,2263.9013346860065,-1.4,0.4928,3.0,0.48886766612641813,long_nclose,1.4666029983792543,0.0006478248808979823,2.0
1694486340000.0,945771,1694486340000.0,0.003932333873581884,-9.856e-05,2263.8918714582596,2263.9001361260066,-1.0,0.4928,2.0,0.48886766612641813,long_nclose,0.9777353322528363,0.00043188252256192756,107.0
1694486940000.0,945781,1694486940000.0,0.00235940032414913,-5.9136000000000004e-05,2263.894171722584,2263.899816990007,-0.6,0.4928,1.4,0.48886766612641813,long_nclose,0.6844147325769854,0.0003023174586187561,10.0
1694487060000.0,945783,1694487060000.0,0.0015729335494327535,-3.942400000000001e-05,2263.8957052321334,2263.900037566007,-0.4,0.4928,1.0,0.48886766612641813,long_nclose,0.48886766612641813,0.00021594089559717197,2.0
1694488380000.0,945805,1694488380000.0,0.0041661669367909215,-4.972e-05,2263.8998216790706,2263.9042878460073,-0.5,0.4972,0.5,0.48886766612641813,long_nclose,0.24443383306320907,0.00010797025147602132,22.0
1694488500000.0,945807,1694488500000.0,0.0016664667747163687,-1.9888e-05,2263.901468257845,2263.904057958007,-0.2,0.4972,0.3,0.48886766612641813,long_nclose,0.14666029983792545,6.478210376831723e-05,2.0
1694488620000.0,945809,1694488620000.0,0.003819700162074574,-3.0096e-05,2263.905257862007,2263.905257862007,-0.3,0.5016,0.0,0.48886766612641813,long_nclose,0.0,0.0,2.0
1694983260000.0,954053,1694983260000.0,0.0,-0.018106296,2263.887151566007,2264.170671566007,177.2,0.5109,177.2,0.5109,long_ientry_normal,90.53148,0.039989396086892545,8244.0
1694983320000.0,954054,1694983320000.0,0.24189999999999956,-0.006077000000000001,2264.122974566007,2264.383014566007,-59.0,0.515,118.2,0.5109,long_nclose,60.388380000000005,0.02667186397486886,1.0
1694983380000.0,954055,1694983380000.0,0.1615399999999997,-0.0040582000000000005,2264.280456366007,2264.611416366007,-39.4,0.515,78.8,0.5109,long_nclose,40.25892,0.017780005955893123,1.0
1694983620000.0,954059,1694983620000.0,0.10741999999999981,-0.0026986000000000002,2264.385177766007,2264.611357766007,-26.2,0.515,52.6,0.5109,long_nclose,26.873340000000002,0.011867830731215372,4.0
1694985600000.0,954092,1694985600000.0,0.07174999999999987,-0.0018025000000000003,2264.455125266007,2264.5955252660074,-17.5,0.515,35.1,0.5109,long_nclose,17.93259,0.007919163334223038,33.0
1694986560000.0,954108,1694986560000.0,0.04796999999999991,-0.0012051000000000002,2264.5018901660073,2264.5908101660075,-11.7,0.515,23.4,0.5109,long_nclose,11.95506,0.0052793331954885635,16.0
1694987820000.0,954129,1694987820000.0,0.03197999999999994,-0.0008034000000000001,2264.5330667660073,2264.5985867660074,-7.8,0.515,15.6,0.5109,long_nclose,7.97004,0.003519507008737152,21.0
1694988000000.0,954132,1694988000000.0,0.02131999999999996,-0.0005356000000000001,2264.553851166007,2264.598571166007,-5.2,0.515,10.4,0.5109,long_nclose,5.31336,0.0023463164707980687,3.0
1694988900000.0,954147,1694988900000.0,0.013939999999999975,-0.0003502,2264.567440966007,2264.597540966007,-3.4,0.515,7.0,0.5109,long_nclose,3.5763000000000003,0.0015792419935501862,15.0
1694994480000.0,954240,1694994480000.0,0.030449999999999755,-0.00036372,2264.597527246007,2264.6286772460066,-3.5,0.5196,3.5,0.5109,long_nclose,1.7881500000000001,0.0007896105062759572,93.0
1694997360000.0,954288,1694997360000.0,0.004509999999999992,-0.00011330000000000003,2264.601923946007,2264.609603946007,-1.1,0.515,2.4,0.5109,long_nclose,1.22616,0.0005414461530896563,48.0
1694997720000.0,954294,1694997720000.0,0.0032799999999999943,-8.240000000000001e-05,2264.605121546007,2264.612641546007,-0.8,0.515,1.6,0.5109,long_nclose,0.81744,0.0003609635923820343,6.0
1694998080000.0,954300,1694998080000.0,0.0020499999999999963,-5.1500000000000005e-05,2264.607120046007,2264.613060046007,-0.5,0.515,1.1,0.5109,long_nclose,0.5619900000000001,0.0002481622507609986,6.0
1694998980000.0,954315,1694998980000.0,0.0012299999999999978,-3.09e-05,2264.6083191460066,2264.6114391460064,-0.3,0.515,0.8,0.5109,long_nclose,0.40872,0.0001804815413528685,15.0
1694999040000.0,954316,1694999040000.0,0.0008199999999999986,-2.0600000000000003e-05,2264.609118546007,2264.611638546007,-0.2,0.515,0.6,0.5109,long_nclose,0.30654,0.0001353611082325828,1.0
1694999340000.0,954321,1694999340000.0,0.0008199999999999986,-2.0600000000000003e-05,2264.609917946007,2264.611757946007,-0.2,0.515,0.4,0.5109,long_nclose,0.20436,9.0240706967032e-05,5.0
1695000240000.0,954336,1695000240000.0,0.0004099999999999993,-1.0300000000000001e-05,2264.610317646007,2264.611577646007,-0.1,0.515,0.3,0.5109,long_nclose,0.15327,6.768051827977163e-05,15.0
1695000900000.0,954347,1695000900000.0,0.0004099999999999993,-1.0300000000000001e-05,2264.610717346007,2264.611557346007,-0.1,0.515,0.2,0.5109,long_nclose,0.10218,4.5120337556182315e-05,11.0
1695001020000.0,954349,1695001020000.0,0.0004099999999999993,-1.0300000000000001e-05,2264.6111170460067,2264.611577046007,-0.1,0.515,0.1,0.5109,long_nclose,0.05109,2.2560164796259844e-05,2.0
1695003780000.0,954395,1695003780000.0,0.0008699999999999931,-1.0392e-05,2264.6119766540064,2264.6119766540064,-0.1,0.5196,0.0,0.5109,long_nclose,0.0,0.0,46.0
1695319200000.0,959652,1695319200000.0,0.0,-0.018113704,2264.5938629500065,2264.3784629500065,143.6,0.6307,143.6,0.6307,long_ientry_normal,90.56852,0.03999327273722256,5257.0
1695319740000.0,959661,1695319740000.0,0.24377999999999966,-0.0060782480000000005,2264.8315647020063,2265.406364702006,-47.8,0.6358,95.8,0.6307,long_nclose,60.421060000000004,0.026677948568749246,9.0
1695320100000.0,959667,1695320100000.0,0.5173199999999962,-0.0061455699999999995,2265.342739132006,2265.797789132006,-47.9,0.6415,47.9,0.6307,long_nclose,30.210530000000002,0.013335964345764093,6.0
1695320520000.0,959674,1695320520000.0,0.0810899999999999,-0.002021844,2265.421807288006,2265.665007288006,-15.9,0.6358,32.0,0.6307,long_nclose,20.1824,0.00890889278767951,7.0
1695320640000.0,959676,1695320640000.0,0.17279999999999873,-0.0020528,2265.592554488006,2265.787754488006,-16.0,0.6415,16.0,0.6307,long_nclose,10.0912,0.0044541106828807,2.0
1695320760000.0,959678,1695320760000.0,0.08639999999999937,-0.0010264,2265.6779280880064,2265.7683280880065,-8.0,0.6415,8.0,0.6307,long_nclose,5.0456,0.0022269714231880943,2.0
1695321420000.0,959689,1695321420000.0,0.04319999999999968,-0.0005132,2265.7206148880064,2265.7690148880065,-4.0,0.6415,4.0,0.6307,long_nclose,2.5228,0.0011134647332167657,11.0
1695321840000.0,959696,1695321840000.0,0.02159999999999984,-0.0002566,2265.7419582880066,2265.7619582880066,-2.0,0.6415,2.0,0.6307,long_nclose,1.2614,0.0005567271221622753,7.0
1695321900000.0,959697,1695321900000.0,0.01079999999999992,-0.0001283,2265.7526299880064,2265.7635299880067,-1.0,0.6415,1.0,0.6307,long_nclose,0.6307,0.0002783622499881369,1.0
1695322020000.0,959699,1695322020000.0,0.00539999999999996,-6.415e-05,2265.7579658380064,2265.7641158380065,-0.5,0.6415,0.5,0.6307,long_nclose,0.31535,0.00013918079722313395,2.0
1695322380000.0,959705,1695322380000.0,0.0021599999999999844,-2.566e-05,2265.7601001780063,2265.763580178006,-0.2,0.6415,0.3,0.6307,long_nclose,0.18921000000000002,8.350839966911546e-05,6.0
1695322680000.0,959710,1695322680000.0,0.004949999999999987,-3.8832000000000004e-05,2265.7650113460063,2265.7650113460063,-0.3,0.6472,0.0,0.6307,long_nclose,0.0,0.0,5.0
1695429420000.0,961489,1695429420000.0,0.0,-0.018121676000000003,2265.746889670006,2265.617469670006,143.8,0.6301,143.8,0.6301,long_ientry_normal,90.60838000000001,0.039990512803129846,1779.0
1695435900000.0,961597,1695435900000.0,0.0,-0.018122328,2265.728767342006,2263.748887342006,147.6,0.6139,291.4,0.6218943719972547,long_rentry,181.22002,0.07998310416149,108.0
1695517920000.0,962964,1695517920000.0,0.0,-0.018291395999999998,2265.7104759460058,2260.0806759460056,152.2,0.6009,443.6,0.6146911632100992,long_rentry,272.677,0.12034944574555527,1367.0
1695541500000.0,963357,1695541500000.0,0.0,-0.027101178,2265.6833747680057,2254.3771547680058,230.1,0.5889,673.7,0.6058822769778833,long_rentry,408.18289000000004,0.1801588406154924,393.0
1695609660000.0,964493,1695609660000.0,1.1040288184651952,-0.027424920000000005,2266.759978666471,2269.508059848006,-224.5,0.6108,449.2,0.6058822769778833,long_nclose,272.16231881846517,0.12006666845184798,1136.0
1695609900000.0,964497,1695609900000.0,0.7361831364108673,-0.018287352,2267.477874450882,2268.681182496006,-149.7,0.6108,299.5,0.6058822769778833,long_nclose,181.46174195487606,0.08002800997510102,4.0
1695611160000.0,964518,1695611160000.0,0.4907887576072449,-0.012191568,2267.9564716404893,2269.637490928006,-99.8,0.6108,199.7,0.6058822769778833,long_nclose,120.99469071248329,0.05334965296973436,21.0
1695611280000.0,964520,1695611280000.0,1.029708757607241,-0.012299352,2268.9738810460967,2270.0146115760062,-99.8,0.6162,99.9,0.6058822769778833,long_nclose,60.52763947009055,0.026676216934760237,2.0
1695611400000.0,964522,1695611400000.0,0.5148543788036205,-0.006149676,2269.4825857489004,2269.993471900006,-49.9,0.6162,50.0,0.6058822769778833,long_nclose,30.294113848894167,0.013348467196498666,2.0
1695611460000.0,964523,1695611460000.0,0.25794307555291607,-0.003081,2269.7374478244533,2269.932890900006,-25.0,0.6162,25.0,0.6058822769778833,long_nclose,15.147056924447083,0.0066734841683850086,1.0
1695611940000.0,964531,1695611940000.0,0.040817101083568466,-0.001013928,2269.777250997537,2269.8493569720063,-8.3,0.6108,16.7,0.6058822769778833,long_nclose,10.11823402553065,0.004457809250261813,8.0
1695632160000.0,964868,1695632160000.0,0.027047476621641753,-0.00067188,2269.8036265941587,2269.8587050920064,-5.5,0.6108,11.2,0.6058822769778833,long_nclose,6.785881502152293,0.002989633738639545,337.0
1695632280000.0,964870,1695632280000.0,0.018195575181831725,-0.000451992,2269.8213701773407,2269.8582531000066,-3.7,0.6108,7.5,0.6058822769778833,long_nclose,4.544117077334125,0.00200197122867827,2.0
1695647820000.0,965129,1695647820000.0,0.012294307555291706,-0.00030540000000000005,2269.833359084896,2269.858947700007,-2.5,0.6108,5.0,0.6058822769778833,long_nclose,3.029411384889417,0.0013346404363846127,259.0
1695647940000.0,965131,1695647940000.0,0.007868356835386692,-0.00019545600000000002,2269.8410319857317,2269.861832244007,-1.6,0.6108,3.4,0.6058822769778833,long_nclose,2.0599997417248033,0.0009075524288688392,2.0
1695648840000.0,965146,1695648840000.0,0.017540129137598292,-0.000209508,2269.8583626068694,2269.877432736007,-1.7,0.6162,1.7,0.6058822769778833,long_nclose,1.0299998708624016,0.00045377274980253627,15.0
1695649620000.0,965159,1695649620000.0,0.002458861511058341,-6.108e-05,2269.8607603883806,2269.8671416560073,-0.5,0.6108,1.2,0.6058822769778833,long_nclose,0.72705873237346,0.000320309837969558,13.0
1695659880000.0,965330,1695659880000.0,0.001967089208846673,-4.8864000000000005e-05,2269.8626786135897,2269.8651727920073,-0.4,0.6108,0.8,0.6058822769778833,long_nclose,0.4847058215823067,0.000213539711520505,171.0
1695660060000.0,965333,1695660060000.0,0.0009835446044233365,-2.4432000000000003e-05,2269.863637726194,2269.8667683600074,-0.2,0.6108,0.6,0.6058822769778833,long_nclose,0.36352936618673,0.00016015471596826438,3.0
1695660180000.0,965335,1695660180000.0,0.0009835446044233365,-2.4432000000000003e-05,2269.8645968387987,2269.8667239280076,-0.2,0.6108,0.4,0.6058822769778833,long_nclose,0.24235291079115334,0.00010676976553080482,2.0
1695660360000.0,965338,1695660360000.0,0.0004917723022116683,-1.2216000000000001e-05,2269.865076395101,2269.8662817120075,-0.1,0.6108,0.3,0.6058822769778833,long_nclose,0.181764683093365,8.007730723010004e-05,3.0
1695661260000.0,965353,1695661260000.0,0.0004917723022116683,-1.2216000000000001e-05,2269.865555951403,2269.8665394960076,-0.1,0.6108,0.2,0.6058822769778833,long_nclose,0.12117645539557667,5.3384860208069085e-05,15.0
1695661320000.0,965354,1695661320000.0,0.0004917723022116683,-1.2216000000000001e-05,2269.8660355077054,2269.8665872800075,-0.1,0.6108,0.1,0.6058822769778833,long_nclose,0.060588227697788336,2.6692424464704783e-05,1.0
1695662280000.0,965370,1695662280000.0,0.0010317723022116644,-1.2324000000000001e-05,2269.8670549560075,2269.8670549560075,-0.1,0.6162,0.0,0.6058822769778833,long_nclose,0.0,0.0,16.0
1695805680000.0,967760,1695805680000.0,0.0,-0.0181545,2269.8489004560074,2269.8976504560073,162.5,0.5586,162.5,0.5586,long_ientry_normal,90.7725,0.03999054738038466,2390.0
1695816900000.0,967947,1695816900000.0,0.24345000000000322,-0.006092742000000001,2270.0862577140074,2270.6499377140076,-54.1,0.5631,108.4,0.5586,long_nclose,60.552240000000005,0.026673982010259174,187.0
1695817320000.0,967954,1695817320000.0,0.5203200000000029,-0.0061592880000000015,2270.6004184260073,2271.088218426007,-54.2,0.5682,54.2,0.5586,long_nclose,30.276120000000002,0.013333970941918339,7.0
1695817440000.0,967956,1695817440000.0,0.26016000000000145,-0.0030796440000000007,2270.857498782007,2271.093268782007,-27.1,0.5682,27.1,0.5586,long_nclose,15.138060000000001,0.006666230711578962,2.0
1695817500000.0,967957,1695817500000.0,0.12960000000000071,-0.00153414,2270.9855646420074,2271.1338046420074,-13.5,0.5682,13.6,0.5586,long_nclose,7.596959999999999,0.0033452260191700364,1.0
1695817980000.0,967965,1695817980000.0,0.19856000000000076,-0.0015591040000000002,2271.182565538007,2271.182565538007,-13.6,0.5732,0.0,0.5586,long_nclose,0.0,0.0,8.0
1696271940000.0,975531,1696271940000.0,0.0,-0.018174066,2271.164391472007,2269.315331472007,156.7,0.5799,156.7,0.5799,long_ientry_normal,90.87033,0.04001045910248017,7566.0
1696335360000.0,976588,1696335360000.0,0.0,-0.018418999999999998,2271.145972472007,2268.4594724720073,163.0,0.565,319.7,0.5723031904910854,long_rentry,182.96533,0.08056079715600717,1057.0
1696379460000.0,977323,1696379460000.0,0.0,-0.018334164,2271.127638308007,2264.8273383080073,165.8,0.5529,485.5,0.5656769309989701,long_rentry,274.63615,0.12092501776104678,735.0
1696413480000.0,977890,1696413480000.0,0.7480125643666433,-0.018454908000000003,2271.8571959643737,2273.386053400007,-161.8,0.5703,323.7,0.5656769309989701,long_nclose,183.10962256436662,0.08059908998225523,567.0
1696413720000.0,977894,1696413720000.0,0.49882914521112987,-0.012307074000000003,2272.3437180355845,2273.470856326007,-107.9,0.5703,215.8,0.5656769309989701,long_nclose,122.07308170957775,0.05372122216400807,4.0
1696413900000.0,977897,1696413900000.0,0.33239866117405226,-0.008200914000000002,2272.6679157827584,2273.3763454120067,-71.9,0.5703,143.9,0.5656769309989701,long_nclose,81.4009103707518,0.035817336006486226,3.0
1696419840000.0,977996,1696419840000.0,0.22144500514933382,-0.005463474,2272.8838973139077,2273.3469119380065,-47.9,0.5703,96.0,0.5656769309989701,long_nclose,54.304985375901126,0.023892547014864558,99.0
1696420620000.0,978009,1696420620000.0,0.14793820803295787,-0.0036499200000000005,2273.0281856019405,2273.3624620180067,-32.0,0.5703,64.0,0.5656769309989701,long_nclose,36.203323583934086,0.01592735356880177,13.0
1696420980000.0,978015,1696420980000.0,0.09847136972193758,-0.0024294780000000005,2273.1242274936626,2273.3259025400066,-21.3,0.5703,42.7,0.5656769309989701,long_nclose,24.154404953656023,0.010626082227053895,6.0
1696421580000.0,978025,1696421580000.0,0.06564757981462506,-0.001619652,2273.188255421477,2273.3314128880065,-14.2,0.5703,28.5,0.5656769309989701,long_nclose,16.121792533470646,0.0070921501969846605,10.0
1696425120000.0,978084,1696425120000.0,0.04391915550978437,-0.00108357,2273.231091006987,2273.318929318006,-9.5,0.5703,19.0,0.5656769309989701,long_nclose,10.747861688980432,0.004728011037460951,59.0
1696425180000.0,978085,1696425180000.0,0.029125334706488582,-0.0007185780000000001,2273.259497763693,2273.3194807400064,-6.3,0.5703,12.7,0.5656769309989701,long_nclose,7.1840970236869195,0.0031602626232307557,1.0
1696425360000.0,978088,1696425360000.0,0.01941688980432572,-0.0004790520000000001,2273.278435601497,2273.315181688006,-4.2,0.5703,8.5,0.5656769309989701,long_nclose,4.808253913491246,0.0021151187809596264,3.0
1696425480000.0,978090,1696425480000.0,0.012944593202883813,-0.000319368,2273.2910608267002,2273.312852320006,-2.8,0.5703,5.7,0.5656769309989701,long_nclose,3.22435850669413,0.0014183658935084038,2.0
1696426380000.0,978105,1696426380000.0,0.008783831101956874,-0.00021671399999999999,2273.299627943802,2273.317195606006,-1.9,0.5703,3.8,0.5656769309989701,long_nclose,2.1495723377960863,0.0009455736988530513,15.0
1696426440000.0,978106,1696426440000.0,0.0055476828012359205,-0.00013687200000000001,2273.305038754603,2273.315498734006,-1.2,0.5703,2.6,0.5656769309989701,long_nclose,1.4707600205973224,0.0006469699382723651,1.0
1696432260000.0,978203,1696432260000.0,0.003698455200823947,-9.1248e-05,2273.308645961804,2273.318407486006,-0.8,0.5703,1.8,0.5656769309989701,long_nclose,1.0182184757981463,0.0004479015542420342,97.0
1696433280000.0,978220,1696433280000.0,0.0027738414006179602,-6.843600000000001e-05,2273.311351367204,2273.3168990500053,-0.6,0.5703,1.2,0.5656769309989701,long_nclose,0.6788123171987641,0.0002986006808044644,17.0
1696433340000.0,978221,1696433340000.0,0.0018492276004119736,-4.5624e-05,2273.3131549708046,2273.3173334260055,-0.4,0.5703,0.8,0.5656769309989701,long_nclose,0.4525415447991761,0.0001990669626002265,1.0
1696433460000.0,978223,1696433460000.0,0.0009246138002059868,-2.2812e-05,2273.3140567726045,2273.3171306140052,-0.2,0.5703,0.6,0.5656769309989701,long_nclose,0.33940615859938206,0.0001493001627242092,2.0
1696434000000.0,978232,1696434000000.0,0.0009246138002059868,-2.2812e-05,2273.3149585744045,2273.3168478020048,-0.2,0.5703,0.4,0.5656769309989701,long_nclose,0.22627077239958804,9.953340233219703e-05,9.0
1696437300000.0,978287,1696437300000.0,0.0004623069001029934,-1.1406e-05,2273.315409475305,2273.317276396005,-0.1,0.5703,0.3,0.5656769309989701,long_nclose,0.16970307929969103,7.465003694267815e-05,55.0
1696438080000.0,978300,1696438080000.0,0.0004623069001029934,-1.1406e-05,2273.3158603762054,2273.3168849900057,-0.1,0.5703,0.2,0.5656769309989701,long_nclose,0.11313538619979402,4.976668142414294e-05,13.0
1696438200000.0,978302,1696438200000.0,0.0004623069001029934,-1.1406e-05,2273.316311277106,2273.316783584006,-0.1,0.5703,0.1,0.5656769309989701,long_nclose,0.05656769309989701,2.488333577658551e-05,2.0
1696439280000.0,978320,1696439280000.0,0.0004623069001029934,-1.1406e-05,2273.3167621780062,2273.3167621780062,-0.1,0.5703,0.0,0.5656769309989701,long_nclose,0.0,0.0,18.0
1696844940000.0,985081,1696844940000.0,0.0,-0.018191296,2273.298570882006,2273.179850882006,169.6,0.5363,169.6,0.5363,long_ientry_normal,90.95648,0.04001079363926677,6761.0
1696845000000.0,985082,1696845000000.0,0.0,-0.018182999999999998,2273.280387882006,2273.688707882006,174.0,0.5225,343.6,0.5293116414435389,long_rentry,181.87148,0.0800039805777975,1.0
1696845060000.0,985083,1696845060000.0,0.4910170547147886,-0.01221944,2273.7591854967204,2274.9249284420057,-114.5,0.5336,229.1,0.5293116414435389,long_nclose,121.26529705471476,0.05333251552240499,1.0
1696845180000.0,985085,1696845180000.0,0.32720175785797706,-0.008142736,2274.0782445185782,2274.6418257060054,-76.3,0.5336,152.8,0.5293116414435389,long_nclose,80.87881881257276,0.03556553913987898,2.0
1696845780000.0,985095,1696845780000.0,0.21827745052386674,-0.005432048,2274.2910899211024,2274.8095936580057,-50.9,0.5336,101.9,0.5293116414435389,long_nclose,53.93685626309662,0.023715898330748747,10.0
1696845840000.0,985096,1696845840000.0,0.0,-0.007299903999999999,2274.2837900171025,2274.734213754006,68.3,0.5344,170.2,0.5313535620628473,long_ientry_partial,90.4363762630966,0.03976477195153228,1.0
1696846320000.0,985104,1696846320000.0,0.24644303103655324,-0.006074838,2274.524158210139,2275.0288289160058,-56.7,0.5357,113.5,0.5313535620628473,long_nclose,60.308629294133176,0.026514833476902283,8.0
1696846560000.0,985108,1696846560000.0,0.1642953540243688,-0.004049891999999999,2274.6844036721636,2275.066419024006,-37.8,0.5357,75.7,0.5313535620628473,long_nclose,40.223464648157545,0.01768309686531561,4.0
1696846860000.0,985113,1696846860000.0,0.0,-0.01010205,2274.6743016221635,2274.895466974006,94.5,0.5345,170.2,0.5331005560996331,long_ientry_partial,90.73371464815756,0.03988866211899068,5.0
1696851300000.0,985187,1696851300000.0,0.24377846915080043,-0.006094116000000001,2274.911985975314,2275.3999728580056,-56.7,0.5374,113.5,0.5331005560996331,long_nclose,60.50691311730836,0.026597474315634882,74.0
1696854180000.0,985235,1696854180000.0,0.16251897943386695,-0.004062743999999999,2275.0704422107483,2275.4110501140062,-37.8,0.5374,75.7,0.5331005560996331,long_nclose,40.35571209674223,0.017738225308543625,48.0
1696854300000.0,985237,1696854300000.0,0.10834598628924463,-0.002708496,2275.1760797010375,2275.408351618006,-25.2,0.5374,50.5,0.5331005560996331,long_nclose,26.921578083031473,0.011832744868946152,2.0
1696854420000.0,985239,1696854420000.0,0.07223065752616309,-0.0018056640000000002,2275.2465046945636,2275.401505954006,-16.8,0.5374,33.7,0.5331005560996331,long_nclose,17.96548874055764,0.007896062560029901,2.0
1696855260000.0,985253,1696855260000.0,0.048153771684108726,-0.001203776,2275.293454690248,2275.385692178006,-11.2,0.5374,22.5,0.5331005560996331,long_nclose,11.994762512241746,0.005271743074510219,14.0
1696855620000.0,985259,1696855620000.0,0.03224582925275138,-0.0008061,2275.3248944195007,2275.390886078006,-7.5,0.5374,15.0,0.5331005560996331,long_nclose,7.996508341494497,0.0035144468208064992,6.0
1696855860000.0,985263,1696855860000.0,0.021497219501834253,-0.0005373999999999999,2275.345854239002,2275.390848678006,-5.0,0.5374,10.0,0.5331005560996331,long_nclose,5.331005560996331,0.0023429429645012386,4.0
1696857780000.0,985295,1696857780000.0,0.014188164871210607,-0.00035468399999999997,2275.3596877198734,2275.390503994006,-3.3,0.5374,6.7,0.5331005560996331,long_nclose,3.571773725867542,0.0015697622424904604,32.0
1696858140000.0,985301,1696858140000.0,0.009458776580807071,-0.00023645600000000001,2275.368910040454,2275.3891575380057,-2.2,0.5374,4.5,0.5331005560996331,long_nclose,2.398952502448349,0.0010543136507941905,6.0
1696858260000.0,985303,1696858260000.0,0.006449165850550276,-0.00016122,2275.3751979863046,2275.3892963180056,-1.5,0.5374,3.0,0.5331005560996331,long_nclose,1.5993016682988994,0.0007028738248154736,2.0
1696859280000.0,985320,1696859280000.0,0.0042994439003668505,-0.00010748000000000001,2275.3793899502048,2275.3885888380055,-1.0,0.5374,2.0,0.5331005560996331,long_nclose,1.0662011121992663,0.0004685816866006681,17.0
1696859640000.0,985326,1696859640000.0,0.0025796663402201103,-6.448800000000001e-05,2275.381905128545,2275.3886243500056,-0.6,0.5374,1.4,0.5331005560996331,long_nclose,0.7463407785394863,0.0003280068180454844,6.0
1696859820000.0,985329,1696859820000.0,0.0017197775601467402,-4.2992000000000004e-05,2275.383581914105,2275.3880813580054,-0.4,0.5374,1.0,0.5331005560996331,long_nclose,0.5331005560996331,0.00023429041166376735,3.0
1696860240000.0,985336,1696860240000.0,0.0012898331701100552,-3.2244000000000005e-05,2275.384839503275,2275.3879191140054,-0.3,0.5374,0.7,0.5331005560996331,long_nclose,0.37317038926974316,0.0001640031975211752,7.0
1696860360000.0,985338,1696860360000.0,0.0008598887800733701,-2.1496000000000002e-05,2275.3856778960553,2275.3877276180056,-0.2,0.5374,0.5,0.5331005560996331,long_nclose,0.26655027804981657,0.00011714509792304018,2.0
1696860540000.0,985341,1696860540000.0,0.00042994439003668505,-1.0748000000000001e-05,2275.386097092445,2275.387856870005,-0.1,0.5374,0.4,0.5331005560996331,long_nclose,0.21324022243985327,9.371606107303629e-05,3.0
1696860780000.0,985345,1696860780000.0,0.00042994439003668505,-1.0748000000000001e-05,2275.386516288835,2275.3878961220053,-0.1,0.5374,0.3,0.5331005560996331,long_nclose,0.15993016682988995,7.028703285573509e-05,4.0
1696862820000.0,985379,1696862820000.0,0.00042994439003668505,-1.0748000000000001e-05,2275.386935485225,2275.387755374005,-0.1,0.5374,0.2,0.5331005560996331,long_nclose,0.10662011121992664,4.6858013271131824e-05,34.0
1696862880000.0,985380,1696862880000.0,0.00042994439003668505,-1.0748000000000001e-05,2275.387354681615,2275.3878046260047,-0.1,0.5374,0.1,0.5331005560996331,long_nclose,0.05331005560996332,2.3429002319221714e-05,1.0
1696863300000.0,985387,1696863300000.0,0.00042994439003668505,-1.0748000000000001e-05,2275.3877738780047,2275.3877738780047,-0.1,0.5374,0.0,0.5331005560996331,long_nclose,0.0,0.0,7.0
1696869840000.0,985496,1696869840000.0,0.0,-0.018200224,2275.369573654005,2276.1160536540046,173.6,0.5242,173.6,0.5242,long_ientry_normal,91.00112,0.03999399528484586,109.0
1696869960000.0,985498,1696869960000.0,0.24275999999999892,-0.006108304,2275.606225350005,2276.231545350005,-57.8,0.5284,115.8,0.5242,long_nclose,60.70236,0.02667524781914478,2.0
1696873680000.0,985560,1696873680000.0,0.5211000000000005,-0.006174456,2276.121150894005,2276.653830894005,-57.9,0.5332,57.9,0.5242,long_nclose,30.35118,0.013334606546790707,62.0
1696874040000.0,985566,1696874040000.0,0.2601000000000002,-0.003081896,2276.378168998005,2276.647868998005,-28.9,0.5332,29.0,0.5242,long_nclose,15.2018,0.0066780643950259755,6.0
1696874400000.0,985572,1696874400000.0,0.13050000000000012,-0.0015462800000000001,2276.507122718005,2276.6405227180053,-14.5,0.5332,14.5,0.5242,long_nclose,7.6009,0.0033388430566055104,6.0
1696878420000.0,985639,1696878420000.0,0.19865000000000066,-0.0015599100000000003,2276.7042128080047,2276.7042128080047,-14.5,0.5379,0.0,0.5242,long_nclose,0.0,0.0,67.0
1696991640000.0,987526,1696991640000.0,0.0,-0.018216,2276.685996808005,2275.964396808005,176.0,0.5175,176.0,0.5175,long_ientry_normal,91.08,0.040005516846722565,1887.0
1697038020000.0,988299,1697038020000.0,0.0,-0.018373048,2276.667623760005,2275.437243760005,182.2,0.5042,358.2,0.510734896705751,long_rentry,182.94524,0.08035658700933201,773.0
1697047380000.0,988455,1697047380000.0,0.4973133333333327,-0.012295812000000001,2277.152641281338,2277.884587948005,-119.4,0.5149,238.8,0.510734896705751,long_nclose,121.96349333333335,0.05355964774706772,156.0
1697049120000.0,988484,1697049120000.0,0.33154222222222174,-0.008197208,2277.4759862955602,2278.1390707400046,-79.6,0.5149,159.2,0.510734896705751,long_nclose,81.30899555555555,0.035701362405058376,29.0
1697049300000.0,988487,1697049300000.0,0.22075047459519792,-0.0054579400000000005,2277.6912788301556,2278.122992800005,-53.0,0.5149,106.2,0.510734896705751,long_nclose,54.24004603015076,0.02381360746044959,3.0
1697049360000.0,988488,1697049360000.0,0.1474446566164152,-0.003645492,2277.835077994772,2278.1158073080046,-35.4,0.5149,70.8,0.510734896705751,long_nclose,36.16003068676717,0.01587473607553697,1.0
1697049540000.0,988491,1697049540000.0,0.09829643774427682,-0.0024303280000000003,2277.930944104516,2278.141696980005,-23.6,0.5149,47.2,0.510734896705751,long_nclose,24.10668712451145,0.010582711994365614,3.0
1697050920000.0,988514,1697050920000.0,0.06539212171970957,-0.0016167860000000003,2277.994719440236,2278.135370194005,-15.7,0.5149,31.5,0.510734896705751,long_nclose,16.088149246231158,0.007062417269423892,23.0
1697054760000.0,988578,1697054760000.0,0.13761212171970857,-0.0016312299999999998,2278.1307003319557,2278.254968964005,-15.7,0.5195,15.8,0.510734896705751,long_nclose,8.069611367950866,0.003542207375009261,64.0
1697055960000.0,988598,1697055960000.0,0.06924431602456675,-0.00082081,2278.1991238379806,2278.267578154005,-7.9,0.5195,7.9,0.510734896705751,long_nclose,4.034805683975433,0.0017710504941193094,20.0
1697056020000.0,988599,1697056020000.0,0.034183902847570925,-0.00040521,2278.232902530828,2278.267562944005,-3.9,0.5195,4.0,0.510734896705751,long_nclose,2.042939586823004,0.0008967211317831276,1.0
1697056500000.0,988607,1697056500000.0,0.01753020658849791,-0.00020779999999999998,2278.2502249374165,2278.268755144005,-2.0,0.5195,2.0,0.510734896705751,long_nclose,1.021469793411502,0.00044835715683493976,8.0
1697057220000.0,988619,1697057220000.0,0.008765103294248955,-0.00010389999999999999,2278.2588861407107,2278.267751244005,-1.0,0.5195,1.0,0.510734896705751,long_nclose,0.510734896705751,0.00022417772616303397,12.0
1697057880000.0,988630,1697057880000.0,0.013365103294249003,-0.00010482,2278.272146424005,2278.272146424005,-1.0,0.5241,0.0,0.510734896705751,long_nclose,0.0,0.0,11.0
1697550480000.0,996840,1697550480000.0,0.0,-0.018228294000000003,2278.253918130005,2278.707098130005,174.3,0.5229,174.3,0.5229,long_ientry_normal,91.14147000000001,0.04000496576554079,8210.0
1697550540000.0,996841,1697550540000.0,0.24401999999999893,-0.006124902000000001,2278.491813228005,2279.200633228005,-58.1,0.5271,116.2,0.5229,long_nclose,60.76098,0.02666719259083849,1.0
1697551560000.0,996858,1697551560000.0,0.5170900000000012,-0.006179516000000001,2279.002723712005,2279.537243712005,-58.1,0.5318,58.1,0.5229,long_nclose,30.38049,0.013330607148427065,17.0
1697552220000.0,996869,1697552220000.0,0.25810000000000055,-0.0030844400000000004,2279.257739272005,2279.516729272005,-29.0,0.5318,29.1,0.5229,long_nclose,15.216390000000002,0.0066760286639895835,11.0
1697552280000.0,996870,1697552280000.0,0.12905000000000028,-0.0015422200000000002,2279.385247052005,2279.510807052005,-14.5,0.5318,14.6,0.5229,long_nclose,7.63434,0.0033492978029377495,1.0
1697552340000.0,996871,1697552340000.0,0.06497000000000014,-0.000776428,2279.449440624005,2279.515870624005,-7.3,0.5318,7.3,0.5229,long_nclose,3.81717,0.0016746017402145318,1.0
1697552640000.0,996876,1697552640000.0,0.03204000000000007,-0.00038289600000000003,2279.4810977280054,2279.5132877280053,-3.6,0.5318,3.7,0.5229,long_nclose,1.9347300000000003,0.0008487589574348197,5.0
1697552700000.0,996877,1697552700000.0,0.016020000000000034,-0.00019144800000000001,2279.4969262800055,2279.5136462800056,-1.8,0.5318,1.9,0.5229,long_nclose,0.99351,0.0004358461678741306,1.0
1697553600000.0,996892,1697553600000.0,0.008010000000000017,-9.572400000000001e-05,2279.5048405560055,2279.5133405560055,-0.9,0.5318,1.0,0.5229,long_nclose,0.5229,0.00022939192349881427,15.0
1697556480000.0,996940,1697556480000.0,0.0044500000000000095,-5.318000000000001e-05,2279.5092373760053,2279.5137373760053,-0.5,0.5318,0.5,0.5229,long_nclose,0.26145,0.00011469574051867455,48.0
1697556600000.0,996942,1697556600000.0,0.0017800000000000038,-2.1272000000000002e-05,2279.5109961040052,2279.5136361040054,-0.2,0.5318,0.3,0.5229,long_nclose,0.15687,6.881739121597228e-05,2.0
1697556660000.0,996943,1697556660000.0,0.0008900000000000019,-1.0636000000000001e-05,2279.511875468005,2279.513695468005,-0.1,0.5318,0.2,0.5229,long_nclose,0.10458,4.587824311225786e-05,1.0
1697566680000.0,997110,1697566680000.0,0.0008900000000000019,-1.0636000000000001e-05,2279.512754832005,2279.513654832005,-0.1,0.5318,0.1,0.5229,long_nclose,0.05229,2.293911270694059e-05,167.0
1697567640000.0,997126,1697567640000.0,0.0008900000000000019,-1.0636000000000001e-05,2279.513634196005,2279.513634196005,-0.1,0.5318,0.0,0.5229,long_nclose,0.0,0.0,16.0
1698161400000.0,1007022,1698161400000.0,0.0,-0.018239232,2279.4953949640053,2279.6599549640055,149.6,0.6096,149.6,0.6096,long_ientry_normal,91.19616,0.040007170096274774,9896.0
1698161460000.0,1007023,1698161460000.0,0.24402000000000076,-0.0061204200000000005,2279.7332945440053,2280.252254544005,-49.8,0.6145,99.8,0.6096,long_nclose,60.83808,0.02668649010197875,1.0
1698161580000.0,1007025,1698161580000.0,0.5189599999999982,-0.0061876,2280.246066944005,2280.8199169440054,-49.9,0.62,49.9,0.6096,long_nclose,30.41904,0.013340244476670765,2.0
1698161880000.0,1007030,1698161880000.0,0.08134000000000026,-0.00204014,2280.325366804005,2280.565126804005,-16.6,0.6145,33.3,0.6096,long_nclose,20.29968,0.0089020980494775,5.0
1698161940000.0,1007031,1698161940000.0,0.0,-0.014186832000000002,2280.311179972005,2280.379369972005,116.4,0.6094,149.7,0.609444488977956,long_ientry_partial,91.23384,0.04000938152709494,1.0
1698162000000.0,1007032,1698162000000.0,0.2472799999999929,-0.006131712,2280.552328260005,2280.9470882600053,-49.9,0.6144,99.8,0.609444488977956,long_nclose,60.82256000000001,0.026670100591993803,1.0
1698162120000.0,1007034,1698162120000.0,0.16452296593185903,-0.004079616,2280.712771609937,2281.1094086440053,-33.2,0.6144,66.6,0.609444488977956,long_nclose,40.58900296593187,0.017796630716142486,2.0
1698162240000.0,1007036,1698162240000.0,0.1100123446893756,-0.002727936,2280.8200560186265,2281.0267607080054,-22.2,0.6144,44.4,0.609444488977956,long_nclose,27.059335310621247,0.011863862403005923,2.0
1698162300000.0,1007037,1698162300000.0,0.0733415631262504,-0.0018186239999999998,2280.8915789577527,2281.058982084005,-14.8,0.6144,29.6,0.609444488977956,long_nclose,18.039556873747497,0.007908993588371537,1.0
1698162480000.0,1007040,1698162480000.0,0.15474156312625129,-0.0018349040000000003,2281.044485616879,2281.177027180005,-14.8,0.6199,14.8,0.609444488977956,long_nclose,9.019778436873748,0.00395423170996793,3.0
1698162600000.0,1007042,1698162600000.0,0.07737078156312564,-0.0009174520000000001,2281.120938946442,2281.1990497280053,-7.4,0.6199,7.4,0.609444488977956,long_nclose,4.509889218436874,0.001977049590592865,2.0
1698163620000.0,1007059,1698163620000.0,0.01189322645290547,-0.000294912,2281.132537260895,2281.169814816005,-2.4,0.6144,5.0,0.609444488977956,long_nclose,3.04722244488978,0.0013358375259285807,17.0
1698163800000.0,1007062,1698163800000.0,0.026138777555110015,-0.00030995,2281.15836608845,2281.189254866005,-2.5,0.6199,2.5,0.609444488977956,long_nclose,1.52361122244489,0.0006679112003334771,3.0
1698164280000.0,1007070,1698164280000.0,0.03988877755510989,-0.0003127,2281.197942166005,2281.197942166005,-2.5,0.6254,0.0,0.609444488977956,long_nclose,0.0,0.0,8.0
1698219960000.0,1007998,1698219960000.0,0.0,-0.018245856,2281.179696310005,2281.090416310005,148.8,0.6131,148.8,0.6131,long_ientry_normal,91.22928,0.03999214974057977,928.0
1698220020000.0,1007999,1698220020000.0,0.24800000000000022,-0.006131552,2281.421564758005,2281.987004758005,-49.6,0.6181,99.2,0.6131,long_nclose,60.81952,0.026658606607170933,1.0
1698220200000.0,1008002,1698220200000.0,0.16500000000000015,-0.00407946,2281.582485298005,2281.953205298005,-33.0,0.6181,66.2,0.6131,long_nclose,40.58722,0.017789065379636614,3.0
1698220320000.0,1008004,1698220320000.0,0.1100000000000001,-0.00271964,2281.689765658005,2281.941705658005,-22.0,0.6181,44.2,0.6131,long_nclose,27.09902,0.011876732940591094,2.0
1698221460000.0,1008023,1698221460000.0,0.07350000000000007,-0.001817214,2281.761448444005,2281.8941984440053,-14.7,0.6181,29.5,0.6131,long_nclose,18.08645,0.00792652974846851,19.0
1698221880000.0,1008030,1698221880000.0,0.04900000000000005,-0.0012114760000000002,2281.809236968005,2281.886066968005,-9.8,0.6181,19.7,0.6131,long_nclose,12.078069999999999,0.005293198837273949,7.0
1698222240000.0,1008036,1698222240000.0,0.03250000000000003,-0.00080353,2281.8409334380044,2281.9135334380044,-6.5,0.6181,13.2,0.6131,long_nclose,8.09292,0.003546662644799941,6.0
1698223140000.0,1008051,1698223140000.0,0.06930000000000043,-0.0008231520000000001,2281.9094102860045,2281.9787102860046,-6.6,0.6236,6.6,0.6131,long_nclose,4.04646,0.0017732781072552894,15.0
1698223200000.0,1008052,1698223200000.0,0.034650000000000215,-0.00041157600000000003,2281.9436487100047,2281.975988710005,-3.3,0.6236,3.3,0.6131,long_nclose,2.02323,0.0008866257504403068,1.0
1698223380000.0,1008055,1698223380000.0,0.016800000000000103,-0.00019955200000000003,2281.9602491580044,2281.9782691580044,-1.6,0.6236,1.7,0.6131,long_nclose,1.04227,0.0004567432760428565,3.0
1698225180000.0,1008085,1698225180000.0,0.008400000000000052,-9.977600000000002e-05,2281.9685493820048,2281.978359382005,-0.8,0.6236,0.9,0.6131,long_nclose,0.55179,0.00024180438426701104,30.0
1698225300000.0,1008087,1698225300000.0,0.004200000000000026,-4.988800000000001e-05,2281.9726994940047,2281.9789994940047,-0.4,0.6236,0.5,0.6131,long_nclose,0.30655,0.00013433552472734363,2.0
1698226080000.0,1008100,1698226080000.0,0.002100000000000013,-2.4944000000000004e-05,2281.974774550005,2281.978674550005,-0.2,0.6236,0.3,0.6131,long_nclose,0.18392999999999998,8.06012415436407e-05,13.0
1698227400000.0,1008122,1698227400000.0,0.0010500000000000064,-1.2472000000000002e-05,2281.9758120780048,2281.977932078005,-0.1,0.6236,0.2,0.6131,long_nclose,0.12262,5.373413659820531e-05,22.0
1698227640000.0,1008126,1698227640000.0,0.0010500000000000064,-1.2472000000000002e-05,2281.9768496060046,2281.977869606005,-0.1,0.6236,0.1,0.6131,long_nclose,0.06131,2.6867056083669517e-05,4.0
1698229740000.0,1008161,1698229740000.0,0.0010500000000000064,-1.2472000000000002e-05,2281.9778871340045,2281.9778871340045,-0.1,0.6236,0.0,0.6131,long_nclose,0.0,0.0,35.0
1698330720000.0,1009844,1698330720000.0,0.0,-0.018261936000000003,2281.9596251980047,2282.7501851980046,146.4,0.6237,146.4,0.6237,long_ientry_normal,91.30968000000001,0.04001371408667106,1683.0
1698330840000.0,1009846,1698330840000.0,0.2440000000000002,-0.006136112,2282.1974890860047,2282.4512490860047,-48.8,0.6287,97.6,0.6237,long_nclose,60.87312,0.026673029083201308,2.0
1698331080000.0,1009850,1698331080000.0,0.0,-0.006086336,2282.1914027500047,2281.859562750005,48.8,0.6236,146.4,0.6236666666666667,long_ientry_partial,91.30480000000001,0.04000751202987583,4.0
1698331680000.0,1009860,1698331680000.0,0.2456266666666667,-0.006136112,2282.4308933046714,2282.941666638005,-48.8,0.6287,97.6,0.6236666666666667,long_nclose,60.86986666666667,0.026668876085240326,10.0
1698331920000.0,1009864,1698331920000.0,0.16358333333333336,-0.00408655,2282.590390088005,2282.931080088005,-32.5,0.6287,65.1,0.6236666666666667,long_nclose,40.600699999999996,0.017787115978541664,4.0
1698333540000.0,1009891,1698333540000.0,0.0,-0.01014838,2282.580241708005,2282.422841708005,81.5,0.6226,146.6,0.6230736698499318,long_ientry_partial,91.3426,0.040017256931852846,27.0
1698335760000.0,1009928,1698335760000.0,0.2452849113233256,-0.006130256,2282.8193963633285,2283.408771452005,-48.8,0.6281,97.8,0.6230736698499318,long_nclose,60.936604911323336,0.02669357243433234,37.0
1698336720000.0,1009944,1698336720000.0,0.16385836289222164,-0.004095212,2282.979159514221,2283.3199162400056,-32.6,0.6281,65.2,0.6230736698499318,long_nclose,40.62440327421556,0.017794469609989667,16.0
1698336900000.0,1009947,1698336900000.0,0.1090713642564788,-0.002725954,2283.0855049244774,2283.2954502860052,-21.7,0.6281,43.5,0.6230736698499318,long_nclose,27.103704638472035,0.011871524119447556,3.0
1698336960000.0,1009948,1698336960000.0,0.07288178717598814,-0.00182149,2283.156565221653,2283.3371287960053,-14.5,0.6281,29.0,0.6230736698499318,long_nclose,18.069136425648022,0.007914103089068637,1.0
1698337260000.0,1009953,1698337260000.0,0.048252769440654215,-0.001205952,2283.203612039094,2283.295302844005,-9.6,0.6281,19.4,0.6230736698499318,long_nclose,12.087629195088677,0.005294152974947951,5.0
1698337380000.0,1009955,1698337380000.0,0.03216851296043615,-0.0008039680000000001,2283.2349765840545,2283.3224188760055,-6.4,0.6281,13.0,0.6230736698499318,long_nclose,8.099957708049114,0.0035475795488064277,2.0
1698337560000.0,1009958,1698337560000.0,0.021613219645293034,-0.000540166,2283.2560496376996,2283.322398710005,-4.3,0.6281,8.7,0.6230736698499318,long_nclose,5.420740927694407,0.002374127478411611,3.0
1698339960000.0,1009998,1698339960000.0,0.04569321964529325,-0.0005449820000000001,2283.3011978753448,2283.353673728005,-4.3,0.6337,4.4,0.6230736698499318,long_nclose,2.7415241473397005,0.0012006844081239659,40.0
1698342420000.0,1010039,1698342420000.0,0.0713958526602998,-0.0005625840000000001,2283.372031144005,2283.372031144005,-4.4,0.6393,0.0,0.6230736698499318,long_nclose,0.0,0.0,41.0
1698760320000.0,1017004,1698760320000.0,0.0,-0.018269564000000002,2283.353761580005,2283.466241580005,140.6,0.6497,140.6,0.6497,long_ientry_normal,91.34782,0.04000598660489224,6965.0
1698761520000.0,1017024,1698761520000.0,0.24803999999999865,-0.0061308000000000005,2283.595670780005,2284.120950780005,-46.8,0.655,93.8,0.6497,long_nclose,60.941860000000005,0.026686799585315453,20.0
1698762300000.0,1017037,1698762300000.0,0.1653599999999991,-0.0040872,2283.756943580005,2283.9948235800052,-31.2,0.655,62.6,0.6497,long_nclose,40.671220000000005,0.017808909181133793,13.0
1698765120000.0,1017084,1698765120000.0,0.0,-0.01018599,2283.746757590005,2283.016887590005,78.9,0.6455,141.5,0.6473580918727915,long_ientry_partial,91.60117,0.040110038337466535,47.0
1698765420000.0,1017089,1698765420000.0,0.0,-0.018265072000000004,2283.728492518005,2281.800822518005,144.8,0.6307,286.3,0.6389330422633601,long_rentry,182.92653,0.0800999464688151,5.0
1698766380000.0,1017105,1698766380000.0,0.4929277680754453,-0.012289428000000002,2284.2091308580807,2285.3100430900054,-95.4,0.6441,190.9,0.6389330422633601,long_nclose,121.97231776807546,0.05339805192104088,16.0
1698769080000.0,1017150,1698769080000.0,0.32861851205029685,-0.008192952,2284.5295564181306,2285.225500138005,-63.6,0.6441,127.3,0.6389330422633601,long_nclose,81.33617628012574,0.03560303085229116,45.0
1698769440000.0,1017156,1698769440000.0,0.21907900803353123,-0.005461968,2284.743173458164,2285.1563781700047,-42.4,0.6441,84.9,0.6389330422633601,long_nclose,54.24541528815928,0.023742456446889812,6.0
1698769500000.0,1017157,1698769500000.0,0.14622490394690882,-0.0036456060000000005,2284.885752756111,2285.1951825640044,-28.3,0.6441,56.6,0.6389330422633601,long_nclose,36.163610192106184,0.015827316594925738,1.0
1698770040000.0,1017166,1698770040000.0,0.0971388054488299,-0.0024218160000000002,2284.9804697455597,2285.183340748005,-18.8,0.6441,37.8,0.6389330422633601,long_nclose,24.15166899755501,0.010569748545922748,9.0
1698770220000.0,1017169,1698770220000.0,0.06510366748166259,-0.001623132,2285.0439502810414,2285.1691176160048,-12.6,0.6441,25.2,0.6389330422633601,long_nclose,16.101112665036673,0.007046303272659754,3.0
1698770280000.0,1017170,1698770280000.0,0.04340244498777506,-0.0010820880000000001,2285.086270638029,2285.1881955280046,-8.4,0.6441,16.8,0.6389330422633601,long_nclose,10.73407511002445,0.0046974485155990816,1.0
1698770580000.0,1017175,1698770580000.0,0.09212244498777529,-0.0010918320000000003,2285.1773012510166,2285.2627036960043,-8.4,0.6499,8.4,0.6389330422633601,long_nclose,5.367037555012225,0.002348630695777544,5.0
1698774180000.0,1017235,1698774180000.0,0.046061222493887645,-0.0005459160000000001,2285.22281655751,2285.270977780004,-4.2,0.6499,4.2,0.6389330422633601,long_nclose,2.6835187775061127,0.001174291958780895,60.0
1698774600000.0,1017242,1698774600000.0,0.023030611246943822,-0.00027295800000000007,2285.2455742107572,2285.271334822004,-2.1,0.6499,2.1,0.6389330422633601,long_nclose,1.3417593887530563,0.0005871401322881688,7.0
1698775200000.0,1017252,1698775200000.0,0.010966957736639915,-0.00012998000000000003,2285.256411188494,2285.268694842004,-1.0,0.6499,1.1,0.6389330422633601,long_nclose,0.7028263464896962,0.00030754813466388095,10.0
1698775860000.0,1017263,1698775860000.0,0.005483478868319958,-6.499000000000001e-05,2285.2618296773626,2285.2685898520044,-0.5,0.6499,0.6,0.6389330422633601,long_nclose,0.38335982535801605,0.00016775313024509735,11.0
1698776160000.0,1017268,1698776160000.0,0.0032900873209919745,-3.8994e-05,2285.2650807706837,2285.2684908580045,-0.3,0.6499,0.3,0.6389330422633601,long_nclose,0.19167991267900802,8.387644579698641e-05,5.0
1698776520000.0,1017274,1698776520000.0,0.0010966957736639916,-1.2998000000000002e-05,2285.2661644684576,2285.268517860005,-0.1,0.6499,0.2,0.6389330422633601,long_nclose,0.12778660845267203,5.591760401458296e-05,6.0
1698776700000.0,1017277,1698776700000.0,0.0010966957736639916,-1.2998000000000002e-05,2285.2672481662316,2285.2683548620053,-0.1,0.6499,0.1,0.6389330422633601,long_nclose,0.06389330422633602,2.7958788748933394e-05,3.0
1698777300000.0,1017287,1698777300000.0,0.0010966957736639916,-1.2998000000000002e-05,2285.2683318640056,2285.2683318640056,-0.1,0.6499,0.0,0.6389330422633601,long_nclose,0.0,0.0,10.0
1698942060000.0,1020033,1698942060000.0,0.0,-0.018284796000000002,2285.2500470680056,2285.9445470680057,138.9,0.6582,138.9,0.6582,long_ientry_normal,91.42398,0.04000611666863226,2746.0
1698942240000.0,1020036,1698942240000.0,0.24538999999999866,-0.00614401,2285.489293058006,2285.933773058006,-46.3,0.6635,92.6,0.6582,long_nclose,60.94932,0.026667952540897377,3.0
1698942660000.0,1020043,1698942660000.0,0.0,-0.00609308,2285.483199978006,2285.7563699780058,46.3,0.658,138.9,0.6581333333333332,long_ientry_partial,91.41471999999999,0.039997983796546704,7.0
1698942900000.0,1020047,1698942900000.0,0.24847666666667012,-0.00614401,2285.7255326346726,2286.241005968006,-46.3,0.6635,92.6,0.6581333333333332,long_nclose,60.94314666666666,0.026662495473119954,4.0
1698944040000.0,1020066,1698944040000.0,0.5216466666666709,-0.006198644,2286.240980657339,2286.702437324006,-46.3,0.6694,46.3,0.6581333333333332,long_nclose,30.47157333333333,0.013328242119329063,19.0
1698944580000.0,1020075,1698944580000.0,0.2602600000000021,-0.0030926280000000005,2286.498148029339,2286.727054696006,-23.1,0.6694,23.2,0.6581333333333332,long_nclose,15.268693333333331,0.00667776326278372,9.0
1698944940000.0,1020081,1698944940000.0,0.13069333333333438,-0.001553008,2286.6272883546726,2286.7521816880057,-11.6,0.6694,11.6,0.6581333333333332,long_nclose,7.634346666666666,0.003338693063599319,6.0
1698945660000.0,1020093,1698945660000.0,0.06534666666666719,-0.000776504,2286.6918585173394,2286.757785184006,-5.8,0.6694,5.8,0.6581333333333332,long_nclose,3.817173333333333,0.0016692993938450182,12.0
1698946200000.0,1020102,1698946200000.0,0.032673333333333596,-0.000388252,2286.7241435986725,2286.758556932006,-2.9,0.6694,2.9,0.6581333333333332,long_nclose,1.9085866666666664,0.0008346379129329863,9.0
1698946320000.0,1020104,1698946320000.0,0.015773333333333462,-0.000187432,2286.739729500006,2286.756779500006,-1.4,0.6694,1.5,0.6581333333333332,long_nclose,0.9871999999999999,0.00043170632287735275,2.0
1698948060000.0,1020133,1698948060000.0,0.02575000000000016,-0.00020259000000000002,2286.765276910006,2286.765276910006,-1.5,0.6753,0.0,0.6581333333333332,long_nclose,0.0,0.0,29.0
1698974100000.0,1020567,1698974100000.0,0.0,-0.018297960000000002,2286.746978950006,2286.746978950006,139.0,0.6582,139.0,0.6582,long_ientry_normal,91.4898,0.040008711432521014,434.0
1698974940000.0,1020581,1698974940000.0,0.24538999999999866,-0.00614401,2286.986224940006,2287.449724940006,-46.3,0.6635,92.7,0.6582,long_nclose,61.01514,0.026679277441472388,14.0
1698975000000.0,1020582,1698975000000.0,0.1637699999999991,-0.0041004299999999995,2287.145894510006,2287.4981545100063,-30.9,0.6635,61.8,0.6582,long_nclose,40.67676,0.017784943276963325,1.0
1698975120000.0,1020584,1698975120000.0,0.10917999999999942,-0.0027336200000000004,2287.252340890006,2287.511900890006,-20.6,0.6635,41.2,0.6582,long_nclose,27.11784,0.011856077055952655,2.0
1698975480000.0,1020590,1698975480000.0,0.0726099999999996,-0.00181799,2287.3231329000064,2287.4798829000065,-13.7,0.6635,27.5,0.6582,long_nclose,18.1005,0.007913398740933946,6.0
1698976680000.0,1020610,1698976680000.0,0.04822999999999974,-0.00120757,2287.370155330006,2287.480555330006,-9.1,0.6635,18.4,0.6582,long_nclose,12.11088,0.0052946743104868065,20.0
1698976920000.0,1020614,1698976920000.0,0.032329999999999824,-0.00080947,2287.401675860006,2287.479165860006,-6.1,0.6635,12.3,0.6582,long_nclose,8.09586,0.0035393259021532187,4.0
1698978300000.0,1020637,1698978300000.0,0.06831999999999992,-0.000816668,2287.469179192006,2287.540479192006,-6.1,0.6694,6.2,0.6582,long_nclose,4.08084,0.0017839978073241013,23.0
1698978420000.0,1020639,1698978420000.0,0.034719999999999966,-0.00041502800000000007,2287.503484164006,2287.539444164006,-3.1,0.6694,3.1,0.6582,long_nclose,2.04042,0.0008919855266343757,2.0
1698979440000.0,1020656,1698979440000.0,0.05331999999999998,-0.000418748,2287.556385416006,2287.556385416006,-3.1,0.6754,0.0,0.6582,long_nclose,0.0,0.0,17.0
1699244400000.0,1025072,1699244400000.0,0.0,-0.018300192,2287.538085224006,2287.507605224006,101.6,0.9006,101.6,0.9006,long_ientry_normal,91.50095999999999,0.039999753705101615,4416.0
1699248180000.0,1025135,1699248180000.0,0.0,-0.01830465,2287.519780574006,2286.037600574006,104.3,0.8775,205.9,0.88889854298203,long_rentry,183.02420999999998,0.08000989174138369,63.0
1699250760000.0,1025178,1699250760000.0,0.49401995143274446,-0.012294492,2288.0015060334385,2288.592096082006,-68.6,0.8961,137.3,0.88889854298203,long_nclose,122.04576995143273,0.053341647559933494,43.0
1699252020000.0,1025199,1699252020000.0,0.3291065857212307,-0.008190354,2288.3224222651597,2289.192755728006,-45.7,0.8961,91.6,0.88889854298203,long_nclose,81.42310653715394,0.03558200791327081,21.0
1699252140000.0,1025201,1699252140000.0,0.6962267314230279,-0.008281555999999999,2289.0103674405827,2289.596674172006,-45.8,0.9041,45.8,0.88889854298203,long_nclose,40.71155326857697,0.01778565700167531,2.0
1699254000000.0,1025232,1699254000000.0,0.0,-0.010125486000000001,2289.0002419545826,2289.2347586860055,56.7,0.8929,102.5,0.8911120318885559,long_ientry_partial,91.33898326857698,0.039903439761361674,31.0
1699262160000.0,1025368,1699262160000.0,0.24510971260024264,-0.006126406,2289.239225261183,2289.758242280006,-34.1,0.8983,68.4,0.8911120318885559,long_nclose,60.95206298117723,0.02662546679638652,136.0
1699262580000.0,1025375,1699262580000.0,0.16388567294092468,-0.004096248,2289.399014686124,2289.7131060320057,-22.8,0.8983,45.6,0.8911120318885559,long_nclose,40.63470865411815,0.01774907230825779,7.0
1699262640000.0,1025376,1699262640000.0,0.10925711529394978,-0.002730832,2289.505540969418,2289.7362152000055,-15.2,0.8983,30.4,0.8911120318885559,long_nclose,27.0898057694121,0.011832164318738354,1.0
1699264980000.0,1025415,1699264980000.0,0.07259847792558506,-0.001814566,2289.576324881343,2289.7100606340055,-10.1,0.8983,20.3,0.8911120318885559,long_nclose,18.089574247337687,0.007900839142488588,39.0
1699265160000.0,1025418,1699265160000.0,0.048159386346675236,-0.001203722,2289.62328054569,2289.7400769120054,-6.7,0.8983,13.6,0.8911120318885559,long_nclose,12.11912363368436,0.005293064469014304,3.0
1699266360000.0,1025438,1699266360000.0,0.032345856501498294,-0.00080847,2289.6548179321917,2289.723868442006,-4.5,0.8983,9.1,0.8911120318885559,long_nclose,8.109119490185858,0.003541634060591403,20.0
1699266660000.0,1025443,1699266660000.0,0.021563904334332196,-0.00053898,2289.6758428565263,2289.731889462006,-3.0,0.8983,6.1,0.8911120318885559,long_nclose,5.4357833945201905,0.0023740405924616305,5.0
1699266960000.0,1025448,1699266960000.0,0.01437593622288813,-0.00035932,2289.689859472749,2289.721380142006,-2.0,0.8983,4.1,0.8911120318885559,long_nclose,3.653559330743079,0.0015956568596518965,5.0
1699267260000.0,1025453,1699267260000.0,0.009344358544877284,-0.00023355800000000003,2289.6989702732935,2289.7204965840056,-1.3,0.8983,2.8,0.8911120318885559,long_nclose,2.4951136892879564,0.0010897125437367625,5.0
1699267500000.0,1025457,1699267500000.0,0.0064691713002996585,-0.00016169400000000001,2289.705277750594,2289.718934890006,-0.9,0.8983,1.9,0.8911120318885559,long_nclose,1.6931128605882562,0.0007394457605703603,4.0
1699267560000.0,1025458,1699267560000.0,0.004312780866866439,-0.00010779600000000001,2289.709482735461,2289.7176570940055,-0.6,0.8983,1.3,0.8911120318885559,long_nclose,1.1584456414551227,0.0005059356438840248,1.0
1699267920000.0,1025464,1699267920000.0,0.0028751872445776263,-7.186400000000002e-05,2289.7122860587056,2289.720285230006,-0.4,0.8983,0.9,0.8911120318885559,long_nclose,0.8020008286997004,0.00035026270924203706,6.0
1699270440000.0,1025506,1699270440000.0,0.0021563904334332197,-5.3898000000000005e-05,2289.714388551139,2289.718821332006,-0.3,0.8983,0.6,0.8911120318885559,long_nclose,0.5346672191331335,0.00023350825841272479,42.0
1699270680000.0,1025510,1699270680000.0,0.0014375936222888132,-3.593200000000001e-05,2289.715790212761,2289.7182254000054,-0.2,0.8983,0.4,0.8911120318885559,long_nclose,0.3564448127554224,0.00015567207697960692,4.0
1699270740000.0,1025511,1699270740000.0,0.0007187968111444066,-1.7966000000000004e-05,2289.716491043572,2289.7187674340057,-0.1,0.8983,0.3,0.8911120318885559,long_nclose,0.26733360956656677,0.00011675402199890935,1.0
1699272240000.0,1025536,1699272240000.0,0.0007187968111444066,-1.7966000000000004e-05,2289.7171918743834,2289.718669468006,-0.1,0.8983,0.2,0.8911120318885559,long_nclose,0.1782224063777112,7.783599084209029e-05,25.0
1699272480000.0,1025540,1699272480000.0,0.0007187968111444066,-1.7966000000000004e-05,2289.7178927051946,2289.7184015020057,-0.1,0.8983,0.1,0.8911120318885559,long_nclose,0.0891112031888556,3.891798350912779e-05,4.0
1699272540000.0,1025541,1699272540000.0,0.0007187968111444066,-1.7966000000000004e-05,2289.7185935360058,2289.7185935360058,-0.1,0.8983,0.0,0.8911120318885559,long_nclose,0.0,0.0,1.0
1699316160000.0,1026268,1699316160000.0,0.0,-0.0183183,2289.700275236006,2290.0677752360057,105.0,0.8723,105.0,0.8723,long_ientry_normal,91.5915,0.04000152377610183,727.0
1699316460000.0,1026273,1699316460000.0,0.24500000000000022,-0.0061551,2289.939120136006,2290.156120136006,-35.0,0.8793,70.0,0.8723,long_nclose,61.061,0.026664901028623598,5.0
1699317180000.0,1026285,1699317180000.0,0.0,-0.006132544,2289.9329875920057,2289.228307592006,35.2,0.8711,105.2,0.8718984790874524,long_ientry_partial,91.72372,0.04005519833855605,12.0
1699320240000.0,1026336,1699320240000.0,0.0,-0.01831522,2289.9146723720055,2288.0695523720055,107.8,0.8495,213.0,0.8605625352112676,long_rentry,183.29981999999998,0.0800465721328075,51.0
1699349700000.0,1026827,1699349700000.0,0.0,-0.01844267,2289.8962297020057,2283.9002497020056,110.9,0.8315,323.9,0.8506118246372338,long_rentry,275.51317,0.12031688005174529,491.0
1699370340000.0,1027171,1699370340000.0,0.0,-0.02738064,2289.8688490620057,2278.1050290620055,168.0,0.8149,491.9,0.8384150640374061,long_rentry,412.41637000000003,0.18010479952550004,344.0
1699381980000.0,1027365,1699381980000.0,1.1120510042691378,-0.027705656,2290.953194410275,2293.4738534060057,-163.9,0.8452,328.0,0.8384150640374061,long_nclose,275.0001410042692,0.12003743318512375,194.0
1699382100000.0,1027367,1699382100000.0,0.7415935007115116,-0.018476072,2291.6763118389867,2293.247657334006,-109.3,0.8452,218.7,0.8384150640374061,long_nclose,183.3613745049807,0.08001189939334838,2.0
1699383240000.0,1027386,1699383240000.0,0.49462183167309426,-0.012323016000000001,2292.1586106546597,2293.2644943180057,-72.9,0.8452,145.8,0.8384150640374061,long_nclose,122.24091633665381,0.053330042593230834,19.0
1699383960000.0,1027398,1699383960000.0,0.3297478877820628,-0.008215344000000001,2292.480143198442,2293.314598974006,-48.6,0.8452,97.2,0.8384150640374061,long_nclose,81.49394422443588,0.03554837518057472,12.0
1699384740000.0,1027411,1699384740000.0,0.21983192518804187,-0.005476895999999999,2292.69449822763,2293.1212020780063,-32.4,0.8452,64.8,0.8384150640374061,long_nclose,54.32929614962391,0.023696701061403178,13.0
1699384800000.0,1027412,1699384800000.0,0.14655461679202794,-0.003651264,2292.837401580422,2293.0873108140063,-21.6,0.8452,43.2,0.8384150640374061,long_nclose,36.21953076641594,0.01579681609408949,1.0
1699385100000.0,1027417,1699385100000.0,0.09770307786135195,-0.002434176,2292.9326704822834,2293.119436638006,-14.4,0.8452,28.8,0.8384150640374061,long_nclose,24.146353844277296,0.010530773168842537,5.0
1699385280000.0,1027420,1699385280000.0,0.0651353852409013,-0.0016227839999999997,2292.996183083524,2293.166773854006,-9.6,0.8452,19.2,0.8384150640374061,long_nclose,16.097569229518196,0.007020320988005688,3.0
1699385580000.0,1027425,1699385580000.0,0.04342359016060087,-0.001081856,2293.038524817685,2293.148411998006,-6.4,0.8452,12.8,0.8384150640374061,long_nclose,10.731712819678798,0.004680127570264898,5.0
1699387800000.0,1027462,1699387800000.0,0.09142359016060127,-0.0010914560000000002,2293.1288569518456,2293.219000542006,-6.4,0.8527,6.4,0.8384150640374061,long_nclose,5.365856409839399,0.0023399716041129907,37.0
1699387860000.0,1027463,1699387860000.0,0.045711795080300634,-0.0005457280000000001,2293.174023018926,2293.2235748140065,-3.2,0.8527,3.2,0.8384150640374061,long_nclose,2.6829282049196994,0.00116996275816332,1.0
1699387980000.0,1027465,1699387980000.0,0.022855897540150317,-0.00027286400000000005,2293.196606052466,2293.2189819500063,-1.6,0.8527,1.6,0.8384150640374061,long_nclose,1.3414641024598497,0.0005849756182785657,2.0
1699388100000.0,1027467,1699388100000.0,0.011427948770075158,-0.00013643200000000002,2293.207897569236,2293.2194855180064,-0.8,0.8527,0.8,0.8384150640374061,long_nclose,0.6707320512299249,0.0002924863689597834,2.0
1699389120000.0,1027484,1699389120000.0,0.005713974385037579,-6.821600000000001e-05,2293.213543327621,2293.2193773020063,-0.4,0.8527,0.4,0.8384150640374061,long_nclose,0.3353660256149624,0.0001462428244376761,17.0
1699391820000.0,1027529,1699391820000.0,0.0006784935962593886,-1.6904e-05,2293.2142049172176,2293.2166903980064,-0.1,0.8452,0.3,0.8384150640374061,long_nclose,0.2515245192112218,0.00010968208668509515,45.0
1699395120000.0,1027584,1699395120000.0,0.0006784935962593886,-1.6904e-05,2293.214866506814,2293.2162634940064,-0.1,0.8452,0.2,0.8384150640374061,long_nclose,0.1676830128074812,7.312137002796766e-05,55.0
1699395420000.0,1027589,1699395420000.0,0.0006784935962593886,-1.6904e-05,2293.2155280964103,2293.2161965900063,-0.1,0.8452,0.1,0.8384150640374061,long_nclose,0.0838415064037406,3.656067446627537e-05,5.0
1699395480000.0,1027590,1699395480000.0,0.0006784935962593886,-1.6904e-05,2293.2161896860066,2293.2161896860066,-0.1,0.8452,0.0,0.8384150640374061,long_nclose,0.0,0.0,1.0
1699546320000.0,1030104,1699546320000.0,0.0,-0.018347316000000002,2293.1978423700066,2282.4078423700066,107.9,0.8502,107.9,0.8502,long_ientry_normal,91.73658,0.04000377913542374,2514.0
1699546320000.0,1030104,1699546320000.0,0.0,-0.018340776,2293.1795015940065,2273.7327615940067,110.7,0.8284,218.6,0.839160384263495,long_rentry,183.44046,0.07999393849129087,0.0
1699546320000.0,1030104,1699546320000.0,0.0,-0.018388944,2293.1611126500065,2266.8423326500065,113.4,0.8108,332.0,0.8294734337349398,long_rentry,275.38518,0.1200897653814482,0.0
1699546320000.0,1030104,1699546320000.0,0.0,-0.027369467999999997,2293.1337431820066,2259.1520631820067,172.2,0.7947,504.2,0.8175972233240777,long_rentry,412.23251999999997,0.17976819765775037,0.0
1699546320000.0,1030104,1699546320000.0,0.0,-0.04044882,2293.0932943620064,2253.0448143620065,261.5,0.7734,765.7,0.802503095207,long_rentry,614.4766199999999,0.26796843438982804,0.0
1699546320000.0,1030104,1699546320000.0,0.0,-0.05915201600000001,2293.0341423460063,2255.130002346006,397.1,0.7448,1162.8,0.782797299621603,long_rentry,910.2367,0.39695732531428235,0.0
1699546440000.0,1030106,1699546440000.0,2.4429266666666676,-0.06117103200000001,2295.415897980673,2323.6352713140063,-387.6,0.7891,775.2,0.782797299621603,long_nclose,606.8244666666667,0.2643636245616767,2.0
1699546440000.0,1030106,1699546440000.0,5.194886666666666,-0.061721424000000004,2300.5490632233395,2314.658749890006,-387.6,0.7962,387.6,0.782797299621603,long_nclose,303.41223333333335,0.13188687786915404,0.0
1699546440000.0,1030106,1699546440000.0,7.9080866666666685,-0.06226406400000001,2308.3948858260064,2308.3948858260064,-387.6,0.8032,0.0,0.782797299621603,long_nclose,0.0,0.0,0.0
1699546500000.0,1030107,1699546500000.0,0.0,-0.018464768000000003,2308.3764210580066,2309.3118310580066,112.7,0.8192,112.7,0.8192,long_ientry_normal,92.32384,0.039995140808830855,1.0
1699546620000.0,1030109,1699546620000.0,0.24749999999999772,-0.0061935,2308.6177275580067,2309.2268475580067,-37.5,0.8258,75.2,0.8192,long_nclose,61.603840000000005,0.02668429652282142,2.0
1699546680000.0,1030110,1699546680000.0,0.0,-0.006022744,2308.6117048140068,2310.615824814007,36.4,0.8273,111.6,0.8218419354838711,long_ientry_partial,91.71756,0.03972844797102388,1.0
1699546680000.0,1030110,1699546680000.0,0.42706322580644945,-0.006265664000000001,2309.0325023758132,2310.361399150007,-37.6,0.8332,74.0,0.8218419354838711,long_nclose,60.81630322580646,0.026338435324418888,0.0
1699546680000.0,1030110,1699546680000.0,0.705303225806448,-0.006321312000000001,2309.7314842896194,2310.3851578380063,-37.6,0.8406,36.4,0.8218419354838711,long_nclose,29.915046451612906,0.012951742076985876,0.0
1699546740000.0,1030111,1699546740000.0,0.0,-0.012361856,2309.7191224336193,2309.2617959820063,73.6,0.8398,110.0,0.8338575131964809,long_ientry_partial,91.72432645161291,0.039712329330749196,1.0
1699546860000.0,1030113,1699546860000.0,0.24677501700879823,-0.006153192000000001,2309.9597442586282,2310.4032627900065,-36.6,0.8406,73.4,0.8338575131964809,long_nclose,61.205141468621704,0.026496193979460552,2.0
1699546920000.0,1030114,1699546920000.0,0.0,-0.0061480680000000005,2309.953596190628,2310.298114722006,36.6,0.8399,110.0,0.8358680133511065,long_ientry_partial,91.94548146862172,0.03980403832364862,1.0
1699546920000.0,1030114,1699546920000.0,0.11546047423300178,-0.004102128,2310.064954536861,2310.3330525940064,-24.4,0.8406,85.6,0.8358680133511065,long_nclose,71.55030194285472,0.030973285752131437,0.0
1699546980000.0,1030115,1699546980000.0,0.0,-0.0041110999999999995,2310.060843436861,2309.9986414940063,24.5,0.839,110.1,0.8365649586090346,long_ientry_partial,92.1058019428547,0.039871591349871796,1.0
1699547160000.0,1030118,1699547160000.0,0.24717601904843312,-0.006189822000000001,2310.301829633909,2310.722781672006,-36.7,0.8433,73.4,0.8365649586090346,long_nclose,61.403867961903146,0.026578288245407835,3.0
1699547220000.0,1030119,1699547220000.0,0.0,-0.006115098,2310.295714535909,2310.244956574006,36.3,0.8423,109.7,0.8384626979207215,long_ientry_partial,91.97935796190315,0.03981280724505863,1.0
1699547220000.0,1030119,1699547220000.0,0.11803017073439714,-0.004115304,2310.4096294026435,2310.370161270006,-24.4,0.8433,85.3,0.8384626979207215,long_nclose,71.52086813263755,0.03095592540060927,0.0
1699547280000.0,1030120,1699547280000.0,0.0,-0.00419,2310.4054394026434,2311.2263112700057,25.0,0.838,110.3,0.8383578253185633,long_ientry_partial,92.47086813263753,0.040023654097934395,1.0
1699547280000.0,1030120,1699547280000.0,0.19431776095280123,-0.004800735999999999,2310.594956427596,2311.204470534006,-28.4,0.8452,81.9,0.8383578253185633,long_nclose,68.66150589359034,0.029715942079155098,0.0
1699547340000.0,1030121,1699547340000.0,0.0,-0.004634984,2310.590321443596,2310.904725550006,27.4,0.8458,109.3,0.8402234756961604,long_ientry_partial,91.83642589359033,0.03974587145167878,1.0
1699547760000.0,1030128,1699547760000.0,0.0,-0.018486246,2310.571835197596,2307.6193793040056,112.9,0.8187,222.2,0.8292873802591825,long_rentry,184.26765589359033,0.0797498061244359,7.0
1699548360000.0,1030138,1699548360000.0,0.49673386082049453,-0.0123728,2311.0561962584165,2312.554886504006,-74.0,0.836,148.2,0.8292873802591825,long_nclose,122.90038975441084,0.0531793168653301,10.0
1699549320000.0,1030154,1699549320000.0,1.0457451227945815,-0.012499188,2312.0894421932107,2313.3130273160054,-74.1,0.8434,74.1,0.8292873802591825,long_nclose,61.45019487720542,0.026577775822943406,16.0
1699549500000.0,1030157,1699549500000.0,0.0,-0.005954432000000001,2312.0834877612106,2313.274282884005,35.2,0.8458,109.3,0.834605259626765,long_ientry_partial,91.22235487720542,0.03945461111594027,3.0
1699549620000.0,1030159,1699549620000.0,0.7804928243786294,-0.009269988000000002,2312.854710597589,2313.6311628960048,-54.6,0.8489,54.7,0.834605259626765,long_nclose,45.65290770158405,0.019738770227286942,2.0
1699549680000.0,1030160,1699549680000.0,0.0,-0.009244872000000001,2312.845465725589,2313.3157680240047,54.6,0.8466,109.3,0.8405971427409337,long_ientry_partial,91.87726770158405,0.039724775849976725,1.0
1699549680000.0,1030160,1699549680000.0,0.22666800317251057,-0.004634994000000001,2313.0674987347616,2313.420333030005,-27.3,0.8489,82.0,0.8405971427409337,long_nclose,68.92896570475656,0.02979980728727563,0.0
1699549740000.0,1030161,1699549740000.0,0.18571800317251205,-0.004626804000000001,2313.248589933934,2313.604296226005,-27.3,0.8474,54.7,0.8405971427409337,long_nclose,45.980663707929075,0.019877095746653962,1.0
1699549800000.0,1030162,1699549800000.0,0.0,-0.009243780000000002,2313.239346153934,2313.813622446005,54.6,0.8465,109.3,0.8435458710697994,long_ientry_partial,92.19956370792907,0.03985733852453401,1.0
1699549800000.0,1030162,1699549800000.0,0.07014514652965184,-0.003084536,2313.3064067644636,2313.785057910005,-18.2,0.8474,91.1,0.8435458710697994,long_nclose,76.84702885445871,0.03321956340489361,0.0
1699555200000.0,1030252,1699555200000.0,0.2046501065850768,-0.005152818,2313.5059040530487,2313.855755092005,-30.3,0.8503,60.8,0.8435458710697994,long_nclose,51.2875889610438,0.02216877375207588,90.0
1699555260000.0,1030253,1699555260000.0,0.13643340439005117,-0.003435212,2313.6389022454387,2313.937479880005,-20.2,0.8503,40.6,0.8435458710697994,long_nclose,34.24796236543386,0.014802639397269573,1.0
1699555440000.0,1030256,1699555440000.0,0.09118074055770747,-0.00229581,2313.7277871759966,2313.946054070005,-13.5,0.8503,27.1,0.8435458710697994,long_nclose,22.860093105991563,0.009880199923558545,3.0
1699555740000.0,1030261,1699555740000.0,0.06078716037180498,-0.00153054,2313.7870437963684,2313.963593530005,-9.0,0.8503,18.1,0.8435458710697994,long_nclose,15.26818026636337,0.006598783715770123,5.0
1699555920000.0,1030264,1699555920000.0,0.04052477358120332,-0.00102036,2313.8265482099496,2313.910693170005,-6.0,0.8503,12.1,0.8435458710697994,long_nclose,10.206905039944573,0.004411266284346578,3.0
1699556340000.0,1030271,1699556340000.0,0.0,-0.016482762,2313.8100654479495,2314.010810408005,98.1,0.8401,110.2,0.8404783578942338,long_ientry_partial,92.62071503994456,0.040029523781163666,7.0
1699556580000.0,1030275,1699556580000.0,0.2503542652816233,-0.006219182000000001,2314.054200531231,2314.599691226005,-36.7,0.8473,73.5,0.8404783578942338,long_nclose,61.77515930522618,0.026695640616820743,4.0
1699557240000.0,1030286,1699557240000.0,0.16713023159127438,-0.004151770000000001,2314.217178992822,2314.5024394560046,-24.5,0.8473,49.0,0.8404783578942338,long_nclose,41.18343953681745,0.017795840386398407,11.0
1699557300000.0,1030287,1699557300000.0,0.11119276632399072,-0.0027621980000000004,2314.3256095611464,2314.555217258005,-16.3,0.8473,32.7,0.8404783578942338,long_nclose,27.483642303141448,0.011875443191571055,1.0
1699558320000.0,1030304,1699558320000.0,0.07435589895285269,-0.0018471140000000002,2314.398118346099,2314.551190144005,-10.9,0.8473,21.8,0.8404783578942338,long_nclose,18.322428202094297,0.007916714093765232,17.0
1699558920000.0,1030314,1699558920000.0,0.0,-0.014857250000000002,2314.383261096099,2313.9757828940046,88.7,0.8375,110.5,0.838087585539315,long_ientry_partial,92.6086782020943,0.04001440891783608,10.0
1699559700000.0,1030327,1699559700000.0,0.24701685215320965,-0.006217728,2314.624060220252,2315.2661651660046,-36.8,0.8448,73.7,0.838087585539315,long_nclose,61.767055054247514,0.02668556683385118,13.0
1699560240000.0,1030336,1699560240000.0,0.16445415428678362,-0.004139520000000001,2314.784374854539,2315.1490656460046,-24.5,0.8448,49.2,0.838087585539315,long_nclose,41.2339092085343,0.017813283023877954,9.0
1699560540000.0,1030341,1699560540000.0,0.11008359715523473,-0.002770944,2314.891687507694,2315.1643347020045,-16.4,0.8448,32.8,0.838087585539315,long_nclose,27.489272805689527,0.011874971496089994,5.0
1699561320000.0,1030354,1699561320000.0,0.0,-0.013039576,2314.8786479316936,2315.014795126004,78.1,0.8348,110.9,0.8357723427023401,long_ientry_partial,92.68715280568952,0.040039745879769544,13.0
1699563000000.0,1030382,1699563000000.0,0.24825055428365012,-0.00621765,2315.120680835977,2315.655527476004,-36.9,0.8425,74.0,0.8357723427023401,long_nclose,61.84715335997317,0.02671444036240932,28.0
1699563900000.0,1030397,1699563900000.0,0.5264233200134143,-0.0062900000000000005,2315.6408141559905,2316.189437476004,-37.0,0.85,37.0,0.8357723427023401,long_nclose,30.923576679986585,0.013354219916553714,15.0
1699564080000.0,1030400,1699564080000.0,0.8076233200134162,-0.00634624,2316.442091236004,2316.442091236004,-37.0,0.8576,0.0,0.8357723427023401,long_nclose,0.0,0.0,3.0
1699848900000.0,1035147,1699848900000.0,0.0,-0.018530918,2316.423560318004,2316.656800318004,83.3,1.1123,83.3,1.1123,long_ientry_normal,92.65459,0.039998984463480484,4747.0
1699851060000.0,1035183,1699851060000.0,0.0,-0.01853298,2316.405027338004,2314.604897338004,85.5,1.0838,168.8,1.0978642772511849,long_rentry,185.31949,0.08000305983317944,36.0
1699854960000.0,1035248,1699854960000.0,0.4965676184834124,-0.012439308000000001,2316.8891556484873,2317.940358030004,-56.2,1.1067,112.6,1.0978642772511849,long_nclose,123.61951761848341,0.053355818648943024,65.0
1699855200000.0,1035252,1699855200000.0,0.33133960308056876,-0.00830025,2317.212195001568,2317.740577780004,-37.5,1.1067,75.1,1.0978642772511849,long_nclose,82.44960722156398,0.035581379814682096,4.0
1699855320000.0,1035254,1699855320000.0,0.22089306872037917,-0.0055335,2317.427554570288,2317.8752342800035,-25.0,1.1067,50.1,1.0978642772511849,long_nclose,55.00300029028436,0.023734506902626074,2.0
1699855560000.0,1035258,1699855560000.0,0.0,-0.0074956400000000005,2317.420058930288,2317.3731686400038,34.0,1.1023,84.1,1.0996575539867344,long_ientry_partial,92.48120029028435,0.039906964615199415,4.0
1699858680000.0,1035310,1699858680000.0,0.24758848837143876,-0.006207600000000001,2317.66143981866,2318.219211040004,-28.0,1.1085,56.1,1.0996575539867344,long_nclose,61.6907887786558,0.0266176878636263,52.0
1699859400000.0,1035322,1699859400000.0,0.5247884883714393,-0.00626304,2318.1799652670315,2318.7178680000043,-28.0,1.1184,28.1,1.0996575539867344,long_nclose,30.90037726702724,0.013329585161636844,12.0
1699860000000.0,1035332,1699860000000.0,0.26239424418571966,-0.00313152,2318.439227991217,2318.724646480004,-14.0,1.1184,14.1,1.0996575539867344,long_nclose,15.505171511212954,0.0066877627517747,10.0
1699860840000.0,1035346,1699860840000.0,0.4038584887870465,-0.0031818060000000006,2318.839904674004,2318.839904674004,-14.1,1.1283,0.0,1.0996575539867344,long_nclose,0.0,0.0,14.0
1699920420000.0,1036339,1699920420000.0,0.0,-0.018544246,2318.821360428004,2318.929650428004,83.3,1.1131,83.3,1.1131,long_ientry_normal,92.72122999999999,0.0399863618570797,993.0
1699923840000.0,1036396,1699923840000.0,0.2493000000000033,-0.006216434000000001,2319.064443994004,2319.6871639940036,-27.7,1.1221,55.6,1.1131,long_nclose,61.88836,0.026686778869073988,57.0
1699924020000.0,1036399,1699924020000.0,0.5282000000000036,-0.006294476000000001,2319.5863495180038,2320.270229518004,-27.8,1.1321,27.8,1.1131,long_nclose,30.94418,0.013340387179994405,3.0
1699924200000.0,1036402,1699924200000.0,0.2641000000000018,-0.0031472380000000006,2319.8473022800035,2320.1364222800034,-13.9,1.1321,13.9,1.1131,long_nclose,15.47209,0.006669443279647607,3.0
1699924440000.0,1036406,1699924440000.0,0.13110000000000088,-0.0015622980000000002,2319.9768399820036,2320.1056399820036,-6.9,1.1321,7.0,1.1131,long_nclose,7.7917,0.0033585249066798617,4.0
1699924500000.0,1036407,1699924500000.0,0.06650000000000045,-0.0007924700000000001,2320.0425475120037,2320.106947512004,-3.5,1.1321,3.5,1.1131,long_nclose,3.89585,0.0016792148937862714,1.0
1699924680000.0,1036410,1699924680000.0,0.03230000000000022,-0.00038491400000000004,2320.0744625980037,2320.109562598004,-1.7,1.1321,1.8,1.1131,long_nclose,2.00358,0.0008635843514075857,3.0
1699924980000.0,1036415,1699924980000.0,0.05219999999999985,-0.00041115600000000003,2320.1262514420036,2320.1262514420036,-1.8,1.1421,0.0,1.1131,long_nclose,0.0,0.0,5.0
1699961160000.0,1037018,1699961160000.0,0.0,-0.01855103,2320.107700412004,2320.4255504120038,81.5,1.1381,81.5,1.1381,long_ientry_normal,92.75514999999999,0.039978812183386385,603.0
1699961340000.0,1037021,1699961340000.0,0.24932000000000265,-0.006218366,2320.3508020460035,2320.6663220460036,-27.1,1.1473,54.4,1.1381,long_nclose,61.91263999999999,0.026682448164910066,3.0
1699961400000.0,1037022,1699961400000.0,0.16652000000000178,-0.004153226,2320.5131688200036,2320.7890488200037,-18.1,1.1473,36.3,1.1381,long_nclose,41.31302999999999,0.017803402521093185,1.0
1699961520000.0,1037024,1699961520000.0,0.11132000000000117,-0.002776466,2320.6217123540036,2320.996812354004,-12.1,1.1473,24.2,1.1381,long_nclose,27.542019999999997,0.011868379862766081,2.0
1699961580000.0,1037025,1699961580000.0,0.234740000000001,-0.00280115,2320.8536512040037,2321.0218412040035,-12.1,1.1575,12.1,1.1381,long_nclose,13.771009999999999,0.005933596887014365,1.0
1699962240000.0,1037036,1699962240000.0,0.1164000000000005,-0.001389,2320.9686622040035,2321.0931022040036,-6.0,1.1575,6.1,1.1381,long_nclose,6.942409999999999,0.0029911692101036173,11.0
1699962420000.0,1037039,1699962420000.0,0.05820000000000025,-0.0006945,2321.0261677040035,2321.0822777040034,-3.0,1.1575,3.1,1.1381,long_nclose,3.52811,0.001520064723565811,3.0
1699962540000.0,1037041,1699962540000.0,0.029100000000000126,-0.00034725,2321.054920454004,2321.091080454004,-1.5,1.1575,1.6,1.1381,long_nclose,1.82096,0.0007845398159056985,2.0
1699963020000.0,1037049,1699963020000.0,0.015520000000000068,-0.00018520000000000003,2321.0702552540038,2321.086575254004,-0.8,1.1575,0.8,1.1381,long_nclose,0.91048,0.00039226731631195825,8.0
1699963140000.0,1037051,1699963140000.0,0.007760000000000034,-9.260000000000001e-05,2321.077922654004,2321.086122654004,-0.4,1.1575,0.4,1.1381,long_nclose,0.45524,0.00019613301025217723,2.0
1699963500000.0,1037057,1699963500000.0,0.003880000000000017,-4.630000000000001e-05,2321.081756354004,2321.085176354004,-0.2,1.1575,0.2,1.1381,long_nclose,0.22762,9.806634315094075e-05,6.0
1699964340000.0,1037071,1699964340000.0,0.0009200000000000098,-2.2946e-05,2321.082653408004,2321.084183408004,-0.1,1.1473,0.1,1.1381,long_nclose,0.11381,4.903315262508848e-05,14.0
1699965060000.0,1037083,1699965060000.0,0.0009200000000000098,-2.2946e-05,2321.0835504620036,2321.0835504620036,-0.1,1.1473,0.0,1.1381,long_nclose,0.0,0.0,12.0
1699965720000.0,1037094,1699965720000.0,0.0,-0.018560606,2321.0649898560036,2321.0077998560037,81.7,1.1359,81.7,1.1359,long_ientry_normal,92.80302999999999,0.039982951966268464,11.0
1699965840000.0,1037096,1699965840000.0,0.24752000000000293,-0.0062288,2321.3062810560036,2322.0256810560036,-27.2,1.145,54.5,1.1359,long_nclose,61.906549999999996,0.02666884180912034,2.0
1699966020000.0,1037099,1699966020000.0,0.16471000000000197,-0.004144900000000001,2321.4668461560036,2321.8053661560034,-18.1,1.145,36.4,1.1359,long_nclose,41.346759999999996,0.01781061834609611,3.0
1699967400000.0,1037122,1699967400000.0,0.3530800000000015,-0.004205292,2321.8157208640037,2322.172440864004,-18.2,1.1553,18.2,1.1359,long_nclose,20.673379999999998,0.008903971066363068,23.0
1699967580000.0,1037125,1699967580000.0,0.17654000000000075,-0.002102646,2321.9901582180037,2322.1612382180037,-9.1,1.1553,9.1,1.1359,long_nclose,10.336689999999999,0.004451651081903304,3.0
1699967880000.0,1037130,1699967880000.0,0.08730000000000038,-0.0010397700000000002,2322.076418448004,2322.163818448004,-4.5,1.1553,4.6,1.1359,long_nclose,5.225139999999999,0.0022502015689441876,5.0
1699968120000.0,1037134,1699968120000.0,0.04462000000000019,-0.000531438,2322.120507010004,2322.159607010004,-2.3,1.1553,2.3,1.1359,long_nclose,2.6125699999999994,0.0011250794229296834,4.0
1699968600000.0,1037142,1699968600000.0,0.021340000000000095,-0.00025416600000000006,2322.1415928440038,2322.167872844004,-1.1,1.1553,1.2,1.1359,long_nclose,1.3630799999999998,0.0005869926296486472,8.0
1699969020000.0,1037149,1699969020000.0,0.035520000000000086,-0.00027971999999999996,2322.1768331240037,2322.1768331240037,-1.2,1.1655,0.0,1.1359,long_nclose,0.0,0.0,7.0
1699984680000.0,1037410,1699984680000.0,0.0,-0.018584959999999998,2322.1582481640035,2322.0028281640034,81.8,1.136,81.8,1.136,long_ientry_normal,92.92479999999999,0.040016566516717915,261.0
1699987800000.0,1037462,1699987800000.0,0.0,-0.018572104000000002,2322.1396760600032,2319.4528560600033,83.9,1.1068,165.7,1.1212149668074836,long_rentry,185.78532,0.08000609175896936,52.0
1699987980000.0,1037465,1699987980000.0,0.0,-0.018611094,2322.1210649660034,2314.5805549660035,85.9,1.0833,251.6,1.1082702305246424,long_rentry,278.84079,0.12008021209871,3.0
1699992900000.0,1037547,1699992900000.0,0.7483146820349684,-0.018724272,2322.8506553760385,2324.4665306940037,-83.8,1.1172,167.8,1.1082702305246424,long_nclose,185.967744682035,0.08006013828380598,82.0
1699994220000.0,1037569,1699994220000.0,0.49917411367249087,-0.012490296,2323.3373391937107,2324.4708603980034,-55.9,1.1172,111.9,1.1082702305246424,long_nclose,124.01543879570748,0.0533781456113238,22.0
1700005380000.0,1037755,1700005380000.0,0.33308040143083917,-0.008334311999999998,2323.6620852831416,2324.3804660860033,-37.3,1.1172,74.6,1.1082702305246424,long_nclose,82.67695919713832,0.035580457124454914,186.0
1700005560000.0,1037758,1700005560000.0,0.22145828298886894,-0.0055413120000000005,2323.8780022541305,2324.287844774003,-24.8,1.1172,49.8,1.1082702305246424,long_nclose,55.19185748012718,0.023749894541190125,3.0
1700006280000.0,1037770,1700006280000.0,0.14823417329093647,-0.003709104,2324.0225273234214,2324.3289556700033,-16.6,1.1172,33.2,1.1082702305246424,long_nclose,36.79457165341813,0.01583227839697168,12.0
1700007420000.0,1037789,1700007420000.0,0.0982274642289338,-0.0024578399999999998,2324.1182969476504,2324.4008978300035,-11.0,1.1172,22.2,1.1082702305246424,long_nclose,24.60359911764706,0.01058620774594816,19.0
1700007600000.0,1037792,1700007600000.0,0.21012044117646966,-0.0025023840000000003,2324.325915004827,2324.5093954460035,-11.1,1.1272,11.1,1.1082702305246424,long_nclose,12.30179955882353,0.005292631071833996,3.0
1700007660000.0,1037793,1700007660000.0,0.10411373211446695,-0.00123992,2324.4287888169415,2324.5331155260037,-5.5,1.1272,5.6,1.1082702305246424,long_nclose,6.206313290937997,0.0026700380415167753,1.0
1700007840000.0,1037796,1700007840000.0,0.053003354531001357,-0.000631232,2324.4811609394724,2324.5428442940033,-2.8,1.1272,2.8,1.1082702305246424,long_nclose,3.1031566454689985,0.001334988941882761,3.0
1700008200000.0,1037802,1700008200000.0,0.026501677265500678,-0.000315616,2324.507347000738,2324.534828678003,-1.4,1.1272,1.4,1.1082702305246424,long_nclose,1.5515783227344992,0.0006674869514766076,6.0
1700009220000.0,1037819,1700009220000.0,0.0035719077901430474,-8.9376e-05,2324.510829532528,2324.5200593020036,-0.4,1.1172,1.0,1.1082702305246424,long_nclose,1.1082702305246424,0.00047677567961579325,17.0
1700009340000.0,1037821,1700009340000.0,0.0026789308426072855,-6.703199999999999e-05,2324.5134414313707,2324.5192722700035,-0.3,1.1172,0.7,1.1082702305246424,long_nclose,0.7757891613672496,0.0003337426007266021,2.0
1700009400000.0,1037822,1700009400000.0,0.0017859538950715237,-4.4688e-05,2324.515182697266,2324.5201975820037,-0.2,1.1172,0.5,1.1082702305246424,long_nclose,0.5541351152623212,0.00023838739337435816,1.0
1700009520000.0,1037824,1700009520000.0,0.0008929769475357618,-2.2344e-05,2324.5160533302133,2324.5186252380036,-0.1,1.1172,0.4,1.1082702305246424,long_nclose,0.44330809220985695,0.00019070984327028092,2.0
1700010900000.0,1037847,1700010900000.0,0.0008929769475357618,-2.2344e-05,2324.5169239631605,2324.519932894003,-0.1,1.1172,0.3,1.1082702305246424,long_nclose,0.3324810691573927,0.0001430323288808466,23.0
1700011200000.0,1037852,1700011200000.0,0.0008929769475357618,-2.2344e-05,2324.5177945961077,2324.520160550003,-0.1,1.1172,0.2,1.1082702305246424,long_nclose,0.22165404610492848,9.535485020601512e-05,5.0
1700012220000.0,1037869,1700012220000.0,0.0008929769475357618,-2.2344e-05,2324.518665229055,2324.5194482060024,-0.1,1.1172,0.1,1.1082702305246424,long_nclose,0.11082702305246424,4.767740724574629e-05,17.0
1700013540000.0,1037891,1700013540000.0,0.0008929769475357618,-2.2344e-05,2324.519535862002,2324.519535862002,-0.1,1.1172,0.0,1.1082702305246424,long_nclose,0.0,0.0,22.0
1700020740000.0,1038011,1700020740000.0,0.0,-0.018588330000000004,2324.500947532002,2324.543797532002,85.7,1.0845,85.7,1.0845,long_ientry_normal,92.94165000000001,0.03998348552994963,120.0
1700020920000.0,1038014,1700020920000.0,0.247949999999998,-0.00623124,2324.742666292002,2325.148786292002,-28.5,1.0932,57.2,1.0845,long_nclose,62.03340000000001,0.026683985672678417,3.0
1700020980000.0,1038015,1700020980000.0,0.16529999999999867,-0.00415416,2324.9038121320023,2325.239972132002,-19.0,1.0932,38.2,1.0845,long_nclose,41.4279,0.017819188812809184,1.0
1700021400000.0,1038022,1700021400000.0,0.0,-0.01031492,2324.8934972120023,2324.9754172120024,47.6,1.0835,85.8,1.0839452214452214,long_ientry_partial,93.0025,0.040002907708042545,7.0
1700022180000.0,1038035,1700022180000.0,0.25038666666666726,-0.006250244,2325.137633634669,2325.752806968002,-28.6,1.0927,57.2,1.0839452214452214,long_nclose,62.00166666666667,0.02666580496989561,13.0
1700022600000.0,1038042,1700022600000.0,0.16634079254079293,-0.00415226,2325.2998221672096,2325.6800947080023,-19.0,1.0927,38.2,1.0839452214452214,long_nclose,41.40670745920746,0.017807040220996478,7.0
1700023800000.0,1038062,1700023800000.0,0.3524862703962716,-0.004211168000000001,2325.648097269606,2325.998673540002,-19.1,1.1024,19.1,1.0839452214452214,long_nclose,20.70335372960373,0.008902186772758187,20.0
1700023860000.0,1038063,1700023860000.0,0.17532039627039686,-0.0020945600000000005,2325.821323105876,2326.013848980002,-9.5,1.1024,9.6,1.0839452214452214,long_nclose,10.405874125874126,0.00447406428967563,1.0
1700024160000.0,1038068,1700024160000.0,0.27124587412587503,-0.0021354240000000003,2326.090433556002,2326.090433556002,-9.6,1.1122,0.0,1.0839452214452214,long_nclose,0.0,0.0,5.0
1700140560000.0,1040008,1700140560000.0,0.0,-0.01860355,2326.071830006002,2326.200630006002,80.5,1.1555,80.5,1.1555,long_ientry_normal,93.01774999999999,0.039989199301622584,1940.0
1700141160000.0,1040018,1700141160000.0,0.24924000000000232,-0.006243328,2326.314826678002,2326.7336866780024,-26.8,1.1648,53.7,1.1555,long_nclose,62.05035,0.02667323841485739,10.0
1700141220000.0,1040019,1700141220000.0,0.16647000000000153,-0.004169984000000001,2326.4771266940024,2326.8279666940025,-17.9,1.1648,35.8,1.1555,long_nclose,41.366899999999994,0.017780918421830206,1.0
1700141400000.0,1040022,1700141400000.0,0.11067000000000103,-0.002772224,2326.5850244700023,2326.766664470002,-11.9,1.1648,23.9,1.1555,long_nclose,27.616449999999997,0.011869950897793234,3.0
1700141460000.0,1040023,1700141460000.0,0.07347000000000069,-0.0018403840000000002,2326.656654086002,2326.779854086002,-7.9,1.1648,16.0,1.1555,long_nclose,18.488,0.007946166000699736,1.0
1700141640000.0,1040026,1700141640000.0,0.04929000000000045,-0.001234688,2326.7047093980023,2326.8234793980023,-5.3,1.1648,10.7,1.1555,long_nclose,12.36385,0.0053138887586637274,3.0
1700141940000.0,1040031,1700141940000.0,0.10441000000000027,-0.001245712,2326.807873686002,2326.916413686002,-5.3,1.1752,5.4,1.1555,long_nclose,6.2397,0.00268165673262718,5.0
1700142660000.0,1040043,1700142660000.0,0.05319000000000014,-0.000634608,2326.860429078002,2326.9252290780023,-2.7,1.1752,2.7,1.1555,long_nclose,3.11985,0.0013407980818326147,12.0
1700143260000.0,1040053,1700143260000.0,0.025610000000000067,-0.000305552,2326.8857335260022,2326.9130335260024,-1.3,1.1752,1.4,1.1555,long_nclose,1.6177,0.0006952210745426889,10.0
1700143320000.0,1040054,1700143320000.0,0.013790000000000035,-0.000164528,2326.8993589980023,2326.9116089980025,-0.7,1.1752,0.7,1.1555,long_nclose,0.80885,0.00034760850179111437,1.0
1700143620000.0,1040059,1700143620000.0,0.0018600000000000172,-4.659200000000001e-05,2326.901172406002,2326.9051224060017,-0.2,1.1648,0.5,1.1555,long_nclose,0.57775,0.00024829159349411045,5.0
1700143800000.0,1040062,1700143800000.0,0.0009300000000000086,-2.3296000000000005e-05,2326.902079110002,2326.905439110002,-0.1,1.1648,0.4,1.1555,long_nclose,0.4622,0.0001986331973955617,3.0
1700143860000.0,1040063,1700143860000.0,0.0009300000000000086,-2.3296000000000005e-05,2326.902985814002,2326.906015814002,-0.1,1.1648,0.3,1.1555,long_nclose,0.34664999999999996,0.00014897483999692153,1.0
1700144040000.0,1040066,1700144040000.0,0.0009300000000000086,-2.3296000000000005e-05,2326.903892518002,2326.905812518002,-0.1,1.1648,0.2,1.1555,long_nclose,0.2311,9.931652129814472e-05,3.0
1700144280000.0,1040070,1700144280000.0,0.0009300000000000086,-2.3296000000000005e-05,2326.904799222002,2326.9056392220023,-0.1,1.1648,0.1,1.1555,long_nclose,0.11555,4.9658241299185946e-05,4.0
1700144340000.0,1040071,1700144340000.0,0.0009300000000000086,-2.3296000000000005e-05,2326.905705926002,2326.905705926002,-0.1,1.1648,0.0,1.1555,long_nclose,0.0,0.0,1.0
1700145000000.0,1040082,1700145000000.0,0.0,-0.018621562000000005,2326.887084364002,2327.299674364002,80.9,1.1509,80.9,1.1509,long_ientry_normal,93.10781000000001,0.04001389264896314,11.0
1700145060000.0,1040083,1700145060000.0,0.25016999999999634,-0.0062418759999999995,2327.131012488002,2327.5846124880018,-26.9,1.1602,54.0,1.1509,long_nclose,62.1486,0.026706102779127664,1.0
1700145120000.0,1040084,1700145120000.0,0.16739999999999755,-0.00417672,2327.2942357680017,2327.618235768002,-18.0,1.1602,36.0,1.1509,long_nclose,41.4324,0.017802819842557382,1.0
1700145180000.0,1040085,1700145180000.0,0.11159999999999837,-0.00278448,2327.4030512880017,2327.7150512880016,-12.0,1.1602,24.0,1.1509,long_nclose,27.6216,0.011867991659078562,1.0
1700146020000.0,1040099,1700146020000.0,0.23520000000000074,-0.0028092000000000004,2327.635442088002,2327.893442088002,-12.0,1.1705,12.0,1.1509,long_nclose,13.8108,0.005933403380217927,14.0
1700146560000.0,1040108,1700146560000.0,0.3600000000000003,-0.00283416,2327.992607928002,2327.992607928002,-12.0,1.1809,0.0,1.1509,long_nclose,0.0,0.0,9.0
1700158740000.0,1040311,1700158740000.0,0.0,-0.018624383999999997,2327.9739835440023,2327.8026235440025,81.6,1.1412,81.6,1.1412,long_ientry_normal,93.12191999999999,0.04000127177462499,203.0
1700162460000.0,1040373,1700162460000.0,0.0,-0.018613206000000004,2327.9553703380025,2324.9859403380024,83.7,1.1119,165.3,1.1263638838475498,long_rentry,186.18795,0.07997917501870616,62.0
1700164920000.0,1040414,1700164920000.0,0.4978900000000031,-0.012512108000000001,2328.4407482300026,2329.4034682300025,-55.1,1.1354,110.2,1.1263638838475498,long_nclose,124.1253,0.053308335242954155,41.0
1700164980000.0,1040415,1700164980000.0,0.3316254627949204,-0.008333836,2328.7640398567974,2329.2223943940025,-36.7,1.1354,73.5,1.1263638838475498,long_nclose,82.78774546279492,0.035550078945690775,1.0
1700165040000.0,1040416,1700165040000.0,0.2213848457350286,-0.00556346,2328.9798612425325,2329.4275309340023,-24.5,1.1354,49.0,1.1263638838475498,long_nclose,55.191830308529944,0.02369785639927543,1.0
1700165640000.0,1040426,1700165640000.0,0.0,-0.007591936000000001,2328.9722693065323,2329.164248998002,33.7,1.1264,82.7,1.126378601070495,long_ientry_partial,93.15151030852994,0.03999683102120681,10.0
1700166900000.0,1040447,1700166900000.0,0.2480884705613856,-0.0062447,2329.2141130770938,2329.7396942980026,-27.5,1.1354,55.2,1.126378601070495,long_nclose,62.176098779091326,0.02669402457679226,21.0
1700168340000.0,1040471,1700168340000.0,0.0,-0.006259644,2329.207853433094,2328.971734654003,27.9,1.1218,83.1,1.1248413812165023,long_ientry_partial,93.47431877909133,0.04013137712948913,24.0
1700181720000.0,1040694,1700181720000.0,0.2509237403028825,-0.006281806,2329.4524953673968,2329.9820428480025,-27.7,1.1339,55.4,1.1248413812165023,long_nclose,62.31621251939423,0.02675144165563498,223.0
1700182080000.0,1040700,1700182080000.0,0.16667858561635515,-0.004172751999999999,2329.615001201013,2329.9797700960025,-18.4,1.1339,37.0,1.1248413812165023,long_nclose,41.61913110501059,0.017865240000409597,6.0
1700182680000.0,1040710,1700182680000.0,0.3544344474947049,-0.0042328,2329.965202848508,2330.3566372960026,-18.5,1.144,18.5,1.1248413812165023,long_nclose,20.809565552505294,0.008931277397217984,10.0
1700182980000.0,1040715,1700182980000.0,0.17625929280817754,-0.00210496,2330.139357181316,2330.3314823360024,-9.2,1.144,9.3,1.1248413812165023,long_nclose,10.461024845313473,0.004489441720759478,5.0
1700183160000.0,1040718,1700183160000.0,0.08812964640408877,-0.00105248,2330.22643434772,2330.3385698560023,-4.6,1.144,4.7,1.1248413812165023,long_nclose,5.286754491717561,0.002268772859920558,3.0
1700184120000.0,1040734,1700184120000.0,0.13798550828243847,-0.001084948,2330.3633349080023,2330.3633349080023,-4.7,1.1542,0.0,1.1248413812165023,long_nclose,0.0,0.0,16.0
1700217900000.0,1041297,1700217900000.0,0.0,-0.018636749999999997,2330.3446981580023,2330.295198158002,82.5,1.1295,82.5,1.1295,long_ientry_normal,93.18374999999999,0.03998711009305025,563.0
1700218380000.0,1041305,1700218380000.0,0.25025000000000297,-0.006262300000000001,2330.5886858580025,2331.1111858580025,-27.5,1.1386,55.0,1.1295,long_nclose,62.122499999999995,0.026655282580302107,8.0
1700218500000.0,1041307,1700218500000.0,0.16653000000000198,-0.004167276000000001,2330.7510485820026,2331.1547485820024,-18.3,1.1386,36.7,1.1295,long_nclose,41.45265,0.017785104087036336,2.0
1700218680000.0,1041310,1700218680000.0,0.11102000000000131,-0.002778184,2330.8592903980025,2331.1312403980023,-12.2,1.1386,24.5,1.1295,long_nclose,27.672749999999997,0.011872338289144333,3.0
1700219040000.0,1041316,1700219040000.0,0.07371000000000087,-0.001844532,2330.9311558660024,2331.0820358660026,-8.1,1.1386,16.4,1.1295,long_nclose,18.523799999999998,0.007946952853319221,6.0
1700220240000.0,1041336,1700220240000.0,0.049140000000000586,-0.0012296880000000003,2330.9790661780025,2331.0802661780026,-5.4,1.1386,11.0,1.1295,long_nclose,12.4245,0.005330163698283173,20.0
1700220720000.0,1041344,1700220720000.0,0.03276000000000039,-0.0008197920000000001,2331.0110063860025,2331.0857463860025,-3.6,1.1386,7.4,1.1295,long_nclose,8.3583,0.0035856973549681782,8.0
1700220960000.0,1041348,1700220960000.0,0.02184000000000026,-0.000546528,2331.0322998580023,2331.0867998580025,-2.4,1.1386,5.0,1.1295,long_nclose,5.6475,0.0024227463516245675,4.0
1700221380000.0,1041355,1700221380000.0,0.04825000000000024,-0.0005744,2331.079975458002,2331.124975458002,-2.5,1.1488,2.5,1.1295,long_nclose,2.82375,0.0012113484006249936,7.0
1700222160000.0,1041368,1700222160000.0,0.023160000000000115,-0.000275712,2331.102859746002,2331.130549746002,-1.2,1.1488,1.3,1.1295,long_nclose,1.46835,0.0006298949846254284,13.0
1700223120000.0,1041384,1700223120000.0,0.0036400000000000434,-9.108800000000002e-05,2331.1064086580022,2331.1131586580022,-0.4,1.1386,0.9,1.1295,long_nclose,1.01655,0.00043608047930562686,16.0
1700223840000.0,1041396,1700223840000.0,0.0,-0.018457188000000003,2331.0879514700023,2330.940561470002,82.2,1.1227,83.1,1.1227736462093865,long_ientry_partial,93.30249,0.04002529803354812,12.0
1700224440000.0,1041406,1700224440000.0,0.2500299999999926,-0.006270172,2331.3317112980026,2332.0201312980025,-27.7,1.1318,55.4,1.1227736462093865,long_nclose,62.20166000000001,0.02668074204050883,10.0
1700224860000.0,1041413,1700224860000.0,0.16608490974728748,-0.004165024,2331.49363118375,2331.909006274003,-18.4,1.1318,37.0,1.1227736462093865,long_nclose,41.542624909747296,0.01781803061956262,7.0
1700225340000.0,1041421,1700225340000.0,0.3538375451263488,-0.004225029999999999,2331.8432436988764,2332.2063312440027,-18.5,1.1419,18.5,1.1227736462093865,long_nclose,20.771312454873648,0.008907679583952326,8.0
1700225700000.0,1041427,1700225700000.0,0.1759624548736437,-0.0021010959999999998,2332.01710505775,2332.1977701480027,-9.2,1.1419,9.3,1.1227736462093865,long_nclose,10.441794909747294,0.004477580754918482,6.0
1700226180000.0,1041435,1700226180000.0,0.27180509025270505,-0.00214272,2332.286767428003,2332.286767428003,-9.3,1.152,0.0,1.1227736462093865,long_nclose,0.0,0.0,8.0
1700232300000.0,1041537,1700232300000.0,0.0,-0.0186539,2332.2681135280027,2332.284813528003,83.5,1.117,83.5,1.117,long_ientry_normal,93.2695,0.03999089961355772,102.0
1700236260000.0,1041603,1700236260000.0,0.0,-0.018653462000000003,2332.2494600660025,2329.8699300660023,85.7,1.0883,169.2,1.1024634160756501,long_rentry,186.53681,0.07998149991841826,66.0
1700240580000.0,1041675,1700240580000.0,0.4983833333333303,-0.012535464,2332.735307935336,2334.2735146020027,-56.4,1.1113,112.8,1.1024634160756501,long_nclose,124.35787333333333,0.05330989457325115,72.0
1700240760000.0,1041678,1700240760000.0,1.0623833333333308,-0.012648264,2333.7850430046697,2335.112506338003,-56.4,1.1213,56.4,1.1024634160756501,long_nclose,62.178936666666665,0.026642957907817157,3.0
1700241120000.0,1041684,1700241120000.0,0.5311916666666654,-0.006324132,2334.309910539336,2334.8664822060027,-28.2,1.1213,28.2,1.1024634160756501,long_nclose,31.089468333333333,0.013318483631057452,6.0
1700241300000.0,1041687,1700241300000.0,0.2655958333333327,-0.003162066,2334.5723443066695,2334.8703701400027,-14.1,1.1213,14.1,1.1024634160756501,long_nclose,15.544734166666666,0.006658493237348446,3.0
1700242080000.0,1041700,1700242080000.0,0.13185608747044886,-0.00156982,2334.70263057414,2334.841340320003,-7.0,1.1213,7.1,1.1024634160756501,long_nclose,7.827490254137116,0.0033526711931669913,13.0
1700242320000.0,1041704,1700242320000.0,0.06592804373522443,-0.00078491,2334.767773707875,2334.8366654100028,-3.5,1.1213,3.6,1.1024634160756501,long_nclose,3.9688682978723406,0.0016998985263400861,4.0
1700242440000.0,1041706,1700242440000.0,0.033905851063829706,-0.000403668,2334.801275890939,2334.835361742003,-1.8,1.1213,1.8,1.1024634160756501,long_nclose,1.9844341489361703,0.0008499370672045432,2.0
1700242860000.0,1041713,1700242860000.0,0.05172585106382974,-0.00040723200000000005,2334.852594510003,2334.852594510003,-1.8,1.1312,0.0,1.1024634160756501,long_nclose,0.0,0.0,7.0
1700284380000.0,1042405,1700284380000.0,0.0,-0.01868464,2334.833909870003,2334.817009870003,84.5,1.1056,84.5,1.1056,long_ientry_normal,93.4232,0.04001278189642257,692.0
1700289960000.0,1042498,1700289960000.0,0.0,-0.018678648,2334.815231222003,2332.740711222003,86.7,1.0772,171.2,1.0912175233644859,long_rentry,186.81643999999997,0.0800133721511759,93.0
1700290980000.0,1042515,1700290980000.0,0.0,-0.018726144,2334.796505078003,2328.935345078003,88.8,1.0544,260.0,1.078642923076923,long_rentry,280.44716,0.12011631822732687,17.0
1700294280000.0,1042570,1700294280000.0,0.7497028615384624,-0.018832035999999996,2335.5273759035417,2337.0978730420034,-86.6,1.0873,173.4,1.078642923076923,long_nclose,187.03668286153845,0.08008327574802238,55.0
1700295120000.0,1042584,1700295120000.0,1.5915585692307739,-0.01902198,2337.0999124927725,2339.3764010620034,-86.7,1.097,86.7,1.078642923076923,long_nclose,93.51834143076923,0.040014695533928495,14.0
1700295240000.0,1042586,1700295240000.0,0.794861430769233,-0.00950002,2337.885273903542,2338.7383910420035,-43.3,1.097,43.4,1.078642923076923,long_nclose,46.813102861538454,0.02002369550982077,2.0
1700295360000.0,1042588,1700295360000.0,1.2220171384615421,-0.009607024,2339.0976840180033,2339.0976840180033,-43.4,1.1068,0.0,1.078642923076923,long_nclose,0.0,0.0,2.0
1700313840000.0,1042896,1700313840000.0,0.0,-0.018712512,2339.078971506003,2339.2112715060034,88.2,1.0608,88.2,1.0608,long_ientry_normal,93.56256,0.03999974397604894,308.0
1700314080000.0,1042900,1700314080000.0,0.24989999999999857,-0.0062874839999999994,2339.322584022003,2339.887064022003,-29.4,1.0693,58.8,1.0608,long_nclose,62.37504,0.026663718986869457,4.0
1700314440000.0,1042906,1700314440000.0,0.16659999999999908,-0.004191656,2339.484992366003,2339.853472366003,-19.6,1.0693,39.2,1.0608,long_nclose,41.58336,0.017774578651152315,6.0
1700314620000.0,1042909,1700314620000.0,0.11049999999999938,-0.0027801799999999997,2339.5927121860027,2339.865192186003,-13.0,1.0693,26.2,1.0608,long_nclose,27.792959999999997,0.011879400997976094,3.0
1700314920000.0,1042914,1700314920000.0,0.07394999999999957,-0.001860582,2339.6648016040026,2339.7943016040026,-8.7,1.0693,17.5,1.0608,long_nclose,18.564,0.007934469923757065,5.0
1700315040000.0,1042916,1700315040000.0,0.04929999999999972,-0.001240388,2339.7128612160027,2339.820501216003,-5.8,1.0693,11.7,1.0608,long_nclose,12.411359999999998,0.005304650927785014,2.0
1700316900000.0,1042947,1700316900000.0,0.03314999999999981,-0.000834054,2339.745177162003,2339.825517162003,-3.9,1.0693,7.8,1.0608,long_nclose,8.274239999999999,0.0035363851075595545,31.0
1700317380000.0,1042955,1700317380000.0,0.07059000000000001,-0.0008415419999999999,2339.8149256200027,2339.8843456200025,-3.9,1.0789,3.9,1.0608,long_nclose,4.1371199999999995,0.0017681398450365676,8.0
1700317440000.0,1042956,1700317440000.0,0.03439000000000001,-0.000409982,2339.8489056380026,2339.888105638003,-1.9,1.0789,2.0,1.0608,long_nclose,2.1216,0.0009067252141315112,1.0
1700317740000.0,1042961,1700317740000.0,0.018100000000000005,-0.00021578,2339.8667898580024,2339.8862898580023,-1.0,1.0789,1.0,1.0608,long_nclose,1.0608,0.0004533591418955845,5.0
1700318340000.0,1042971,1700318340000.0,0.009050000000000002,-0.00010789,2339.8757319680026,2339.8862819680025,-0.5,1.0789,0.5,1.0608,long_nclose,0.5304,0.0002266787046651814,10.0
1700318760000.0,1042978,1700318760000.0,0.0036200000000000013,-4.3156000000000005e-05,2339.8793088120024,2339.885128812002,-0.2,1.0789,0.3,1.0608,long_nclose,0.31823999999999997,0.00013600701489239458,7.0
1700318880000.0,1042980,1700318880000.0,0.0018100000000000006,-2.1578000000000002e-05,2339.8810972340025,2339.8846772340025,-0.1,1.0789,0.2,1.0608,long_nclose,0.21216000000000002,9.067127395951724e-05,2.0
1700318940000.0,1042981,1700318940000.0,0.0018100000000000006,-2.1578000000000002e-05,2339.8828856560026,2339.8848356560025,-0.1,1.0789,0.1,1.0608,long_nclose,0.10608000000000001,4.5335602328771995e-05,1.0
1700319480000.0,1042990,1700319480000.0,0.0018100000000000006,-2.1578000000000002e-05,2339.8846740780027,2339.8846740780027,-0.1,1.0789,0.0,1.0608,long_nclose,0.0,0.0,9.0
1700535480000.0,1046590,1700535480000.0,0.0,-0.01873008,2339.865943998003,2339.7723439980027,72.0,1.3007,72.0,1.3007,long_ientry_normal,93.65039999999999,0.04002383138240159,3600.0
1700535900000.0,1046597,1700535900000.0,0.2519999999999989,-0.00629376,2340.1116502380028,2340.6396502380026,-24.0,1.3112,48.0,1.3007,long_nclose,62.4336,0.02667975264925934,7.0
1700536080000.0,1046600,1700536080000.0,0.16799999999999926,-0.00419584,2340.2754543980027,2340.6946543980025,-16.0,1.3112,32.0,1.3007,long_nclose,41.6224,0.01778525682597764,3.0
1700536680000.0,1046610,1700536680000.0,0.11129999999999951,-0.002779744,2340.383974654003,2340.6279346540027,-10.6,1.3112,21.4,1.3007,long_nclose,27.834979999999998,0.011893338999689168,10.0
1700537880000.0,1046630,1700537880000.0,0.0,-0.013157664000000003,2340.370816990003,2340.3116869900027,50.7,1.2976,72.1,1.2985201109570044,long_ientry_partial,93.62330000000001,0.040003617939660854,20.0
1700541300000.0,1046687,1700541300000.0,0.2515173370318937,-0.0062832,2340.616051127035,2341.091273790003,-24.0,1.309,48.1,1.2985201109570044,long_nclose,62.45881733703191,0.026684776987219768,57.0
1700541360000.0,1046688,1700541360000.0,0.16767822468792914,-0.0041888,2340.7795405517227,2341.173724990003,-16.0,1.309,32.1,1.2985201109570044,long_nclose,41.68249556171984,0.017807100087646553,1.0
1700541660000.0,1046693,1700541660000.0,0.1121348127600526,-0.00280126,2340.8888741044825,2341.1088637300027,-10.7,1.309,21.4,1.2985201109570044,long_nclose,27.78833037447989,0.01187084559283509,5.0
1700541900000.0,1046697,1700541900000.0,0.07440721220526855,-0.00185878,2340.9614225366877,2341.1270149500024,-7.1,1.309,14.3,1.2985201109570044,long_nclose,18.568837586685163,0.007932141643993345,4.0
1700545860000.0,1046763,1700545860000.0,0.04925547850207919,-0.00123046,2341.0094475551896,2341.116774490002,-4.7,1.309,9.6,1.2985201109570044,long_nclose,12.465793065187242,0.005324964868555217,66.0
1700546700000.0,1046777,1700546700000.0,0.03353564493758583,-0.00083776,2341.042145440127,2341.1290567300025,-3.2,1.309,6.4,1.2985201109570044,long_nclose,8.310528710124828,0.003549926995680981,14.0
1700546880000.0,1046780,1700546880000.0,0.0220077669902907,-0.00054978,2341.0636034271174,2341.1237169500023,-2.1,1.309,4.3,1.2985201109570044,long_nclose,5.583636477115118,0.0023850853385363603,3.0
1700547120000.0,1046784,1700547120000.0,0.014671844660193799,-0.00036651999999999995,2341.0779087517776,2341.1100404300023,-1.4,1.309,2.9,1.2985201109570044,long_nclose,3.7657083217753127,0.0016085360968542577,4.0
1700547720000.0,1046794,1700547720000.0,0.009431900138696015,-0.00023562,2341.0871050319165,2341.1134648100024,-0.9,1.309,2.0,1.2985201109570044,long_nclose,2.5970402219140087,0.0011093308815088292,10.0
1700547900000.0,1046797,1700547900000.0,0.006287933425797343,-0.00015708,2341.0932358853424,2341.1076277300026,-0.6,1.309,1.4,1.2985201109570044,long_nclose,1.817928155339806,0.0007765295834756924,3.0
1700549880000.0,1046830,1700549880000.0,0.004191955617198229,-0.00010472,2341.0973231209596,2341.1086030100028,-0.4,1.309,1.0,1.2985201109570044,long_nclose,1.2985201109570044,0.000554663019829489,33.0
1700551380000.0,1046855,1700551380000.0,0.0031439667128986713,-7.854e-05,2341.1003885476725,2341.1081444700026,-0.3,1.309,0.7,1.2985201109570044,long_nclose,0.908964077669903,0.0003882636054892925,25.0
1700551740000.0,1046861,1700551740000.0,0.0020959778085991145,-5.236e-05,2341.102432165481,2341.1066721100024,-0.2,1.309,0.5,1.2985201109570044,long_nclose,0.6492600554785022,0.00027733090468747554,6.0
1700551800000.0,1046862,1700551800000.0,0.0010479889042995572,-2.618e-05,2341.103453974385,2341.1091259300024,-0.1,1.309,0.4,1.2985201109570044,long_nclose,0.5194080443828017,0.00022186462691387102,1.0
1700553000000.0,1046882,1700553000000.0,0.0010479889042995572,-2.618e-05,2341.104475783289,2341.1075897500023,-0.1,1.309,0.3,1.2985201109570044,long_nclose,0.3895560332871013,0.0001663983975583846,20.0
1700553060000.0,1046883,1700553060000.0,0.0010479889042995572,-2.618e-05,2341.1054975921934,2341.107733570002,-0.1,1.309,0.2,1.2985201109570044,long_nclose,0.2597040221914009,0.00011093221662095288,1.0
1700553780000.0,1046895,1700553780000.0,0.0010479889042995572,-2.618e-05,2341.1065194010976,2341.1077173900017,-0.1,1.309,0.1,1.2985201109570044,long_nclose,0.12985201109570044,5.546608410151248e-05,12.0
1700554080000.0,1046900,1700554080000.0,0.0022179889042995616,-2.6413999999999998e-05,2341.108710976002,2341.108710976002,-0.1,1.3207,0.0,1.2985201109570044,long_nclose,0.0,0.0,5.0
1700579520000.0,1047324,1700579520000.0,0.0,-0.018726758,2341.089984218002,2340.600214218002,73.1,1.2809,73.1,1.2809,long_ientry_normal,93.63378999999999,0.03999580991384944,424.0
1700579640000.0,1047326,1700579640000.0,0.2502899999999994,-0.006275232,2341.333998986002,2341.831758986002,-24.3,1.2912,48.8,1.2809,long_nclose,62.50791999999999,0.026697566441640223,2.0
1700579700000.0,1047327,1700579700000.0,0.1668599999999996,-0.004183488,2341.496675498002,2342.184535498002,-16.2,1.2912,32.6,1.2809,long_nclose,41.75734,0.017833610629030182,1.0
1700579760000.0,1047328,1700579760000.0,0.3553400000000007,-0.004246802000000001,2341.847768696002,2342.123238696002,-16.3,1.3027,16.3,1.2809,long_nclose,20.87867,0.008915468494190702,1.0
1700579940000.0,1047331,1700579940000.0,0.05561999999999987,-0.001394496,2341.901994200002,2342.0251642000017,-5.4,1.2912,10.9,1.2809,long_nclose,13.96181,0.005961739660574217,3.0
1700580180000.0,1047335,1700580180000.0,0.11772000000000023,-0.001406916,2342.018307284002,2342.140407284002,-5.4,1.3027,5.5,1.2809,long_nclose,7.04495,0.0030080678609937543,4.0
1700580540000.0,1047341,1700580540000.0,0.058860000000000114,-0.000703458,2342.076463826002,2342.128823826002,-2.7,1.3027,2.8,1.2809,long_nclose,3.5865199999999997,0.0015313419759750637,6.0
1700580900000.0,1047347,1700580900000.0,0.009269999999999978,-0.00023241600000000002,2342.085501410002,2342.089491410002,-0.9,1.2912,1.9,1.2809,long_nclose,2.4337099999999996,0.0010391209025182202,6.0
1700581560000.0,1047358,1700581560000.0,0.006179999999999985,-0.000154944,2342.091526466002,2342.119866466002,-0.6,1.2912,1.3,1.2809,long_nclose,1.66517,0.0007109756306204594,11.0
1700581620000.0,1047359,1700581620000.0,0.013080000000000024,-0.000156324,2342.1044501420024,2342.1290201420024,-0.6,1.3027,0.7,1.2809,long_nclose,0.8966299999999999,0.00038283091940909683,1.0
1700581620000.0,1047359,1700581620000.0,0.023380000000000067,-0.000184002,2342.1276461400025,2342.1276461400025,-0.7,1.3143,0.0,1.2809,long_nclose,0.0,0.0,0.0
1700588160000.0,1047468,1700588160000.0,0.0,-0.018728256,2342.1089178840025,2342.1457178840024,73.6,1.2723,73.6,1.2723,long_ientry_normal,93.64128,0.039981607723265485,109.0
1700588700000.0,1047477,1700588700000.0,0.0,-0.018744264,2342.0901736200026,2340.9291736200025,75.6,1.2397,149.2,1.2557815013404827,long_rentry,187.36260000000001,0.079998030011973,9.0
1700591520000.0,1047524,1700591520000.0,0.5028893833780101,-0.012583046000000002,2342.5804799573802,2343.1793205740023,-49.7,1.2659,99.5,1.2557815013404827,long_nclose,124.95025938337803,0.05333872643967874,47.0
1700591640000.0,1047526,1700591640000.0,0.33492230563002284,-0.008380258000000002,2342.9070220050103,2343.406250316002,-33.1,1.2659,66.4,1.2557815013404827,long_nclose,83.38389168900807,0.0355899277717175,2.0
1700592420000.0,1047539,1700592420000.0,0.22361882037533246,-0.005595278,2343.1250455473855,2343.604305038002,-22.1,1.2659,44.3,1.2557815013404827,long_nclose,55.63112050938338,0.023742275562756918,13.0
1700592540000.0,1047541,1700592540000.0,0.14874193029490437,-0.0037217459999999997,2343.2700657316805,2343.4038132920023,-14.7,1.2659,29.6,1.2557815013404827,long_nclose,37.17113243967829,0.015862931457741168,2.0
1700592600000.0,1047542,1700592600000.0,0.0991612868632696,-0.002481164,2343.3667458545438,2343.563132128002,-9.8,1.2659,19.8,1.2557815013404827,long_nclose,24.864473726541558,0.010610577183672696,1.0
1700592660000.0,1047543,1700592660000.0,0.06678209115281421,-0.001670988,2343.4318569576963,2343.548261140002,-6.6,1.2659,13.2,1.2557815013404827,long_nclose,16.576315817694372,0.007073521582664739,1.0
1700592720000.0,1047544,1700592720000.0,0.044521394101876145,-0.0011139920000000003,2343.4752643597985,2343.5739871480023,-4.4,1.2659,8.8,1.2557815013404827,long_nclose,11.05087721179625,0.00471559370813977,1.0
1700593380000.0,1047555,1700593380000.0,0.029343646112600184,-0.0007342220000000001,2343.503873783911,2343.547052926002,-2.9,1.2659,5.9,1.2557815013404827,long_nclose,7.409110857908849,0.0031615526395293793,11.0
1700593440000.0,1047556,1700593440000.0,0.019225147453082878,-0.000481042,2343.522617889364,2343.573091884002,-1.9,1.2659,4.0,1.2557815013404827,long_nclose,5.023126005361931,0.002143408374648368,1.0
1700593680000.0,1047560,1700593680000.0,0.013154048257372498,-0.0003291340000000001,2343.5354428036217,2343.5676227500026,-1.3,1.2659,2.7,1.2557815013404827,long_nclose,3.390610053619304,0.0014467927353225963,4.0
1700594100000.0,1047567,1700594100000.0,0.027844048257372325,-0.000332072,2343.562954779879,2343.5942006780024,-1.3,1.2772,1.4,1.2557815013404827,long_nclose,1.7580941018766756,0.0007501800189710739,7.0
1700594220000.0,1047569,1700594220000.0,0.01499294906166202,-0.00017880799999999997,2343.577768920941,2343.5944418700024,-0.7,1.2772,0.7,1.2557815013404827,long_nclose,0.8790470509383378,0.0003750876384798101,2.0
1700594340000.0,1047571,1700594340000.0,0.02290294906166208,-0.00018039,2343.6004914800023,2343.6004914800023,-0.7,1.2885,0.0,1.2557815013404827,long_nclose,0.0,0.0,2.0
1700607240000.0,1047786,1700607240000.0,0.0,-0.018753856,2343.5817376240025,2343.1254576240026,74.8,1.2536,74.8,1.2536,long_ientry_normal,93.76928,0.0400110986080077,215.0
1700608560000.0,1047808,1700608560000.0,0.25148999999999994,-0.006293226,2343.826934398003,2344.266054398003,-24.9,1.2637,49.9,1.2536,long_nclose,62.55464,0.02668910365434757,22.0
1700609040000.0,1047816,1700609040000.0,0.16765999999999998,-0.004195484000000001,2343.990398914003,2344.356698914003,-16.6,1.2637,33.3,1.2536,long_nclose,41.744879999999995,0.01780932209421202,8.0
1700609460000.0,1047823,1700609460000.0,0.11210999999999997,-0.002805414,2344.099703500003,2344.299503500003,-11.1,1.2637,22.2,1.2536,long_nclose,27.82992,0.011872327767648627,7.0
1700609520000.0,1047824,1700609520000.0,0.07473999999999999,-0.0018702760000000001,2344.1725732240034,2344.3546132240035,-7.4,1.2637,14.8,1.2536,long_nclose,18.55328,0.00791463914044655,1.0
1700610540000.0,1047841,1700610540000.0,0.04948999999999999,-0.0012384260000000002,2344.2208247980034,2344.3237847980035,-4.9,1.2637,9.9,1.2536,long_nclose,12.41064,0.0052941428847981505,17.0
1700611080000.0,1047850,1700611080000.0,0.03332999999999999,-0.000834042,2344.2533207560036,2344.3067807560037,-3.3,1.2637,6.6,1.2536,long_nclose,8.27376,0.0035293796650490723,9.0
1700611260000.0,1047853,1700611260000.0,0.022219999999999997,-0.0005560280000000001,2344.2749847280033,2344.3304247280034,-2.2,1.2637,4.4,1.2536,long_nclose,5.515840000000001,0.002352898032838917,3.0
1700611920000.0,1047864,1700611920000.0,0.014139999999999996,-0.000353836,2344.2887708920034,2344.3283708920035,-1.4,1.2637,3.0,1.2536,long_nclose,3.7608,0.0016042392245768481,11.0
1700612100000.0,1047867,1700612100000.0,0.032099999999999795,-0.0003825,2344.3204883920034,2344.3501883920035,-1.5,1.275,1.5,1.2536,long_nclose,1.8804,0.0008021087600056715,3.0
1700612700000.0,1047877,1700612700000.0,0.014979999999999903,-0.00017849999999999997,2344.3352898920034,2344.3527298920035,-0.7,1.275,0.8,1.2536,long_nclose,1.00288,0.00042778863771069183,10.0
1700613240000.0,1047886,1700613240000.0,0.008559999999999946,-0.00010200000000000001,2344.3437478920036,2344.3526278920035,-0.4,1.275,0.4,1.2536,long_nclose,0.50144,0.00021389354716043105,9.0
1700613420000.0,1047889,1700613420000.0,0.01307999999999998,-0.000102904,2344.356724988004,2344.356724988004,-0.4,1.2863,0.0,1.2536,long_nclose,0.0,0.0,3.0
1700912460000.0,1052873,1700912460000.0,0.0,-0.018751816,2344.337973172004,2344.462533172004,69.2,1.3549,69.2,1.3549,long_ientry_normal,93.75908,0.039993840936313196,4984.0
1700912940000.0,1052881,1700912940000.0,0.2506999999999979,-0.0062826800000000006,2344.582390492004,2345.109070492004,-23.0,1.3658,46.2,1.3549,long_nclose,62.59638,0.026698306808857476,8.0
1700914140000.0,1052901,1700914140000.0,0.16785999999999862,-0.004206664000000001,2344.746043828004,2345.124883828004,-15.4,1.3658,30.8,1.3549,long_nclose,41.73092,0.01779762892013269,20.0
1700914860000.0,1052913,1700914860000.0,0.11117999999999907,-0.002786232,2344.854437596004,2345.122237596004,-10.2,1.3658,20.6,1.3549,long_nclose,27.91094,0.01190305869417417,12.0
1700917620000.0,1052959,1700917620000.0,0.07411999999999938,-0.0018574879999999998,2344.9267001080043,2345.0854001080043,-6.8,1.3658,13.8,1.3549,long_nclose,18.69762,0.007973647960569007,46.0
1700918100000.0,1052967,1700918100000.0,0.05013999999999958,-0.001256536,2344.9755835720043,2345.080463572004,-4.6,1.3658,9.2,1.3549,long_nclose,12.465079999999999,0.005315654494368959,8.0
1700918880000.0,1052980,1700918880000.0,0.03269999999999973,-0.0008194799999999999,2345.0074640920047,2345.070084092005,-3.0,1.3658,6.2,1.3549,long_nclose,8.40038,0.0035822401969422546,13.0
1700919000000.0,1052982,1700919000000.0,0.02179999999999982,-0.00054632,2345.0287177720047,2345.080377772005,-2.0,1.3658,4.2,1.3549,long_nclose,5.690580000000001,0.002426656849390988,2.0
1700920140000.0,1053001,1700920140000.0,0.04850999999999979,-0.00057876,2345.076649012005,2345.1266290120047,-2.1,1.378,2.1,1.3549,long_nclose,2.8452900000000003,0.0012133036253628377,19.0
1700922000000.0,1053032,1700922000000.0,0.0230999999999999,-0.0002756,2345.099473412005,2345.123233412005,-1.0,1.378,1.1,1.3549,long_nclose,1.49039,0.0006355338086497267,31.0
1700922540000.0,1053041,1700922540000.0,0.01154999999999995,-0.0001378,2345.110885612005,2345.124985612005,-0.5,1.378,0.6,1.3549,long_nclose,0.81294,0.00034665311776412933,9.0
1700922660000.0,1053043,1700922660000.0,0.006929999999999969,-8.267999999999999e-05,2345.117732932005,2345.123882932005,-0.3,1.378,0.3,1.3549,long_nclose,0.40647,0.00017332605279983413,2.0
1700923920000.0,1053064,1700923920000.0,0.00230999999999999,-2.7560000000000004e-05,2345.1200153720047,2345.1247153720046,-0.1,1.378,0.2,1.3549,long_nclose,0.27098,0.00011555058940427603,21.0
1700926260000.0,1053103,1700926260000.0,0.00230999999999999,-2.7560000000000004e-05,2345.1222978120045,2345.1247378120047,-0.1,1.378,0.1,1.3549,long_nclose,0.13549,5.777523847110744e-05,39.0
1700926500000.0,1053107,1700926500000.0,0.00230999999999999,-2.7560000000000004e-05,2345.1245802520043,2345.1245802520043,-0.1,1.378,0.0,1.3549,long_nclose,0.0,0.0,4.0
1701015840000.0,1054596,1701015840000.0,0.0,-0.018757446,2345.105822806004,2345.1831528060043,70.3,1.3341,70.3,1.3341,long_ientry_normal,93.78723,0.03999274961834352,1489.0
1701019800000.0,1054662,1701019800000.0,0.2503799999999984,-0.006293664,2345.349909142004,2345.865809142004,-23.4,1.3448,46.9,1.3341,long_nclose,62.56929,0.026678019239734525,66.0
1701019920000.0,1054664,1701019920000.0,0.16691999999999893,-0.004195776,2345.512633366004,2345.8506733660042,-15.6,1.3448,31.3,1.3341,long_nclose,41.75733,0.017803071876903425,2.0
1701030420000.0,1054839,1701030420000.0,0.1112799999999993,-0.0027971840000000003,2345.6211161820042,2345.8426561820042,-10.4,1.3448,20.9,1.3341,long_nclose,27.88269,0.0118871243985836,175.0
1701030660000.0,1054843,1701030660000.0,0.07382999999999953,-0.0018558240000000003,2345.693090358004,2345.8246903580043,-6.9,1.3448,14.0,1.3341,long_nclose,18.677400000000002,0.00796242273841094,4.0
1701031140000.0,1054851,1701031140000.0,0.04921999999999968,-0.001237216,2345.741073142004,2345.845413142004,-4.6,1.3448,9.4,1.3341,long_nclose,12.540540000000002,0.0053460887663967826,8.0
1701031380000.0,1054855,1701031380000.0,0.03316999999999979,-0.0008337759999999999,2345.773409366004,2345.8452293660043,-3.1,1.3448,6.3,1.3341,long_nclose,8.40483,0.003582967547693188,4.0
1701031500000.0,1054857,1701031500000.0,0.022469999999999858,-0.000564816,2345.795314550004,2345.835634550004,-2.1,1.3448,4.2,1.3341,long_nclose,5.60322,0.0023886227264781072,2.0
1701031560000.0,1054858,1701031560000.0,0.014979999999999903,-0.00037654400000000003,2345.809918006004,2345.8530380060038,-1.4,1.3448,2.8,1.3341,long_nclose,3.73548,0.0015924052376653133,1.0
1701033900000.0,1054897,1701033900000.0,0.009629999999999939,-0.00024206400000000003,2345.819305942004,2345.840965942004,-0.9,1.3448,1.9,1.3341,long_nclose,2.53479,0.0010805563725984051,39.0
1701034380000.0,1054905,1701034380000.0,0.006419999999999959,-0.000161376,2345.8255645660042,2345.842074566004,-0.6,1.3448,1.3,1.3341,long_nclose,1.7343300000000001,0.00073932607189438,8.0
1701036060000.0,1054933,1701036060000.0,0.013619999999999965,-0.000162816,2345.8390217500046,2345.8552617500045,-0.6,1.3568,0.7,1.3341,long_nclose,0.93387,0.00039809637035679007,28.0
1701037500000.0,1054957,1701037500000.0,0.024359999999999958,-0.000191646,2345.8631901040044,2345.8631901040044,-0.7,1.3689,0.0,1.3341,long_nclose,0.0,0.0,24.0
1701081480000.0,1055690,1701081480000.0,0.0,-0.018766248,2345.8444238560046,2346.1842638560047,70.8,1.3253,70.8,1.3253,long_ientry_normal,93.83124,0.03999891853261265,733.0
1701088320000.0,1055804,1701088320000.0,0.25252000000000363,-0.0063059200000000004,2346.0906379360044,2346.5579179360043,-23.6,1.336,47.2,1.3253,long_nclose,62.55416,0.02666314718984285,114.0
1701088380000.0,1055805,1701088380000.0,0.16799000000000242,-0.004195040000000001,2346.2544328960043,2346.5032828960043,-15.7,1.336,31.5,1.3253,long_nclose,41.74695,0.017793019126434356,1.0
1701095460000.0,1055923,1701095460000.0,0.0,-0.010558350000000003,2346.2438745460045,2345.7011745460045,40.5,1.3035,72.0,1.3130375,long_ientry_partial,94.5387,0.04029363742858706,118.0
1701097680000.0,1055960,1701097680000.0,0.2535000000000007,-0.006353280000000001,2346.4910212660043,2347.031621266004,-24.0,1.3236,48.0,1.3130375,long_nclose,63.025800000000004,0.026859595638254623,37.0
1701097800000.0,1055962,1701097800000.0,0.16900000000000048,-0.00423552,2346.6557857460043,2346.9233857460044,-16.0,1.3236,32.0,1.3130375,long_nclose,42.0172,0.01790513983994576,2.0
1701098160000.0,1055968,1701098160000.0,0.11196250000000031,-0.0028060320000000004,2346.7649422140043,2347.0573197140043,-10.6,1.3236,21.4,1.3130375,long_nclose,28.0990025,0.011973505311311923,6.0
1701098820000.0,1055979,1701098820000.0,0.0749937500000002,-0.001879512,2346.8380564520044,2346.9833802020044,-7.1,1.3236,14.3,1.3130375,long_nclose,18.776436250000003,0.008000737928370987,11.0
1701098940000.0,1055981,1701098940000.0,0.049643750000000146,-0.0012441840000000002,2346.8864560180045,2346.9868960180047,-4.7,1.3236,9.6,1.3130375,long_nclose,12.60516,0.005371013995021878,2.0
1701099000000.0,1055982,1701099000000.0,0.0338000000000001,-0.0008471040000000001,2346.9194089140046,2346.9934089140047,-3.2,1.3236,6.4,1.3130375,long_nclose,8.403440000000002,0.0035806257207138376,1.0
1701099480000.0,1055990,1701099480000.0,0.022181250000000065,-0.0005559120000000001,2346.9410342520046,2346.9903230020045,-2.1,1.3236,4.3,1.3130375,long_nclose,5.64606125,0.002405710739042688,8.0
1701099720000.0,1055994,1701099720000.0,0.014787500000000042,-0.000370608,2346.955451144004,2346.9863723940043,-1.4,1.3236,2.9,1.3130375,long_nclose,3.80780875,0.0016224461133865643,4.0
1701101820000.0,1056029,1701101820000.0,0.009506250000000027,-0.000238248,2346.964719146004,2346.986644146004,-0.9,1.3236,2.0,1.3130375,long_nclose,2.626075,0.0011189239354887092,35.0
1701101940000.0,1056031,1701101940000.0,0.006337500000000018,-0.00015883200000000003,2346.970897814004,2346.984145314004,-0.6,1.3236,1.4,1.3130375,long_nclose,1.8382525,0.0007832446928558722,2.0
1701103140000.0,1056051,1701103140000.0,0.004225000000000013,-0.00010588800000000001,2346.975016926004,2346.983979426004,-0.4,1.3236,1.0,1.3130375,long_nclose,1.3130375,0.0005594595130031577,20.0
1701103260000.0,1056053,1701103260000.0,0.003168750000000009,-7.941600000000001e-05,2346.978106260004,2346.986690010004,-0.3,1.3236,0.7,1.3130375,long_nclose,0.91912625,0.00039162114360949944,2.0
1701104340000.0,1056071,1701104340000.0,0.006708749999999952,-8.0124e-05,2346.9847348860044,2346.9941598860046,-0.3,1.3354,0.4,1.3130375,long_nclose,0.5252150000000001,0.0002237828785987014,18.0
1701104460000.0,1056073,1701104460000.0,0.004472499999999969,-5.3416e-05,2346.9891539700043,2346.9942664700043,-0.2,1.3354,0.2,1.3130375,long_nclose,0.26260750000000005,0.00011189122862190964,2.0
1701104760000.0,1056078,1701104760000.0,0.006852499999999973,-5.3892e-05,2346.9959525780046,2346.9959525780046,-0.2,1.3473,0.0,1.3130375,long_nclose,0.0,0.0,5.0
1701146580000.0,1056775,1701146580000.0,0.0,-0.01877208,2346.9771804980046,2347.0868304980045,73.1,1.284,73.1,1.284,long_ientry_normal,93.8604,0.03999203774963154,697.0
1701160800000.0,1057012,1701160800000.0,0.2502899999999994,-0.006290298000000001,2347.2211802000047,2347.7043002000046,-24.3,1.2943,48.8,1.284,long_nclose,62.6592,0.026695055637944123,237.0
1701161220000.0,1057019,1701161220000.0,0.1668599999999996,-0.004193532,2347.3838466680045,2347.7000666680046,-16.2,1.2943,32.6,1.284,long_nclose,41.8584,0.0178319366299704,7.0
1701162900000.0,1057047,1701162900000.0,0.11123999999999974,-0.002795688,2347.492290980005,2347.7473509800047,-10.8,1.2943,21.8,1.284,long_nclose,27.991200000000003,0.011923873022950185,28.0
1701164040000.0,1057066,1701164040000.0,0.07415999999999982,-0.0018637920000000002,2347.5645871880047,2347.766067188005,-7.2,1.2943,14.6,1.284,long_nclose,18.7464,0.007985467195369094,19.0
1701165900000.0,1057097,1701165900000.0,0.04943999999999988,-0.001242528,2347.6127846600043,2347.7274446600045,-4.8,1.2943,9.8,1.284,long_nclose,12.583200000000001,0.005359998072178832,31.0
1701166020000.0,1057099,1701166020000.0,0.03295999999999993,-0.0008283520000000002,2347.644916308004,2347.7181763080043,-3.2,1.2943,6.6,1.284,long_nclose,8.4744,0.0036097452136531634,2.0
1701166320000.0,1057104,1701166320000.0,0.022659999999999948,-0.0005694920000000001,2347.6670068160042,2347.714086816004,-2.2,1.2943,4.4,1.284,long_nclose,5.6496,0.002406474165031694,5.0
1701166440000.0,1057106,1701166440000.0,0.014419999999999966,-0.00036240400000000004,2347.681064412004,2347.716164412004,-1.4,1.2943,3.0,1.284,long_nclose,3.8520000000000003,0.0016407680150390296,2.0
1701167520000.0,1057124,1701167520000.0,0.010299999999999976,-0.00025886,2347.691105552004,2347.714305552004,-1.0,1.2943,2.0,1.284,long_nclose,2.568,0.0010938406649524685,18.0
1701169080000.0,1057150,1701169080000.0,0.006179999999999985,-0.000155316,2347.697130236004,2347.7126702360038,-0.6,1.2943,1.4,1.284,long_nclose,1.7975999999999999,0.0007656865005492829,26.0
1701169380000.0,1057155,1701169380000.0,0.004119999999999991,-0.00010354400000000002,2347.701146692004,2347.712946692004,-0.4,1.2943,1.0,1.284,long_nclose,1.284,0.0005469179932928016,5.0
1701169620000.0,1057159,1701169620000.0,0.0030899999999999925,-7.7658e-05,2347.704159034004,2347.712839034004,-0.3,1.2943,0.7,1.284,long_nclose,0.8987999999999999,0.0003828421040791715,4.0
1701170880000.0,1057180,1701170880000.0,0.006570000000000009,-7.8354e-05,2347.710650680004,2347.719290680004,-0.3,1.3059,0.4,1.284,long_nclose,0.5136000000000001,0.0002187663117050809,21.0
1701170940000.0,1057181,1701170940000.0,0.004380000000000006,-5.2236000000000006e-05,2347.714978444004,2347.719358444004,-0.2,1.3059,0.2,1.284,long_nclose,0.25680000000000003,0.0001093829542162735,1.0
1701171000000.0,1057182,1701171000000.0,0.002190000000000003,-2.6118000000000003e-05,2347.7171423260043,2347.7194923260045,-0.1,1.3059,0.1,1.284,long_nclose,0.12840000000000001,5.4691426699209395e-05,1.0
1701171120000.0,1057184,1701171120000.0,0.002190000000000003,-2.6118000000000003e-05,2347.7193062080046,2347.7193062080046,-0.1,1.3059,0.0,1.284,long_nclose,0.0,0.0,2.0
1701254400000.0,1058572,1701254400000.0,0.0,-0.018774336,2347.7005318720044,2348.1177718720046,73.2,1.2824,73.2,1.2824,long_ientry_normal,93.87168,0.03998452048104653,1388.0
1701257940000.0,1058631,1701257940000.0,0.2513199999999994,-0.006308375999999999,2347.945543496004,2348.467703496004,-24.4,1.2927,48.8,1.2824,long_nclose,62.58112,0.02665356535774634,59.0
1701258180000.0,1058635,1701258180000.0,0.1668599999999996,-0.004188348,2348.108215148004,2348.440735148004,-16.2,1.2927,32.6,1.2824,long_nclose,41.80624,0.01780422202447978,4.0
1701258240000.0,1058636,1701258240000.0,0.11123999999999974,-0.0027922320000000004,2348.216662916004,2348.449922916004,-10.8,1.2927,21.8,1.2824,long_nclose,27.95632,0.011905340951496349,1.0
1701260880000.0,1058680,1701260880000.0,0.07415999999999982,-0.0018614880000000001,2348.2889614280043,2348.4349614280045,-7.2,1.2927,14.6,1.2824,long_nclose,18.72304,0.007973056258210421,44.0
1701260940000.0,1058681,1701260940000.0,0.04943999999999988,-0.001240992,2348.337160436004,2348.4449604360043,-4.8,1.2927,9.8,1.2824,long_nclose,12.56752,0.005351667644550091,1.0
1701261060000.0,1058683,1701261060000.0,0.03295999999999993,-0.000827328,2348.369293108004,2348.442553108004,-3.2,1.2927,6.6,1.2824,long_nclose,8.46384,0.003604135016089541,2.0
1701261540000.0,1058691,1701261540000.0,0.022659999999999948,-0.0005687880000000001,2348.3913843200044,2348.4380243200044,-2.2,1.2927,4.4,1.2824,long_nclose,5.6425600000000005,0.002402734074769163,8.0
1701394080000.0,1060900,1701394080000.0,0.014419999999999966,-0.000361956,2348.4054423640046,2348.4366423640045,-1.4,1.2927,3.0,1.2824,long_nclose,3.8472,0.0016382179714790838,2209.0
1701394380000.0,1060905,1701394380000.0,0.010299999999999976,-0.00025854000000000003,2348.4154838240047,2348.438483824005,-1.0,1.2927,2.0,1.2824,long_nclose,2.5648,0.0010921406444755887,5.0
1701394740000.0,1060911,1701394740000.0,0.02190000000000003,-0.00026086,2348.437122964005,2348.459322964005,-1.0,1.3043,1.0,1.2824,long_nclose,1.2824,0.0005460652905969481,6.0
1701395640000.0,1060926,1701395640000.0,0.0030899999999999925,-7.7562e-05,2348.440135402005,2348.4479054020053,-0.3,1.2927,0.7,1.2824,long_nclose,0.8976799999999999,0.00038224521309602615,15.0
1701398160000.0,1060968,1701398160000.0,0.006570000000000009,-7.8258e-05,2348.446627144005,2348.4557471440053,-0.3,1.3043,0.4,1.2824,long_nclose,0.51296,0.00021842523226675215,42.0
1701398340000.0,1060971,1701398340000.0,0.004380000000000006,-5.217200000000001e-05,2348.450954972005,2348.455474972005,-0.2,1.3043,0.2,1.2824,long_nclose,0.25648,0.00010921241487159666,3.0
1701399900000.0,1060997,1701399900000.0,0.006680000000000019,-5.2632e-05,2348.457582340005,2348.457582340005,-0.2,1.3158,0.0,1.2824,long_nclose,0.0,0.0,26.0
1701688320000.0,1065804,1701688320000.0,0.0,-0.0187928,2348.438789540005,2348.438789540005,67.6,1.39,67.6,1.39,long_ientry_normal,93.96399999999998,0.04001126212806465,4807.0
1701688380000.0,1065805,1701688380000.0,0.0,-0.018797684000000002,2348.419991856005,2348.979571856005,69.4,1.3543,137.0,1.3719154744525548,long_rentry,187.95242000000002,0.08003356326883308,1.0
1701688440000.0,1065806,1701688440000.0,0.5008943649635021,-0.012612048,2348.9082741729685,2349.674619808005,-45.6,1.3829,91.4,1.3719154744525548,long_nclose,125.39307436496351,0.05338355513652971,1.0
1701688500000.0,1065807,1701688500000.0,0.33392957664233475,-0.008408032000000001,2349.233795717611,2351.2153517760053,-30.4,1.3829,61.0,1.3719154744525548,long_nclose,83.68684394160584,0.035623037644936635,1.0
1701688500000.0,1065807,1701688500000.0,0.7108895766423338,-0.008483424,2349.936201870253,2350.930228352005,-30.4,1.3953,30.6,1.3719154744525548,long_nclose,41.98061351824818,0.017864575848840873,0.0
1701688560000.0,1065808,1701688560000.0,1.095006481751822,-0.008615124,2351.022593228005,2351.022593228005,-30.6,1.4077,0.0,1.3719154744525548,long_nclose,0.0,0.0,1.0
1701688800000.0,1065812,1701688800000.0,0.0,-0.018813830000000004,2351.003779398005,2351.071479398005,67.7,1.3895,67.7,1.3895,long_ientry_normal,94.06915000000001,0.04001233465651307,4.0
1701688920000.0,1065814,1701688920000.0,0.2520000000000022,-0.00630315,2351.249476248005,2351.710516248005,-22.5,1.4007,45.2,1.3895,long_nclose,62.8054,0.026711499836342936,2.0
1701688980000.0,1065815,1701688980000.0,0.16800000000000148,-0.0042021,2351.4132741480053,2351.733394148005,-15.0,1.4007,30.2,1.3895,long_nclose,41.9629,0.017845820835218573,1.0
1701689040000.0,1065816,1701689040000.0,0.11200000000000099,-0.0028014000000000003,2351.5224727480054,2351.704272748005,-10.0,1.4007,20.2,1.3895,long_nclose,28.067899999999998,0.011936054333003952,1.0
1701689100000.0,1065817,1701689100000.0,0.07504000000000066,-0.0018769380000000003,2351.5956358100057,2351.8939858100057,-6.7,1.4007,13.5,1.3895,long_nclose,18.75825,0.007976817831412046,1.0
1701689100000.0,1065817,1701689100000.0,0.15879000000000038,-0.0018936880000000004,2351.7525321220055,2351.9028121220053,-6.7,1.4132,6.8,1.3895,long_nclose,9.448599999999999,0.004017684629204779,0.0
1701689160000.0,1065818,1701689160000.0,0.08058000000000018,-0.000960976,2351.8321511460053,2351.9253111460052,-3.4,1.4132,3.4,1.3895,long_nclose,4.7242999999999995,0.00200877430717066,1.0
1701689280000.0,1065820,1701689280000.0,0.04029000000000009,-0.000480488,2351.8719606580053,2351.9074906580054,-1.7,1.4132,1.7,1.3895,long_nclose,2.3621499999999997,0.0010043701525907554,2.0
1701689400000.0,1065822,1701689400000.0,0.018960000000000046,-0.00022611200000000002,2351.8906945460053,2351.9196745460054,-0.8,1.4132,0.9,1.3895,long_nclose,1.25055,0.0005317211394645186,2.0
1701689460000.0,1065823,1701689460000.0,0.03258000000000001,-0.00025662600000000003,2351.9230179200053,2351.9230179200053,-0.9,1.4257,0.0,1.3895,long_nclose,0.0,0.0,1.0
1701816960000.0,1067948,1701816960000.0,0.0,-0.018807296000000005,2351.9042106240054,2352.0929306240055,67.4,1.3952,67.4,1.3952,long_ientry_normal,94.03648000000001,0.03998312498239472,2125.0
1701817500000.0,1067957,1701817500000.0,0.2508800000000022,-0.006300672,2352.1487899520052,2352.7067899520052,-22.4,1.4064,45.0,1.3952,long_nclose,62.784,0.026692188975545667,9.0
1701817800000.0,1067962,1701817800000.0,0.535500000000001,-0.0063855000000000006,2352.6779044520054,2353.1729044520052,-22.5,1.419,22.5,1.3952,long_nclose,31.392,0.01334309296678329,5.0
1701818220000.0,1067969,1701818220000.0,0.26656000000000046,-0.00317856,2352.9412858920055,2353.2294358920053,-11.2,1.419,11.3,1.3952,long_nclose,15.76576,0.006700447688401695,7.0
1701818460000.0,1067973,1701818460000.0,0.13328000000000023,-0.00158928,2353.0729766120053,2353.212056612005,-5.6,1.419,5.7,1.3952,long_nclose,7.952640000000001,0.0033796826868711686,4.0
1701818580000.0,1067975,1701818580000.0,0.06664000000000012,-0.00079464,2353.138821972005,2353.1982719720054,-2.8,1.419,2.9,1.3952,long_nclose,4.04608,0.0017194395682143633,2.0
1701820080000.0,1068000,1701820080000.0,0.03332000000000006,-0.00039732,2353.171744652005,2353.222294652005,-1.4,1.419,1.5,1.3952,long_nclose,2.0928,0.0008893528510004655,25.0
1701820500000.0,1068007,1701820500000.0,0.01666000000000003,-0.00019866,2353.188205992005,2353.207165992005,-0.7,1.419,0.8,1.3952,long_nclose,1.11616,0.0004743182024956113,7.0
1701820560000.0,1068008,1701820560000.0,0.009520000000000018,-0.00011352000000000001,2353.197612472005,2353.207252472005,-0.4,1.419,0.4,1.3952,long_nclose,0.55808,0.0002371581532473781,1.0
1701820800000.0,1068012,1701820800000.0,0.014559999999999997,-0.00011452800000000001,2353.212057944005,2353.212057944005,-0.4,1.4316,0.0,1.3952,long_nclose,0.0,0.0,4.0
1701860760000.0,1068678,1701860760000.0,0.0,-0.01883646,2353.1932214840053,2352.893581484005,68.1,1.383,68.1,1.383,long_ientry_normal,94.1823,0.040023190250652416,666.0
1701862500000.0,1068707,1701862500000.0,0.0,-0.018838050000000002,2353.1743834340054,2352.3162334340054,69.9,1.3475,138.0,1.3650184782608696,long_rentry,188.37255000000002,0.08005039971797862,29.0
1701864180000.0,1068735,1701864180000.0,0.5051499999999916,-0.012659199999999999,2353.6668742340053,2354.6311742340054,-46.0,1.376,92.0,1.3650184782608696,long_nclose,125.58170000000001,0.053355766431844885,28.0
1701864240000.0,1068736,1701864240000.0,0.3360345652173857,-0.008421119999999999,2353.9944876792224,2354.607353114005,-30.6,1.376,61.4,1.3650184782608696,long_nclose,83.81213456521739,0.03560421870309767,1.0
1701864300000.0,1068737,1701864300000.0,0.2240230434782571,-0.00561408,2354.2128966427003,2354.679539034005,-20.4,1.376,41.0,1.3650184782608696,long_nclose,55.965757608695654,0.023772598344231056,1.0
1701864780000.0,1068745,1701864780000.0,0.1493486956521714,-0.00374272,2354.3585026183523,2354.7004963140043,-13.6,1.376,27.4,1.3650184782608696,long_nclose,37.401506304347826,0.01588607098823416,8.0
1701864960000.0,1068748,1701864960000.0,0.0,-0.011304456000000001,2354.3471981623525,2354.631791858005,41.2,1.3719,68.6,1.369151403853467,long_ientry_partial,93.92378630434781,0.03989377028913089,3.0
1701866880000.0,1068780,1701866880000.0,0.2519079921409569,-0.006293712000000001,2354.592812442493,2355.0484581460046,-22.8,1.3802,45.8,1.369151403853467,long_nclose,62.70713429648878,0.026631837982823325,32.0
1701867060000.0,1068783,1701867060000.0,0.16793866142730457,-0.0041958080000000005,2354.7565552959204,2355.1283023380042,-15.2,1.3802,30.6,1.369151403853467,long_nclose,41.89603295791609,0.017792086771641263,3.0
1701867360000.0,1068788,1701867360000.0,0.11269568069463859,-0.0028156080000000003,2354.866435368615,2355.0551067300044,-10.2,1.3802,20.4,1.369151403853467,long_nclose,27.93068863861072,0.011860837718483444,5.0
1701872160000.0,1068868,1701872160000.0,0.0,-0.013304479999999999,2354.853130888615,2354.450922250004,49.0,1.3576,69.4,1.36099551352465,long_ientry_partial,94.45308863861072,0.040109970086741,80.0
1701879060000.0,1068983,1701879060000.0,0.25189363758058053,-0.006338178,2355.0986863481953,2355.668384072004,-23.1,1.3719,46.3,1.36099551352465,long_nclose,63.01409227619129,0.02675645510800256,115.0
1701879300000.0,1068987,1701879300000.0,0.16792909172038703,-0.004225452,2355.262389987916,2355.5900686200043,-15.4,1.3719,30.9,1.36099551352465,long_nclose,42.05476136791169,0.017855658692926973,4.0
1701879360000.0,1068988,1701879360000.0,0.11231621069610301,-0.0028261140000000002,2355.371880084612,2355.592392506004,-10.3,1.3719,20.6,1.36099551352465,long_nclose,28.036507578607793,0.011903219111879963,1.0
1701879540000.0,1068991,1701879540000.0,0.07415050803237867,-0.0018657839999999997,2355.444164808644,2355.5987867220038,-6.8,1.3719,13.8,1.36099551352465,long_nclose,18.78173808664017,0.00797375644358184,3.0
1701879660000.0,1068993,1701879660000.0,0.050160637786609105,-0.0012621479999999998,2355.4930632984306,2355.589704574004,-4.6,1.3719,9.2,1.36099551352465,long_nclose,12.52115872442678,0.005315727275754836,2.0
1701879720000.0,1068994,1701879720000.0,0.03271345942604942,-0.00082314,2355.524953617856,2355.585121434003,-3.0,1.3719,6.2,1.36099551352465,long_nclose,8.438172183852831,0.0035822894471538597,1.0
1701879780000.0,1068995,1701879780000.0,0.021808972950699612,-0.00054876,2355.5462138308067,2355.589492674003,-2.0,1.3719,4.2,1.36099551352465,long_nclose,5.716181156803531,0.002426690303607905,1.0
1701879840000.0,1068996,1701879840000.0,0.015266281065489728,-0.000384132,2355.5610959798723,2355.6008685420034,-1.4,1.3719,2.8,1.36099551352465,long_nclose,3.81078743786902,0.0016177833147154263,1.0
1701880320000.0,1069004,1701880320000.0,0.009814037827814827,-0.000246942,2355.5706630757,2355.590621600003,-0.9,1.3719,1.9,1.36099551352465,long_nclose,2.585891475696835,0.0010977770763711252,8.0
1701880380000.0,1069005,1701880380000.0,0.0065426918852098835,-0.00016462799999999997,2355.5770411395847,2355.5903069720025,-0.6,1.3719,1.3,1.36099551352465,long_nclose,1.7692941675820453,0.0007511085974611526,1.0
1701880500000.0,1069007,1701880500000.0,0.004361794590139923,-0.00010975200000000002,2355.581293182175,2355.591017220003,-0.4,1.3719,0.9,1.36099551352465,long_nclose,1.224895962172185,0.0005199973211357365,2.0
1701880560000.0,1069008,1701880560000.0,0.0032713459426049417,-8.231399999999998e-05,2355.584482214118,2355.5909049060033,-0.3,1.3719,0.6,1.36099551352465,long_nclose,0.81659730811479,0.0003466644114361095,1.0
1701880620000.0,1069009,1701880620000.0,0.0021808972950699613,-5.487600000000001e-05,2355.586608235413,2355.5899700300033,-0.2,1.3719,0.4,1.36099551352465,long_nclose,0.5443982054098601,0.00023110939903741117,1.0
1701880800000.0,1069012,1701880800000.0,0.0010904486475349807,-2.7438000000000004e-05,2355.587671246061,2355.5912125920036,-0.1,1.3719,0.3,1.36099551352465,long_nclose,0.408298654057395,0.00017333197105816607,3.0
1701880920000.0,1069014,1701880920000.0,0.0010904486475349807,-2.7438000000000004e-05,2355.5887342567084,2355.5909751540034,-0.1,1.3719,0.2,1.36099551352465,long_nclose,0.27219910270493003,0.00011555459522556291,2.0
1701881880000.0,1069030,1701881880000.0,0.0010904486475349807,-2.7438000000000004e-05,2355.589797267356,2355.5909877160034,-0.1,1.3719,0.1,1.36099551352465,long_nclose,0.13609955135246501,5.777727153953109e-05,16.0
1701882540000.0,1069041,1701882540000.0,0.0010904486475349807,-2.7438000000000004e-05,2355.5908602780037,2355.5908602780037,-0.1,1.3719,0.0,1.36099551352465,long_nclose,0.0,0.0,11.0
1701903120000.0,1069384,1701903120000.0,0.0,-0.018840316,2355.5720199620037,2356.1226999620035,70.6,1.3343,70.6,1.3343,long_ientry_normal,94.20157999999999,0.0399909572713975,343.0
1701903300000.0,1069387,1701903300000.0,0.2514499999999984,-0.0063215,2355.817148462004,2356.481258462004,-23.5,1.345,47.1,1.3343,long_nclose,62.845530000000004,0.026676743583868016,3.0
1701906060000.0,1069433,1701906060000.0,0.16798999999999892,-0.0042233,2355.980915162004,2356.458195162004,-15.7,1.345,31.4,1.3343,long_nclose,41.89702,0.017783259503661573,46.0
1701906120000.0,1069434,1701906120000.0,0.3579599999999989,-0.004261294,2356.3346138680035,2356.6454738680036,-15.7,1.3571,15.7,1.3343,long_nclose,20.94851,0.008890295069600623,1.0
1701906180000.0,1069435,1701906180000.0,0.17783999999999947,-0.002117076,2356.5103367920033,2356.702306792003,-7.8,1.3571,7.9,1.3343,long_nclose,10.540970000000002,0.004473126994363105,1.0
1701906180000.0,1069435,1701906180000.0,0.27491999999999955,-0.002163178,2356.783093614003,2356.783093614003,-7.9,1.3691,0.0,1.3343,long_nclose,0.0,0.0,0.0
1701941160000.0,1070018,1701941160000.0,0.0,-0.01885048,2356.764243134003,2357.1442931340034,69.1,1.364,69.1,1.364,long_ientry_normal,94.2524,0.039992290393316574,583.0
1701941400000.0,1070022,1701941400000.0,0.25299999999999767,-0.006325,2357.0109181340035,2357.5226281340038,-23.0,1.375,46.1,1.364,long_nclose,62.88040000000001,0.02667802661252885,4.0
1701941760000.0,1070028,1701941760000.0,0.5358999999999972,-0.0063815799999999995,2357.5404365540035,2358.0278465540036,-23.0,1.3873,23.1,1.364,long_nclose,31.508400000000005,0.01336494573389187,6.0
1701942060000.0,1070033,1701942060000.0,0.2679499999999986,-0.0031907899999999998,2357.805195764003,2358.116075764003,-11.5,1.3873,11.6,1.364,long_nclose,15.8224,0.006710647694061529,5.0
1701942360000.0,1070038,1701942360000.0,0.41179999999999845,-0.0032468399999999995,2358.213748924003,2358.213748924003,-11.6,1.3995,0.0,1.364,long_nclose,0.0,0.0,5.0
1702210440000.0,1074506,1702210440000.0,0.0,-0.018868667999999998,2358.194880256003,2358.2259602560034,51.8,1.8213,51.8,1.8213,long_ientry_normal,94.34333999999998,0.0400065918172794,4468.0
1702211160000.0,1074518,1702211160000.0,0.2511200000000029,-0.006315496,2358.4396847600033,2358.771844760003,-17.2,1.8359,34.6,1.8213,long_nclose,63.01698,0.0267197759634089,12.0
1702211700000.0,1074527,1702211700000.0,0.0,-0.0062608,2358.4334239600034,2358.3729039600034,17.2,1.82,51.8,1.82086833976834,long_ientry_partial,94.32098,0.03999306448160293,9.0
1702212240000.0,1074536,1702212240000.0,0.2516645559845494,-0.00631412,2358.678774395988,2359.1988698400037,-17.2,1.8355,34.6,1.82086833976834,long_nclose,63.00204455598457,0.026710735365869466,9.0
1702213020000.0,1074549,1702213020000.0,0.16826409266408826,-0.0042216499999999995,2358.842816838652,2359.1507781900036,-11.5,1.8355,23.1,1.82086833976834,long_nclose,42.06205864864866,0.017831649632772353,13.0
1702213080000.0,1074550,1702213080000.0,0.11266378378378084,-0.0028266700000000003,2358.952653952436,2359.1826015200036,-7.7,1.8355,15.4,1.82086833976834,long_nclose,28.04137243243244,0.011887212905883886,1.0
1702214340000.0,1074571,1702214340000.0,0.0,-0.01326118,2358.939392772436,2358.8010003400036,36.5,1.8166,51.9,1.8178665208561164,long_ientry_partial,94.34727243243245,0.039995632241126435,21.0
1702224240000.0,1074736,1702224240000.0,0.2531591891891859,-0.006340450000000001,2359.186211511625,2359.6752298900033,-17.3,1.8325,34.6,1.8178665208561164,long_nclose,62.89818162162163,0.026660965257727685,165.0
1702224300000.0,1074737,1702224300000.0,0.16828501015466113,-0.004214750000000001,2359.35028177178,2359.766855140004,-11.5,1.8325,23.1,1.8178665208561164,long_nclose,41.99271663177629,0.017798423979775227,1.0
1702225860000.0,1074763,1702225860000.0,0.11267778940790354,-0.0028220500000000004,2359.460137511188,2359.7193730900035,-7.7,1.8325,15.4,1.8178665208561164,long_nclose,27.995144421184193,0.011865063527080439,26.0
1702231680000.0,1074860,1702231680000.0,0.07463074363380623,-0.0018691499999999998,2359.532899104822,2359.6918639400037,-5.1,1.8325,10.3,1.8178665208561164,long_nclose,18.724025164818002,0.007935479590863798,97.0
1702232880000.0,1074880,1702232880000.0,0.04975382908920416,-0.0012461,2359.581406833911,2359.678927840004,-3.4,1.8325,6.9,1.8178665208561164,long_nclose,12.543278993907204,0.0053158916058496115,20.0
1702233000000.0,1074882,1702233000000.0,0.03365700203093222,-0.00084295,2359.614220885942,2359.681994890004,-2.3,1.8325,4.6,1.8178665208561164,long_nclose,8.362185995938136,0.0035438784534865472,2.0
1702233120000.0,1074884,1702233120000.0,0.021950218715825365,-0.0005497500000000001,2359.635621354658,2359.6775751400037,-1.5,1.8325,3.1,1.8178665208561164,long_nclose,5.635386214653961,0.002388244254177985,2.0
1702233240000.0,1074886,1702233240000.0,0.014633479143883577,-0.0003665,2359.6498883338018,2359.6808286400037,-1.0,1.8325,2.1,1.8178665208561164,long_nclose,3.817519693797845,0.0016178331000170011,2.0
1702233540000.0,1074891,1702233540000.0,0.010243435400718502,-0.00025655,2359.6598752192026,2359.680082090004,-0.7,1.8325,1.4,1.8178665208561164,long_nclose,2.545013129198563,0.0010785508351970183,5.0
1702233600000.0,1074892,1702233600000.0,0.005853391657553431,-0.00014660000000000004,2359.6655820108604,2359.6802154900042,-0.4,1.8325,1.0,1.8178665208561164,long_nclose,1.8178665208561164,0.0007703915905350311,1.0
1702233660000.0,1074893,1702233660000.0,0.004390043743165073,-0.00010995,2359.6698621046035,2359.6821355400043,-0.3,1.8325,0.7,1.8178665208561164,long_nclose,1.2725065645992815,0.000539273135210671,1.0
1702234620000.0,1074909,1702234620000.0,0.0029266958287767156,-7.330000000000002e-05,2359.672715500432,2359.6800822400037,-0.2,1.8325,0.5,1.8178665208561164,long_nclose,0.9089332604280582,0.0003851946307881492,16.0
1702234740000.0,1074911,1702234740000.0,0.0014633479143883578,-3.665000000000001e-05,2359.6741421983465,2359.6803155900043,-0.1,1.8325,0.4,1.8178665208561164,long_nclose,0.7271466083424466,0.0003081555183144966,2.0
1702234920000.0,1074914,1702234920000.0,0.0014633479143883578,-3.665000000000001e-05,2359.675568896261,2359.6798989400045,-0.1,1.8325,0.3,1.8178665208561164,long_nclose,0.5453599562568349,0.0002311164989990243,3.0
1702234980000.0,1074915,1702234980000.0,0.0014633479143883578,-3.665000000000001e-05,2359.676995594176,2359.680342290005,-0.1,1.8325,0.2,1.8178665208561164,long_nclose,0.3635733041712233,0.00015407757284156349,1.0
1702236180000.0,1074935,1702236180000.0,0.0014633479143883578,-3.665000000000001e-05,2359.6784222920905,2359.679985640005,-0.1,1.8325,0.1,1.8178665208561164,long_nclose,0.18178665208561165,7.703873984194502e-05,20.0
1702236660000.0,1074943,1702236660000.0,0.0014633479143883578,-3.665000000000001e-05,2359.679848990005,2359.679848990005,-0.1,1.8325,0.0,1.8178665208561164,long_nclose,0.0,0.0,8.0
1702260600000.0,1075342,1702260600000.0,0.0,-0.018861216,2359.660987774005,2360.0781077740053,52.8,1.7861,52.8,1.7861,long_ientry_normal,94.30608,0.039965944467711005,399.0
1702260720000.0,1075344,1702260720000.0,0.0,-0.018864852,2359.642122922005,2349.637582922005,54.2,1.7403,107.0,1.762900373831776,long_rentry,188.63034000000002,0.07994023253255636,2.0
1702260720000.0,1075344,1702260720000.0,0.0,-0.018907740000000003,2359.623215182005,2347.731675182005,55.5,1.7034,162.5,1.7425787076923078,long_rentry,283.16904,0.1200060408704524,0.0
1702260720000.0,1075344,1702260720000.0,0.0,-0.028149456,2359.595065726005,2347.6866657260052,84.3,1.6696,246.8,1.7176512155591572,long_rentry,423.91632000000004,0.1796563851813144,0.0
1702260780000.0,1075345,1702260780000.0,0.0,-0.041600000000000005,2359.553465726005,2352.316305726005,128.0,1.625,374.8,1.6860093916755605,long_rentry,631.9163200000002,0.26781182506731943,1.0
1702260840000.0,1075346,1702260840000.0,1.697466979722491,-0.042456008,2361.2084766977273,2366.504009718005,-124.9,1.6996,249.9,1.6860093916755605,long_nclose,421.3337469797226,0.17843987565595212,1.0
1702260900000.0,1075347,1702260900000.0,3.5834569797224773,-0.042833206000000006,2364.7491004714498,2369.297926512005,-124.9,1.7147,125.0,1.6860093916755605,long_nclose,210.75117395944505,0.08912200195675242,1.0
1702260900000.0,1075347,1702260900000.0,5.486326040554934,-0.0432475,2370.192179012005,2370.192179012005,-125.0,1.7299,0.0,1.6860093916755605,long_nclose,0.0,0.0,0.0
1702260960000.0,1075348,1702260960000.0,0.0,-0.018946400000000002,2370.173232612005,2369.282232612005,55.0,1.7224,55.0,1.7224,long_ientry_normal,94.732,0.039968386570462776,1.0
1702261020000.0,1075349,1702261020000.0,0.25254000000000065,-0.006354492000000001,2370.419418120005,2371.175438120005,-18.3,1.7362,36.7,1.7224,long_nclose,63.21208,0.026667044454999407,1.0
1702261020000.0,1075349,1702261020000.0,0.5380200000000017,-0.006411588000000001,2370.951026532005,2371.330066532005,-18.3,1.7518,18.4,1.7224,long_nclose,31.692159999999998,0.013366855597332259,0.0
1702261080000.0,1075350,1702261080000.0,0.0,-0.012549600000000001,2370.938476932005,2371.556876932005,36.0,1.743,54.4,1.7360323529411765,long_ientry_partial,94.44016,0.039832395871446484,1.0
1702261080000.0,1075350,1702261080000.0,0.14506235294117617,-0.0032233120000000003,2371.080315972946,2371.594133620005,-9.2,1.7518,45.2,1.7360323529411765,long_nclose,78.46866235294118,0.03309405498596214,0.0
1702261140000.0,1075351,1702261140000.0,0.2095147058823521,-0.00525,2371.284580678828,2371.7094236200046,-15.0,1.75,30.2,1.7360323529411765,long_nclose,52.42817705882353,0.02210960990764546,1.0
1702261200000.0,1075352,1702261200000.0,0.0,-0.00840048,2371.276180198828,2371.0343631400046,24.0,1.7501,54.2,1.7422615693509877,long_ientry_partial,94.43057705882354,0.039822681915906426,1.0
1702261440000.0,1075356,1702261440000.0,0.25269175168222,-0.00632268,2371.5225492705104,2371.7085604600047,-18.0,1.7563,36.2,1.7422615693509877,long_nclose,63.06986881050576,0.026594673885730623,4.0
1702261500000.0,1075357,1702261500000.0,0.0,-0.006325588000000001,2371.5162236825104,2371.3981548720044,18.1,1.7474,54.3,1.7439743795673253,long_ientry_partial,94.69780881050576,0.03993133501041718,1.0
1702261740000.0,1075361,1702261740000.0,0.2538637298314129,-0.006363960000000001,2371.7637234523418,2372.256970912005,-18.1,1.758,36.2,1.7439743795673253,long_nclose,63.13187254033718,0.026618112047199355,4.0
1702261800000.0,1075362,1702261800000.0,0.0,-0.006257056000000001,2371.757466396342,2372.2723138560045,17.8,1.7576,54.0,1.748465787784022,long_ientry_partial,94.41715254033718,0.03980894078676392,1.0
1702261800000.0,1075362,1702261800000.0,0.11441054659173666,-0.0042192,2371.8676577429337,2372.268094656005,-12.0,1.758,42.0,1.748465787784022,long_nclose,73.43556308692892,0.030961071056051295,0.0
1702261860000.0,1075363,1702261860000.0,0.0,-0.0042192,2371.8634385429336,2372.798475456005,12.0,1.758,54.0,1.750584501609795,long_ientry_partial,94.53156308692893,0.03985539873450762,1.0
1702261860000.0,1075363,1702261860000.0,0.16681697746287005,-0.004935,2372.0253205203967,2372.7179404560047,-14.0,1.7625,40.0,1.750584501609795,long_nclose,70.0233800643918,0.029520502778203662,0.0
1702261920000.0,1075364,1702261920000.0,0.0,-0.004844046,2372.0204764743967,2372.122396410005,13.7,1.7679,53.7,1.7550020496162346,long_ientry_partial,94.2436100643918,0.03973136446295305,1.0
1702261980000.0,1075365,1702261980000.0,0.25235331186939824,-0.006333378,2372.266496408266,2372.7031830320047,-17.9,1.7691,35.8,1.7550020496162346,long_nclose,62.82907337626119,0.026484829369460665,1.0
1702262040000.0,1075366,1702262040000.0,0.0,-0.006326576,2372.260169832266,2372.670006456005,17.9,1.7672,53.7,1.7590680330774897,long_ientry_partial,94.4619533762612,0.03981939020749999,1.0
1702262040000.0,1075366,1702262040000.0,0.11938040637787117,-0.004210458,2372.3753397806436,2372.6943559980045,-11.9,1.7691,41.8,1.7590680330774897,long_nclose,73.52904378263906,0.030993849307773432,0.0
1702262100000.0,1075367,1702262100000.0,0.0,-0.0042047460000000005,2372.3711350346434,2372.819031252004,11.9,1.7667,53.7,1.760759288317301,long_ientry_partial,94.55277378263908,0.03985581024246374,1.0
1702262100000.0,1075367,1702262100000.0,0.17292589238951614,-0.004929496,2372.539131431033,2372.8710917560047,-13.9,1.7732,39.8,1.760759288317301,long_nclose,70.07821967502858,0.029537223958350407,0.0
1702262160000.0,1075368,1702262160000.0,0.0,-0.0048827160000000005,2372.5342487150333,2372.801889040005,13.8,1.7691,53.6,1.762906710355011,long_ientry_partial,94.49179967502859,0.03982737013225644,1.0
1702263060000.0,1075383,1702263060000.0,0.2526405556808043,-0.006326476,2372.780562794714,2373.406822564005,-17.8,1.7771,35.8,1.762906710355011,long_nclose,63.11206023070938,0.026598355204146894,15.0
1702263240000.0,1075386,1702263240000.0,0.5368798846453038,-0.006418582,2373.311024097359,2374.0143739820046,-17.9,1.7929,17.9,1.762906710355011,long_nclose,31.55603011535469,0.013296205088566673,3.0
1702263420000.0,1075389,1702263420000.0,0.2669402778404025,-0.003191362,2373.5747730132,2373.8924126200045,-8.9,1.7929,9.0,1.762906710355011,long_nclose,15.866160393195099,0.0066844999254240325,3.0
1702263540000.0,1075391,1702263540000.0,0.4130396068049016,-0.00325584,2373.984556780005,2373.984556780005,-9.0,1.8088,0.0,1.762906710355011,long_nclose,0.0,0.0,2.0
1702383060000.0,1077383,1702383060000.0,0.0,-0.018979492,2373.9655772880046,2374.3079472880045,46.9,2.0234,46.9,2.0234,long_ientry_normal,94.89746,0.03997423589789787,1992.0
1702385100000.0,1077417,1702385100000.0,0.2527199999999999,-0.006363552000000001,2374.2119337360045,2374.7221237360045,-15.6,2.0396,31.3,2.0234,long_nclose,63.332420000000006,0.026675133377980113,34.0
1702385940000.0,1077431,1702385940000.0,0.16847999999999994,-0.004242368000000001,2374.376171368004,2374.727291368004,-10.4,2.0396,20.9,2.0234,long_nclose,42.28906,0.01781059821520826,14.0
1702386120000.0,1077434,1702386120000.0,0.11177999999999995,-0.0028146480000000003,2374.4851367200044,2374.7917367200043,-6.9,2.0396,14.0,2.0234,long_nclose,28.3276,0.011929996765164147,3.0
1702386840000.0,1077446,1702386840000.0,0.0,-0.01336247,2374.4717742500043,2374.3937542500043,33.1,2.0185,47.1,2.019956475583864,long_ientry_partial,95.13995,0.04006783783734414,12.0
1702387140000.0,1077451,1702387140000.0,0.25502333333333643,-0.006393668,2374.7204039153376,2375.073450582004,-15.7,2.0362,31.4,2.019956475583864,long_nclose,63.42663333333333,0.026709095196536907,5.0
1702387740000.0,1077461,1702387740000.0,0.16893265392781523,-0.004235296,2374.8851012732653,2375.222015286004,-10.4,2.0362,21.0,2.019956475583864,long_nclose,42.41908598726114,0.017861531896645726,10.0
1702387800000.0,1077462,1702387800000.0,0.11370467091295255,-0.00285068,2374.995955264178,2375.317164606004,-7.0,2.0362,14.0,2.019956475583864,long_nclose,28.279390658174094,0.011907132134474937,1.0
1702387920000.0,1077464,1702387920000.0,0.24110467091295096,-0.00287616,2375.234183775091,2375.421388446004,-7.0,2.0544,7.0,2.019956475583864,long_nclose,14.139695329087047,0.00595296894330396,2.0
1702388160000.0,1077468,1702388160000.0,0.12055233545647548,-0.00143808,2375.3532980305476,2375.490650366004,-3.5,2.0544,3.5,2.019956475583864,long_nclose,7.0698476645435235,0.0029763352131260954,4.0
1702389240000.0,1077486,1702389240000.0,0.058553991507430944,-0.000698496,2375.411153526055,2375.458031870004,-1.7,2.0544,1.8,2.019956475583864,long_nclose,3.635921656050955,0.0015306493996434265,18.0
1702389840000.0,1077496,1702389840000.0,0.009746114649681647,-0.000244344,2375.420655296705,2375.4423075260042,-0.6,2.0362,1.2,2.019956475583864,long_nclose,2.4239477707006367,0.0010204288513260698,10.0
1702390020000.0,1077499,1702390020000.0,0.006497409766454432,-0.00016289600000000002,2375.4269898104712,2375.4421446300043,-0.4,2.0362,0.8,2.019956475583864,long_nclose,1.6159651804670911,0.0006802840867763418,3.0
1702390200000.0,1077502,1702390200000.0,0.003248704883227216,-8.144800000000001e-05,2375.4301570673547,2375.4411631820044,-0.2,2.0362,0.6,2.019956475583864,long_nclose,1.2119738853503184,0.0005102123847945882,3.0
1702390680000.0,1077510,1702390680000.0,0.003248704883227216,-8.144800000000001e-05,2375.433324324238,2375.4397417340047,-0.2,2.0362,0.4,2.019956475583864,long_nclose,0.8079825902335456,0.00034014113633915613,8.0
1702390740000.0,1077511,1702390740000.0,0.001624352441613608,-4.0724000000000005e-05,2375.4349079526796,2375.4434110100046,-0.1,2.0362,0.3,2.019956475583864,long_nclose,0.6059869426751592,0.00025510568218324375,1.0
1702390860000.0,1077513,1702390860000.0,0.001624352441613608,-4.0724000000000005e-05,2375.436491581121,2375.440780286004,-0.1,2.0362,0.2,2.019956475583864,long_nclose,0.4039912951167728,0.00017007034140823144,2.0
1702391880000.0,1077530,1702391880000.0,0.001624352441613608,-4.0724000000000005e-05,2375.4380752095626,2375.439539562004,-0.1,2.0362,0.1,2.019956475583864,long_nclose,0.2019956475583864,8.503511401389246e-05,17.0
1702391940000.0,1077531,1702391940000.0,0.001624352441613608,-4.0724000000000005e-05,2375.439658838004,2375.439658838004,-0.1,2.0362,0.0,2.019956475583864,long_nclose,0.0,0.0,1.0
1702402080000.0,1077700,1702402080000.0,0.0,-0.018993350000000003,2375.420665488004,2376.194915488004,47.5,1.9993,47.5,1.9993,long_ientry_normal,94.96675,0.039978918841513965,169.0
1702402200000.0,1077702,1702402200000.0,0.25438000000000005,-0.0063686640000000004,2375.668676824004,2376.3724168240037,-15.8,2.0154,31.7,1.9993,long_nclose,63.377810000000004,0.02667788257608753,2.0
1702402560000.0,1077708,1702402560000.0,0.16905000000000003,-0.00423234,2375.833494484004,2376.075174484004,-10.5,2.0154,21.2,1.9993,long_nclose,42.38516,0.017840122255371026,6.0
1702402620000.0,1077709,1702402620000.0,0.11270000000000002,-0.0028215600000000003,2375.943372924004,2376.197552924004,-7.0,2.0154,14.2,1.9993,long_nclose,28.39006,0.011948963230155263,1.0
1702402920000.0,1077714,1702402920000.0,0.07567000000000002,-0.0018944760000000004,2376.0171484480043,2376.175798448004,-4.7,2.0154,9.5,1.9993,long_nclose,18.99335,0.007993776481119383,5.0
1702403580000.0,1077725,1702403580000.0,0.0,-0.015204948000000003,2376.0019435000045,2375.9648935000046,38.1,1.9954,47.6,1.9961783613445379,long_ientry_partial,95.01809,0.039990745908242906,11.0
1702404360000.0,1077738,1702404360000.0,0.2531418907563017,-0.006358552000000001,2376.248726838761,2376.7963749480045,-15.8,2.0122,31.8,1.9961783613445379,long_nclose,63.4784718907563,0.0267137320995874,13.0
1702404840000.0,1077746,1702404840000.0,0.1698293697478986,-0.004265864,2376.4142903445086,2376.7603090840043,-10.6,2.0122,21.2,1.9961783613445379,long_nclose,42.3189812605042,0.017807913978824468,8.0
1702405080000.0,1077750,1702405080000.0,0.11215147058823494,-0.00281708,2376.5236247350967,2376.7113720040043,-7.0,2.0122,14.2,1.9961783613445379,long_nclose,28.345732731092436,0.011927393624901179,4.0
1702405260000.0,1077753,1702405260000.0,0.07530170168067203,-0.001891468,2376.5970349687773,2376.740690536004,-4.7,2.0122,9.5,1.9961783613445379,long_nclose,18.96369443277311,0.007979347846414462,3.0
1702405320000.0,1077754,1702405320000.0,0.049667079831932616,-0.001247564,2376.645454484609,2376.7806329720042,-3.1,2.0122,6.4,1.9961783613445379,long_nclose,12.775541512605043,0.005375451137862505,1.0
1702405680000.0,1077760,1702405680000.0,0.03364544117647048,-0.000845124,2376.6782548017854,2376.747147848004,-2.1,2.0122,4.3,1.9961783613445379,long_nclose,8.583566953781512,0.003611581389462151,6.0
1702406820000.0,1077779,1702406820000.0,0.022430294117646986,-0.000563416,2376.700121679903,2376.757024432004,-1.4,2.0122,2.9,1.9961783613445379,long_nclose,5.7889172478991595,0.002435695271394789,19.0
1702406940000.0,1077781,1702406940000.0,0.01441947478991592,-0.000362196,2376.714178958693,2376.749822236004,-0.9,2.0122,2.0,1.9961783613445379,long_nclose,3.9923567226890757,0.0016797799070808936,2.0
1702407420000.0,1077789,1702407420000.0,0.00961298319327728,-0.000241464,2376.7235504778864,2376.744440772004,-0.6,2.0122,1.4,1.9961783613445379,long_nclose,2.7946497058823527,0.0011758412985475042,8.0
1702407480000.0,1077790,1702407480000.0,0.006408655462184854,-0.000160976,2376.7297981573483,2376.743919796004,-0.4,2.0122,1.0,1.9961783613445379,long_nclose,1.9961783613445379,0.000839884434020288,1.0
1702407540000.0,1077791,1702407540000.0,0.00480649159663864,-0.000120732,2376.734483916945,2376.746329064004,-0.3,2.0122,0.7,1.9961783613445379,long_nclose,1.3973248529411764,0.0005879179447248706,1.0
1702412340000.0,1077871,1702412340000.0,0.0,-0.018719207999999998,2376.715764708945,2376.652559856004,47.4,1.9746,48.1,1.974914030206677,long_ientry_partial,94.99336485294117,0.03996833204183091,80.0
1702420620000.0,1078009,1702420620000.0,0.2541755166931665,-0.00637056,2376.963569665638,2377.3483192960034,-16.0,1.9908,32.1,1.974914030206677,long_nclose,63.394740369634334,0.02667047201676378,138.0
1702420740000.0,1078011,1702420740000.0,0.16997987678855508,-0.004260312,2377.1292892304264,2377.4799489840034,-10.7,1.9908,21.4,1.974914030206677,long_nclose,42.263160246422885,0.017779075138191238,2.0
1702423140000.0,1078051,1702423140000.0,0.11279038553259263,-0.002826936,2377.239252679959,2377.4993120480035,-7.1,1.9908,14.3,1.974914030206677,long_nclose,28.241270631955484,0.011879860472654548,40.0
1702423440000.0,1078056,1702423440000.0,0.07466405802861767,-0.001871352,2377.312045385988,2377.475110696004,-4.7,1.9908,9.6,1.974914030206677,long_nclose,18.9591746899841,0.007975046745243672,5.0
1702424640000.0,1078076,1702424640000.0,0.05083510333863331,-0.0012741120000000002,2377.3616063773266,2377.4831165840037,-3.2,1.9908,6.4,1.974914030206677,long_nclose,12.639449793322733,0.005316586992663262,20.0
1702425000000.0,1078082,1702425000000.0,0.03336053656597811,-0.000836136,2377.3941307778923,2377.4564204480034,-2.1,1.9908,4.3,1.974914030206677,long_nclose,8.492130329888711,0.0035720330171379933,6.0
1702425060000.0,1078083,1702425060000.0,0.022240357710652067,-0.0005574239999999999,2377.4158137116033,2377.461883024004,-1.4,1.9908,2.9,1.974914030206677,long_nclose,5.727250687599363,0.0024090235517774334,1.0
1702425120000.0,1078084,1702425120000.0,0.014297372813990617,-0.000358344,2377.4297527404174,2377.460524680004,-0.9,1.9908,2.0,1.974914030206677,long_nclose,3.949828060413354,0.0016613858120772922,1.0
1702425180000.0,1078085,1702425180000.0,0.009531581875993744,-0.000238896,2377.4390454262934,2377.463245784004,-0.6,1.9908,1.4,1.974914030206677,long_nclose,2.7648796422893476,0.0011629655227579487,1.0
1702425600000.0,1078092,1702425600000.0,0.0063543879173291636,-0.00015926400000000003,2377.4452405502107,2377.489126520004,-0.4,1.9908,1.0,1.974914030206677,long_nclose,1.974914030206677,0.0008306874945097049,7.0
1702425600000.0,1078092,1702425600000.0,0.013474387917329179,-0.000160688,2377.458554250128,2377.4848858320042,-0.4,2.0086,0.6,1.974914030206677,long_nclose,1.1849484181240062,0.000498409705610094,0.0
1702425600000.0,1078092,1702425600000.0,0.03089158187599392,-0.00024316800000000001,2377.489202664004,2377.489202664004,-0.6,2.0264,0.0,1.974914030206677,long_nclose,0.0,0.0,0.0
1702450800000.0,1078512,1702450800000.0,0.0,-0.019004296000000004,2377.4701983680043,2378.0967983680043,48.2,1.9714,48.2,1.9714,long_ientry_normal,95.02148000000001,0.039967474698621566,420.0
1702450860000.0,1078513,1702450860000.0,0.2528000000000006,-0.006359040000000001,2377.7166393280045,2378.3638593280043,-16.0,1.9872,32.2,1.9714,long_nclose,63.47908000000001,0.026697495803343754,1.0
1702451220000.0,1078519,1702451220000.0,0.5409599999999977,-0.006456100000000001,2378.2511432280044,2379.0352132280045,-16.1,2.005,16.1,1.9714,long_nclose,31.739540000000005,0.01334574781573315,6.0
1702451280000.0,1078520,1702451280000.0,0.8259299999999985,-0.006513094000000001,2379.070560134004,2379.070560134004,-16.1,2.0227,0.0,1.9714,long_nclose,0.0,0.0,1.0
1702627620000.0,1081459,1702627620000.0,0.0,-0.019013640000000002,2379.051546494004,2379.088346494004,46.0,2.0667,46.0,2.0667,long_ientry_normal,95.0682,0.03996054652119729,2939.0
1702629600000.0,1081492,1702629600000.0,0.2539799999999992,-0.006374898,2379.299151596004,2379.860961596004,-15.3,2.0833,30.7,2.0667,long_nclose,63.44769,0.026666545884925858,33.0
1702631100000.0,1081517,1702631100000.0,0.5385600000000018,-0.006431814,2379.831279782004,2380.396459782004,-15.3,2.1019,15.4,2.0667,long_nclose,31.827180000000002,0.013373712779720846,25.0
1702631760000.0,1081528,1702631760000.0,0.8285199999999977,-0.0065311399999999995,2380.653268642004,2380.653268642004,-15.4,2.1205,0.0,2.0667,long_nclose,0.0,0.0,11.0
1702753860000.0,1083563,1702753860000.0,0.0,-0.019054904000000004,2380.6342137380043,2380.7144937380044,44.6,2.1362,44.6,2.1362,long_ientry_normal,95.27452000000001,0.04002064636818046,2035.0
1702777800000.0,1083962,1702777800000.0,0.0,-0.019107252,2380.615106486004,2378.180076486004,45.9,2.0814,90.5,2.108406408839779,long_rentry,190.81078,0.08015188153689126,399.0
1702792440000.0,1084206,1702792440000.0,0.0,-0.019108935999999997,2380.595997550004,2374.014417550004,46.9,2.0372,137.4,2.0841008733624453,long_rentry,286.35546,0.12028729792652906,244.0
1702822860000.0,1084713,1702822860000.0,0.0,-0.028472942,2380.567524608004,2368.391684608004,71.3,1.9967,208.7,2.0542413512218496,long_rentry,428.72017,0.18009158134281242,507.0
1702832460000.0,1084873,1702832460000.0,1.1438760900814526,-0.02878273,2381.6826179680857,2383.9736618780044,-69.5,2.0707,139.2,2.0542413512218496,long_nclose,285.9503960900814,0.12006234329158343,160.0
1702832520000.0,1084874,1702832520000.0,0.7636813033061784,-0.019216096,2382.427083175392,2384.0565257820044,-46.4,2.0707,92.8,2.0542413512218496,long_nclose,190.63359739338765,0.08001655065946603,1.0
1702832880000.0,1084880,1702832880000.0,0.5085722472448473,-0.012796926,2382.9228584966368,2384.0097388560043,-30.9,2.0707,61.9,2.0542413512218496,long_nclose,127.15753964063249,0.053362004224028876,6.0
1702835880000.0,1084930,1702835880000.0,0.3390481648298982,-0.008531284000000002,2383.2533753774665,2383.949637572004,-20.6,2.0707,41.3,2.0542413512218496,long_nclose,84.84016780546239,0.035598467490694376,50.0
1702836240000.0,1084936,1702836240000.0,0.22548348826066045,-0.0056737179999999995,2383.4731851477272,2383.944003854004,-13.7,2.0707,27.6,2.0542413512218496,long_nclose,56.69706129372305,0.023787580933162033,6.0
1702838520000.0,1084974,1702838520000.0,0.15141956875898366,-0.0038100879999999997,2383.6207946284862,2383.9107537660043,-9.2,2.0707,18.4,2.0542413512218496,long_nclose,37.79804086248203,0.015857405233105998,38.0
1702838580000.0,1084975,1702838580000.0,0.10039775754671743,-0.002526254,2383.7186661320334,2383.8768275120046,-6.1,2.0707,12.3,2.0542413512218496,long_nclose,25.26716862002875,0.010599895440273913,1.0
1702863240000.0,1085386,1702863240000.0,0.0,-0.014285712,2383.7043804200334,2382.363651800005,36.6,1.9516,48.9,1.9774177631907721,long_ientry_partial,96.69572862002876,0.04056531901115606,411.0
1702866480000.0,1085440,1702866480000.0,0.0,-0.019072350000000002,2383.6853080700334,2381.6480694500046,49.5,1.9265,98.4,1.9518036445124873,long_rentry,192.05747862002877,0.0805716585028287,54.0
1702885260000.0,1085753,1702885260000.0,0.0,-0.01923414,2383.6660739300332,2376.5041153100046,51.0,1.8857,149.4,1.9292381433736865,long_rentry,288.22817862002876,0.12091801858169543,313.0
1702891080000.0,1085850,1702891080000.0,0.0,-0.028645550000000006,2383.6374283800333,2371.7649797600043,77.5,1.8481,226.9,1.901524586249576,long_rentry,431.4559286200288,0.18100736440997017,97.0
1702895520000.0,1085924,1702895520000.0,0.0,-0.04233433600000001,2383.5950940440334,2359.162325424005,117.7,1.7984,344.6,1.8663018242020568,long_rentry,643.1276086200288,0.2698141182732892,74.0
1702902540000.0,1086041,1702902540000.0,1.7217905816038745,-0.043194648,2385.2736899776373,2388.7432507760045,-114.8,1.8813,229.8,1.8663018242020568,long_nclose,428.8761592016327,0.17980165588698274,117.0
1702904460000.0,1086073,1702904460000.0,1.1488602661224459,-0.028821516,2386.39372872776,2388.8599692600046,-76.6,1.8813,153.2,1.8663018242020568,long_nclose,285.91743946775506,0.11981151141399624,32.0
1702905120000.0,1086084,1702905120000.0,0.7649069656951011,-0.01918926,2387.139446433455,2388.8460000000046,-51.0,1.8813,102.2,1.8663018242020568,long_nclose,190.7360464334502,0.07990151003470809,11.0
1702905660000.0,1086093,1702905660000.0,1.6248867832748917,-0.019398582,2388.74493463473,2390.6610914180046,-51.1,1.8981,51.1,1.8663018242020568,long_nclose,95.3680232167251,0.03992390390199116,9.0
1702906140000.0,1086101,1702906140000.0,2.4833667832748993,-0.019570278000000003,2391.2087311400046,2391.2087311400046,-51.1,1.9149,0.0,1.8663018242020568,long_nclose,0.0,0.0,8.0
1703228220000.0,1091469,1703228220000.0,0.0,-0.019126184,2391.1896049560046,2391.6849249560046,42.7,2.2396,42.7,2.2396,long_ientry_normal,95.63092,0.039993031000885235,5368.0
1703228400000.0,1091472,1703228400000.0,0.2556000000000034,-0.006411584,2391.4387933720045,2391.8577433720047,-14.2,2.2576,28.5,2.2396,long_nclose,63.828599999999994,0.026690459390766863,3.0
1703228520000.0,1091474,1703228520000.0,0.0,-0.006358192,2391.4324351800046,2391.3882851800045,14.2,2.2388,42.7,2.239333957845433,long_ientry_partial,95.61955999999999,0.039984219747693873,2.0
1703228700000.0,1091477,1703228700000.0,0.2551177985948496,-0.006410731999999999,2391.6811422465994,2392.1903244480045,-14.2,2.2573,28.5,2.239333957845433,long_nclose,63.82101779859484,0.026684584609236523,3.0
1703228760000.0,1091478,1703228760000.0,0.1706774004683853,-0.00428887,2391.8475307770677,2392.2705855780046,-9.5,2.2573,19.0,2.239333957845433,long_nclose,42.54734519906323,0.01778848553328998,1.0
1703228880000.0,1091480,1703228880000.0,0.11318606557377131,-0.002844198,2391.9578726446416,2392.198741380005,-6.3,2.2573,12.7,2.239333957845433,long_nclose,28.439541264636997,0.011889649725809399,2.0
1703229120000.0,1091484,1703229120000.0,0.07545737704918087,-0.0018961320000000002,2392.0314338896906,2392.2325952480046,-4.2,2.2573,8.5,2.239333957845433,long_nclose,19.03433864168618,0.007957394861962319,4.0
1703229840000.0,1091496,1703229840000.0,0.05030491803278725,-0.001264088,2392.0804747197235,2392.1692011600044,-2.8,2.2573,5.7,2.239333957845433,long_nclose,12.764203559718968,0.005336025980152081,12.0
1703230140000.0,1091501,1703230140000.0,0.03413548009367706,-0.000857774,2392.113752425817,2392.1713833860044,-1.9,2.2573,3.8,2.239333957845433,long_nclose,8.509469039812645,0.00355730116562529,5.0
1703230440000.0,1091506,1703230440000.0,0.0,-0.01742676,2392.096325665817,2392.149576626004,39.0,2.2342,42.8,2.2346558186872114,long_ientry_partial,95.64326903981264,0.03998303413354028,5.0
1703232000000.0,1091532,1703232000000.0,0.25480737464160014,-0.006397384000000001,2392.3447356564584,2393.0295392420044,-14.2,2.2526,28.6,2.2346558186872114,long_nclose,63.91115641445425,0.026714860722995698,26.0
1703233020000.0,1091549,1703233020000.0,0.5440317927728759,-0.006499922000000001,2392.8822675272313,2393.464909320004,-14.3,2.2727,14.3,2.2346558186872114,long_nclose,31.955578207227123,0.0133544297773787,17.0
1703233140000.0,1091551,1703233140000.0,0.27011368732079855,-0.0032272340000000003,2393.149153980552,2393.462672086004,-7.1,2.2727,7.2,2.2346558186872114,long_nclose,16.08952189454792,0.006723158841890836,2.0
1703234700000.0,1091577,1703234700000.0,0.04306603515069298,-0.0010812480000000001,2393.191138767703,2393.280630838004,-2.4,2.2526,4.8,2.2346558186872114,long_nclose,10.726347929698614,0.004482027263071768,26.0
1703235360000.0,1091588,1703235360000.0,0.02871069010046199,-0.0007208320000000001,2393.2191286258035,2393.2682300060046,-1.6,2.2526,3.2,2.2346558186872114,long_nclose,7.150898619799077,0.0029879832290598284,11.0
1703235420000.0,1091589,1703235420000.0,0.017944181312788743,-0.00045052000000000004,2393.2366222871165,2393.2716994860048,-1.0,2.2526,2.2,2.2346558186872114,long_nclose,4.916242801111865,0.0020542234542665558,1.0
1703235600000.0,1091592,1703235600000.0,0.01256092691895212,-0.00031536400000000005,2393.2488678500354,2393.2762341220046,-0.7,2.2526,1.5,2.2346558186872114,long_nclose,3.351983728030817,0.001400599734135488,3.0
1703236020000.0,1091599,1703236020000.0,0.008972090656394371,-0.00022526000000000002,2393.2576146806914,2393.278558862004,-0.5,2.2526,1.0,2.2346558186872114,long_nclose,2.2346558186872114,0.0009337297435008305,7.0
1703236200000.0,1091602,1703236200000.0,0.005383254393836623,-0.00013515600000000002,2393.2628627790855,2393.2757737060047,-0.3,2.2526,0.7,2.2346558186872114,long_nclose,1.564259073081048,0.0006536093871713747,3.0
1703236620000.0,1091609,1703236620000.0,0.0,-0.018813728,2393.2440490510853,2393.1897099780044,42.4,2.2186,43.1,2.218860767356869,long_ientry_partial,95.63289907308106,0.03995952653094416,7.0
1703236800000.0,1091612,1703236800000.0,0.25510102679677216,-0.006396962,2393.492753115882,2393.986363016004,-14.3,2.2367,28.8,2.218860767356869,long_nclose,63.903190099877826,0.02669871885623542,3.0
1703236860000.0,1091613,1703236860000.0,0.17125663337405683,-0.0042944640000000004,2393.659715285256,2394.161588552004,-9.6,2.2367,19.2,2.218860767356869,long_nclose,42.602126733251886,0.017797904380980455,1.0
1703237040000.0,1091616,1703237040000.0,0.11417108891603789,-0.002862976,2393.771023398172,2393.926405576004,-6.4,2.2367,12.8,2.218860767356869,long_nclose,28.401417822167925,0.011864717863385936,3.0
1703237580000.0,1091625,1703237580000.0,0.07492477710114986,-0.0018788280000000001,2393.844069347273,2394.039626748004,-4.2,2.2367,8.6,2.218860767356869,long_nclose,19.082202599269074,0.00797136406820023,9.0
1703239620000.0,1091659,1703239620000.0,0.049949851400766576,-0.0012525519999999999,2393.892766646674,2394.0397341960042,-2.8,2.2367,5.8,2.218860767356869,long_nclose,12.86939245066984,0.005375926871067444,34.0
1703240040000.0,1091666,1703240040000.0,0.03389454202194875,-0.000849946,2393.925811242696,2393.9949942500043,-1.9,2.2367,3.9,2.218860767356869,long_nclose,8.653556992691788,0.003614797481213377,7.0
1703240100000.0,1091667,1703240100000.0,0.023191002436070196,-0.000581542,2393.948420703132,2394.002602708004,-1.3,2.2367,2.6,2.218860767356869,long_nclose,5.769037995127859,0.002409842227692367,1.0
1703240280000.0,1091670,1703240280000.0,0.014271386114504736,-0.000357872,2393.9623342172463,2393.991384836004,-0.8,2.2367,1.8,2.218860767356869,long_nclose,3.993949381242364,0.0016683426151515727,3.0
1703240340000.0,1091671,1703240340000.0,0.010703539585878552,-0.00026840400000000003,2393.972769352832,2393.9969364320036,-0.6,2.2367,1.2,2.218860767356869,long_nclose,2.662632920828243,0.0011122235619864791,1.0
1703241360000.0,1091688,1703241360000.0,0.022703539585878563,-0.00027080400000000003,2393.995202088418,2394.015385628004,-0.6,2.2567,0.6,2.218860767356869,long_nclose,1.3313164604141214,0.0005561065699934313,17.0
1703241540000.0,1091691,1703241540000.0,0.011351769792939281,-0.00013540200000000002,2394.0064184562107,2394.0184002260035,-0.3,2.2567,0.3,2.218860767356869,long_nclose,0.6656582302070607,0.0002780519822650745,3.0
1703242500000.0,1091707,1703242500000.0,0.0037839232643130938,-4.5134000000000005e-05,2394.0101572454746,2394.018125092003,-0.1,2.2567,0.2,2.218860767356869,long_nclose,0.44377215347137383,0.00018536769868260453,16.0
1703242920000.0,1091714,1703242920000.0,0.0037839232643130938,-4.5134000000000005e-05,2394.0138960347385,2394.017699958003,-0.1,2.2567,0.1,2.218860767356869,long_nclose,0.22188607673568692,9.268370459469848e-05,7.0
1703243100000.0,1091717,1703243100000.0,0.0037839232643130938,-4.5134000000000005e-05,2394.0176348240025,2394.0176348240025,-0.1,2.2567,0.0,2.218860767356869,long_nclose,0.0,0.0,3.0
1703456100000.0,1095267,1703456100000.0,0.0,-0.019136339999999998,2393.9984984840025,2393.9287984840025,41.0,2.3337,41.0,2.3337,long_ientry_normal,95.68169999999999,0.03996731830057134,3550.0
1703456580000.0,1095275,1703456580000.0,0.25431999999999916,-0.006398528,2394.2464199560027,2394.8766199560027,-13.6,2.3524,27.4,2.3337,long_nclose,63.94337999999999,0.02670710060043654,8.0
1703456640000.0,1095276,1703456640000.0,0.5452600000000007,-0.0065033899999999995,2394.7851765660025,2395.2304265660027,-13.7,2.3735,13.7,2.3337,long_nclose,31.971689999999995,0.013350546142032555,1.0
1703457000000.0,1095282,1703457000000.0,0.2706400000000004,-0.0032279599999999998,2395.0525886060027,2395.331348606003,-6.8,2.3735,6.9,2.3337,long_nclose,16.10253,0.006723246945225612,6.0
1703457120000.0,1095284,1703457120000.0,0.1353200000000002,-0.0016139799999999999,2395.1862946260026,2395.3329446260027,-3.4,2.3735,3.5,2.3337,long_nclose,8.16795,0.003410152278478776,2.0
1703457660000.0,1095293,1703457660000.0,0.020569999999999936,-0.0005175280000000001,2395.206347098003,2395.256267098003,-1.1,2.3524,2.4,2.3337,long_nclose,5.600879999999999,0.0023383705570027167,9.0
1703458380000.0,1095305,1703458380000.0,0.014959999999999953,-0.000376384,2395.220930714003,2395.258370714003,-0.8,2.3524,1.6,2.3337,long_nclose,3.73392,0.0015589042130184365,12.0
1703458560000.0,1095308,1703458560000.0,0.03184000000000005,-0.00037976000000000004,2395.2523909540027,2395.282230954003,-0.8,2.3735,0.8,2.3337,long_nclose,1.86696,0.0007794418688614314,3.0
1703458620000.0,1095309,1703458620000.0,0.015920000000000024,-0.00018988000000000002,2395.2681210740025,2395.2854010740025,-0.4,2.3735,0.4,2.3337,long_nclose,0.93348,0.0003897183750691933,1.0
1703459580000.0,1095325,1703459580000.0,0.007960000000000012,-9.494000000000001e-05,2395.2759861340023,2395.2847661340024,-0.2,2.3735,0.2,2.3337,long_nclose,0.46674,0.00019485854770051893,16.0
1703459880000.0,1095330,1703459880000.0,0.012159999999999994,-9.578000000000001e-05,2395.2880503540027,2395.2880503540027,-0.2,2.3945,0.0,2.3337,long_nclose,0.0,0.0,5.0
1703570520000.0,1097174,1703570520000.0,0.0,-0.019144816000000002,2395.268905538003,2395.334825538003,41.2,2.3234,41.2,2.3234,long_ientry_normal,95.72408,0.03996381357378301,1844.0
1703571360000.0,1097188,1703571360000.0,0.25618999999999914,-0.006417353999999999,2395.518678184003,2396.123678184003,-13.7,2.3421,27.5,2.3234,long_nclose,63.893499999999996,0.026672094265796517,14.0
1703571720000.0,1097194,1703571720000.0,0.17016999999999943,-0.004262622,2395.6845855620027,2396.0930655620027,-9.1,2.3421,18.4,2.3234,long_nclose,42.75055999999999,0.017844819913958396,6.0
1703572140000.0,1097201,1703572140000.0,0.11406999999999962,-0.002857362,2395.7957982000025,2395.9606182000025,-6.1,2.3421,12.3,2.3234,long_nclose,28.57782,0.011928320444284502,7.0
1703572260000.0,1097203,1703572260000.0,0.07666999999999974,-0.0019205219999999998,2395.8705476780024,2395.9984676780023,-4.1,2.3421,8.2,2.3234,long_nclose,19.051879999999997,0.007951965526044153,2.0
1703572320000.0,1097204,1703572320000.0,0.05048999999999984,-0.001264734,2395.9197729440025,2396.0204229440023,-2.7,2.3421,5.5,2.3234,long_nclose,12.778699999999999,0.005333525831834547,1.0
1703572500000.0,1097207,1703572500000.0,0.03365999999999989,-0.000843156,2395.9525897880026,2396.0313997880025,-1.8,2.3421,3.7,2.3234,long_nclose,8.59658,0.0035879591426976596,3.0
1703573100000.0,1097217,1703573100000.0,0.022439999999999925,-0.000562104,2395.974467684003,2396.0249676840026,-1.2,2.3421,2.5,2.3234,long_nclose,5.8084999999999996,0.0024242745815294987,10.0
1703573340000.0,1097221,1703573340000.0,0.014959999999999953,-0.000374736,2395.9890529480026,2396.0182929480025,-0.8,2.3421,1.7,2.3234,long_nclose,3.9497799999999996,0.0016484966803751574,4.0
1703573400000.0,1097222,1703573400000.0,0.00934999999999997,-0.00023421,2395.9981687380023,2396.0172487380023,-0.5,2.3421,1.2,2.3234,long_nclose,2.78808,0.0011636402883682133,1.0
1703574480000.0,1097240,1703574480000.0,0.007479999999999976,-0.000187368,2396.0054613700026,2396.0193013700027,-0.4,2.3421,0.8,2.3234,long_nclose,1.85872,0.0007757578310932604,18.0
1703574540000.0,1097241,1703574540000.0,0.003739999999999988,-9.3684e-05,2396.0091076860026,2396.020747686003,-0.2,2.3421,0.6,2.3234,long_nclose,1.39404,0.0005818174878919071,1.0
1703581380000.0,1097355,1703581380000.0,0.003739999999999988,-9.3684e-05,2396.0127540020026,2396.0204340020027,-0.2,2.3421,0.4,2.3234,long_nclose,0.92936,0.00038787773497770924,114.0
1703587500000.0,1097457,1703587500000.0,0.001869999999999994,-4.6842e-05,2396.014577160003,2396.0207571600026,-0.1,2.3421,0.3,2.3234,long_nclose,0.69702,0.0002909080798774514,102.0
1703588580000.0,1097475,1703588580000.0,0.001869999999999994,-4.6842e-05,2396.016400318003,2396.020200318003,-0.1,2.3421,0.2,2.3234,long_nclose,0.46468,0.0001939385723479718,18.0
1703589300000.0,1097487,1703589300000.0,0.001869999999999994,-4.6842e-05,2396.018223476003,2396.020193476003,-0.1,2.3421,0.1,2.3234,long_nclose,0.23234,9.696921238893363e-05,12.0
1703589420000.0,1097489,1703589420000.0,0.001869999999999994,-4.6842e-05,2396.0200466340034,2396.0200466340034,-0.1,2.3421,0.0,2.3234,long_nclose,0.0,0.0,2.0
1703606460000.0,1097773,1703606460000.0,0.0,-0.01917655,2396.0008700840035,2396.2661000840035,42.1,2.2775,42.1,2.2775,long_ientry_normal,95.88275,0.04001782770497841,284.0
1703606580000.0,1097775,1703606580000.0,0.25619999999999976,-0.00642824,2396.2506418440034,2396.8126418440033,-14.0,2.2958,28.1,2.2775,long_nclose,63.997749999999996,0.026707452418563093,2.0
1703606760000.0,1097778,1703606760000.0,0.17018999999999984,-0.004270188,2396.416561656003,2396.751201656003,-9.3,2.2958,18.8,2.2775,long_nclose,42.817,0.017867094012408276,3.0
1703606820000.0,1097779,1703606820000.0,0.1134599999999999,-0.002846792,2396.527174864003,2396.740114864003,-6.2,2.2958,12.6,2.2775,long_nclose,28.696499999999997,0.011974201795407745,1.0
1703606880000.0,1097780,1703606880000.0,0.07685999999999993,-0.001928472,2396.602106392003,2396.744066392003,-4.2,2.2958,8.4,2.2775,long_nclose,19.131,0.007982551608786252,1.0
1703606940000.0,1097781,1703606940000.0,0.05123999999999995,-0.001285648,2396.652060744003,2396.7668607440028,-2.8,2.2958,5.6,2.2775,long_nclose,12.753999999999998,0.005321590150236793,1.0
1703607120000.0,1097784,1703607120000.0,0.03293999999999997,-0.000826488,2396.684174256003,2396.744594256003,-1.8,2.2958,3.8,2.2775,long_nclose,8.654499999999999,0.0036110306451564876,3.0
1703607180000.0,1097785,1703607180000.0,0.02195999999999998,-0.0005509919999999999,2396.705583264003,2396.761223264003,-1.2,2.2958,2.6,2.2775,long_nclose,5.9215,0.002470683108242141,1.0
1703607720000.0,1097794,1703607720000.0,0.014639999999999986,-0.00036732800000000004,2396.719855936003,2396.755495936003,-0.8,2.2958,1.8,2.2775,long_nclose,4.0995,0.0017104627350779807,9.0
1703607960000.0,1097798,1703607960000.0,0.01097999999999999,-0.00027549599999999997,2396.730560440003,2396.756120440003,-0.6,2.2958,1.2,2.2775,long_nclose,2.7329999999999997,0.001140303397098697,4.0
1703608260000.0,1097803,1703608260000.0,0.0232800000000001,-0.000277956,2396.753562484003,2396.777382484003,-0.6,2.3163,0.6,2.2775,long_nclose,1.3664999999999998,0.0005701462267083291,5.0
1703609460000.0,1097823,1703609460000.0,0.0036599999999999966,-9.183200000000001e-05,2396.7571306520026,2396.7661706520025,-0.2,2.2958,0.4,2.2775,long_nclose,0.911,0.00038009691860275215,20.0
1703609820000.0,1097829,1703609820000.0,0.0018299999999999983,-4.5916000000000006e-05,2396.7589147360027,2396.7669247360027,-0.1,2.2958,0.3,2.2775,long_nclose,0.6832499999999999,0.00028507247675148766,6.0
1703610060000.0,1097833,1703610060000.0,0.0018299999999999983,-4.5916000000000006e-05,2396.7606988200027,2396.7643188200027,-0.1,2.2958,0.2,2.2775,long_nclose,0.4555,0.0001900481763674848,4.0
1703610120000.0,1097834,1703610120000.0,0.0018299999999999983,-4.5916000000000006e-05,2396.762482904003,2396.764372904003,-0.1,2.2958,0.1,2.2775,long_nclose,0.22775,9.502401745042754e-05,1.0
1703610300000.0,1097837,1703610300000.0,0.0018299999999999983,-4.5916000000000006e-05,2396.764266988003,2396.764266988003,-0.1,2.2958,0.0,2.2775,long_nclose,0.0,0.0,3.0
1703611200000.0,1097852,1703611200000.0,0.0,-0.019167821999999998,2396.745099166003,2396.753559166003,42.3,2.2657,42.3,2.2657,long_ientry_normal,95.83910999999999,0.039987193478918215,15.0
1703612340000.0,1097871,1703612340000.0,0.0,-0.019161968,2396.725937198003,2392.837117198003,43.4,2.2076,85.7,2.2362771295215866,long_rentry,191.64894999999999,0.0799628138643401,19.0
1703612340000.0,1097871,1703612340000.0,0.0,-0.019187904000000002,2396.706749294003,2394.154369294003,44.4,2.1608,130.1,2.210518601076095,long_rentry,287.58847,0.11999318234686608,0.0
1703612700000.0,1097877,1703612700000.0,0.7699345734050798,-0.019297078,2397.4573867894082,2399.157052216003,-43.3,2.2283,86.8,2.210518601076095,long_nclose,191.87301457340504,0.08003187695041984,6.0
1703612940000.0,1097881,1703612940000.0,0.51388242890085,-0.012879574,2397.958389644309,2399.0053026420032,-28.9,2.2283,57.9,2.210518601076095,long_nclose,127.9890270023059,0.053374165104378896,4.0
1703613060000.0,1097883,1703613060000.0,0.3431809992313635,-0.008601238,2398.29296940554,2398.631931404003,-19.3,2.2283,38.6,2.210518601076095,long_nclose,85.32601800153728,0.0355778126734395,2.0
1703613180000.0,1097885,1703613180000.0,0.22760190622598203,-0.005704448,2398.514866863766,2398.991686956003,-12.8,2.2283,25.8,2.210518601076095,long_nclose,57.03137990776325,0.023777788787415755,2.0
1703613240000.0,1097886,1703613240000.0,0.0,-0.00766776,2398.507199103766,2398.738919196003,17.2,2.229,43.0,2.2179111606456567,long_ientry_partial,95.37017990776324,0.03976230713145225,1.0
1703613420000.0,1097889,1703613420000.0,0.2543804027671089,-0.0063941020000000005,2398.7551854045337,2399.268595094003,-14.3,2.2357,28.7,2.2179111606456567,long_nclose,63.654050310530344,0.0265362846103845,3.0
1703613480000.0,1097890,1703613480000.0,0.0,-0.006349671999999999,2398.7488357325337,2399.3609154220035,14.2,2.2358,42.9,2.2238324081708707,long_ientry_partial,95.40241031053034,0.03977173803667369,1.0
1703613540000.0,1097891,1703613540000.0,0.25550656315654635,-0.006411261999999999,2398.9979310336903,2399.494644160003,-14.3,2.2417,28.6,2.2238324081708707,long_nclose,63.601606873686904,0.026511738943552143,1.0
1703613600000.0,1097892,1703613600000.0,0.0,-0.006365008000000001,2398.99156602569,2399.4625991520033,14.2,2.2412,42.8,2.229594553123526,long_ientry_partial,95.42664687368692,0.039777816739796336,1.0
1703613780000.0,1097895,1703613780000.0,0.25425734564592917,-0.0063829,2399.239440471336,2399.805876252003,-14.2,2.2475,28.6,2.229594553123526,long_nclose,63.76640421933285,0.026577757577545408,3.0
1703613840000.0,1097896,1703613840000.0,0.0,-0.006343308,2399.233097163336,2399.705592944003,14.1,2.2494,42.7,2.2361345250429236,long_ientry_partial,95.48294421933285,0.03979727702665671,1.0
1703614140000.0,1097901,1703614140000.0,0.2551097443904872,-0.006401644000000001,2399.4818052637265,2399.837071300003,-14.2,2.2541,28.5,2.2361345250429236,long_nclose,63.72983396372332,0.02655983213705544,5.0
1703614200000.0,1097902,1703614200000.0,0.0,-0.0063860240000000006,2399.4754192397263,2399.578755276003,14.2,2.2486,42.7,2.2402799523120214,long_ientry_partial,95.65995396372332,0.039867028099847414,1.0
1703614200000.0,1097902,1703614200000.0,0.131290453035799,-0.004282790000000001,2399.602426902762,2399.682772486003,-9.5,2.2541,33.2,2.2402799523120214,long_nclose,74.37729441675911,0.03099567394285398,0.0
1703614260000.0,1097903,1703614260000.0,0.0,-0.0043059840000000005,2399.598120918762,2399.520106502003,9.6,2.2427,42.8,2.2408227667467084,long_ientry_partial,95.90721441675912,0.03996803197196954,1.0
1703617080000.0,1097950,1703617080000.0,0.25527671219673903,-0.006414992,2399.8469826389587,2400.4011715100028,-14.2,2.2588,28.6,2.2408227667467084,long_nclose,64.08753112895586,0.026704840597162945,47.0
1703617740000.0,1097961,1703617740000.0,0.17078371590626906,-0.004291720000000001,2400.013474634865,2400.383579790003,-9.5,2.2588,19.1,2.2408227667467084,long_nclose,42.79971484486214,0.01783311439589881,11.0
1703617980000.0,1097965,1703617980000.0,0.11325656949573633,-0.002846088,2400.1238851163607,2400.3539937020028,-6.3,2.2588,12.8,2.2408227667467084,long_nclose,28.682531414357868,0.011950437888737274,4.0
1703618040000.0,1097966,1703618040000.0,0.07550437966382421,-0.0018973920000000001,2400.1974921040246,2400.346936310003,-4.2,2.2588,8.6,2.2408227667467084,long_nclose,19.27107579402169,0.008028954224566152,1.0
1703618100000.0,1097967,1703618100000.0,0.05033625310921614,-0.001264928,2400.246563429134,2400.339811382003,-2.8,2.2588,5.8,2.2408227667467084,long_nclose,12.996772047130909,0.005414765401668966,1.0
1703618160000.0,1097968,1703618160000.0,0.034156743181253814,-0.000858344,2400.279861828315,2400.3569930380027,-1.9,2.2588,3.9,2.2408227667467084,long_nclose,8.739208790312162,0.0036409124324591996,1.0
1703618340000.0,1097971,1703618340000.0,0.023370403229278924,-0.000587288,2400.3026449435442,2400.3449657500028,-1.3,2.2588,2.6,2.2408227667467084,long_nclose,5.826139193541442,0.0024272519158426683,3.0
1703618400000.0,1097972,1703618400000.0,0.014381786602633185,-0.000361408,2400.316665322147,2400.351544342003,-0.8,2.2588,1.8,2.2408227667467084,long_nclose,4.033480980144075,0.001680395357169568,1.0
1703619900000.0,1097997,1703619900000.0,0.03435950992796233,-0.00041022,2400.350614612075,2400.384524122003,-0.9,2.279,0.9,2.2408227667467084,long_nclose,2.0167404900720376,0.0008401857952730654,25.0
1703620020000.0,1097999,1703620020000.0,0.01527089330131659,-0.00018232,2400.3657031853763,2400.385091802003,-0.4,2.279,0.5,2.2408227667467084,long_nclose,1.1204113833733542,0.00046676695217171525,2.0
1703620500000.0,1098007,1703620500000.0,0.007635446650658295,-9.116e-05,2400.373247472027,2400.3844906420027,-0.2,2.279,0.3,2.2408227667467084,long_nclose,0.6722468300240125,0.00028005929108399906,8.0
1703620560000.0,1098008,1703620560000.0,0.0038177233253291476,-4.558e-05,2400.3770196153523,2400.3846750620028,-0.1,2.279,0.2,2.2408227667467084,long_nclose,0.4481645533493417,0.00018670590065103927,1.0
1703620980000.0,1098015,1703620980000.0,0.0038177233253291476,-4.558e-05,2400.380791758678,2400.384739482003,-0.1,2.279,0.1,2.2408227667467084,long_nclose,0.22408227667467084,9.335280362350064e-05,7.0
1703621220000.0,1098019,1703621220000.0,0.0038177233253291476,-4.558e-05,2400.3845639020033,2400.3845639020033,-0.1,2.279,0.0,2.2408227667467084,long_nclose,0.0,0.0,4.0
1703744940000.0,1100081,1703744940000.0,0.0,-0.019197912,2400.3653659900033,2400.4618459900034,40.2,2.3878,40.2,2.3878,long_ientry_normal,95.98956,0.03998956215584714,2062.0
1703750280000.0,1100170,1703750280000.0,0.25728000000000145,-0.00645076,2400.616195230003,2401.144155230003,-13.4,2.407,26.8,2.3878,long_nclose,63.99304,0.026656922554781325,89.0
1703750460000.0,1100173,1703750460000.0,0.17088000000000095,-0.00428446,2400.7827907700034,2401.1748007700035,-8.9,2.407,17.9,2.3878,long_nclose,42.74162,0.01780320159088256,3.0
1703751060000.0,1100183,1703751060000.0,0.11328000000000063,-0.0028402600000000003,2400.8932305100034,2401.1320305100035,-5.9,2.407,12.0,2.3878,long_nclose,28.653599999999997,0.01193455820353716,10.0
1703752620000.0,1100209,1703752620000.0,0.07680000000000042,-0.0019256000000000002,2400.968104910003,2401.1233049100033,-4.0,2.407,8.0,2.3878,long_nclose,19.1024,0.007956124015531654,26.0
1703753100000.0,1100217,1703753100000.0,0.04992000000000028,-0.00125164,2401.016773270003,2401.120993270003,-2.6,2.407,5.4,2.3878,long_nclose,12.894120000000001,0.005370274853365221,8.0
1703753280000.0,1100220,1703753280000.0,0.034560000000000195,-0.0008665200000000001,2401.050466750003,2401.1152667500032,-1.8,2.407,3.6,2.3878,long_nclose,8.59608,0.0035801329955531596,3.0
1703753340000.0,1100221,1703753340000.0,0.023040000000000126,-0.00057768,2401.0729290700033,2401.118529070003,-1.2,2.407,2.4,2.3878,long_nclose,5.73072,0.0023867330019915946,1.0
1703753640000.0,1100226,1703753640000.0,0.015360000000000085,-0.0003851200000000001,2401.0879039500032,2401.118943950003,-0.8,2.407,1.6,2.3878,long_nclose,3.82048,0.0015911454110926011,5.0
1703755440000.0,1100256,1703755440000.0,0.009600000000000053,-0.00024070000000000002,2401.097263250003,2401.121683250003,-0.5,2.407,1.1,2.3878,long_nclose,2.62658,0.0010939082061360544,30.0
1703757540000.0,1100291,1703757540000.0,0.005760000000000032,-0.00014442,2401.1028788300027,2401.1176788300027,-0.3,2.407,0.8,2.3878,long_nclose,1.91024,0.0007955677438239597,35.0
1703757600000.0,1100292,1703757600000.0,0.0038400000000000213,-9.628000000000002e-05,2401.1066225500026,2401.1151425500025,-0.2,2.407,0.6,2.3878,long_nclose,1.43268,0.0005966748775522836,1.0
1703757720000.0,1100294,1703757720000.0,0.0038400000000000213,-9.628000000000002e-05,2401.1103662700025,2401.1188462700025,-0.2,2.407,0.4,2.3878,long_nclose,0.95512,0.0003977826314929989,2.0
1703760480000.0,1100340,1703760480000.0,0.008140000000000036,-9.714000000000001e-05,2401.1184091300024,2401.1272091300025,-0.2,2.4285,0.2,2.3878,long_nclose,0.47756,0.00019889064953403709,46.0
1703761380000.0,1100355,1703761380000.0,0.004070000000000018,-4.8570000000000004e-05,2401.122430560002,2401.126630560002,-0.1,2.4285,0.1,2.3878,long_nclose,0.23878,9.94451582147398e-05,15.0
1703761740000.0,1100361,1703761740000.0,0.004070000000000018,-4.8570000000000004e-05,2401.126451990002,2401.126451990002,-0.1,2.4285,0.0,2.3878,long_nclose,0.0,0.0,6.0
1703768340000.0,1100471,1703768340000.0,0.0,-0.019197642000000004,2401.107254348002,2401.184964348002,40.9,2.3469,40.9,2.3469,long_ientry_normal,95.98821000000001,0.03997664403628013,110.0
1703768580000.0,1100475,1703768580000.0,0.25567999999999597,-0.006434703999999999,2401.356499644002,2402.0062396440017,-13.6,2.3657,27.3,2.3469,long_nclose,64.07037000000001,0.02668090723284875,4.0
1703769240000.0,1100486,1703769240000.0,0.17107999999999732,-0.004305574,2401.5232740700017,2401.8672540700018,-9.1,2.3657,18.2,2.3469,long_nclose,42.71358,0.01778603624674051,11.0
1703770260000.0,1100503,1703770260000.0,0.36399999999999627,-0.004344158,2401.8829299120016,2402.2250899120017,-9.1,2.3869,9.1,2.3469,long_nclose,21.35679,0.008891686490641097,17.0
1703770320000.0,1100504,1703770320000.0,0.17999999999999816,-0.0021482100000000002,2402.0607817020013,2402.234661702001,-4.5,2.3869,4.6,2.3469,long_nclose,10.79574,0.004494365872103613,1.0
1703771040000.0,1100516,1703771040000.0,0.02819999999999956,-0.00070971,2402.0882719920014,2402.1440719920015,-1.5,2.3657,3.1,2.3469,long_nclose,7.275390000000001,0.0030287771206537186,12.0
1703772360000.0,1100538,1703772360000.0,0.0,-0.017759680000000003,2402.0705123120015,2401.8994623120016,38.0,2.3368,41.1,2.3375618004866183,long_ientry_partial,96.07379000000002,0.03999624053813834,22.0
1703779200000.0,1100652,1703779200000.0,0.0,-0.019222944000000002,2402.0512893680016,2399.9700393680014,42.2,2.2776,83.3,2.3071849939975992,long_rentry,192.18851,0.08001016083655994,114.0
1703806440000.0,1101106,1703806440000.0,0.5128656662664975,-0.012884377999999998,2402.551270656268,2403.5751449900017,-27.7,2.3257,55.6,2.3071849939975992,long_nclose,128.2794856662665,0.05339302733432463,454.0
1703806680000.0,1101110,1703806680000.0,0.34252761104441176,-0.008605090000000001,2402.8851931773124,2403.5609699000015,-18.5,2.3257,37.1,2.3071849939975992,long_nclose,85.59656327731093,0.0356224107253861,4.0
1703806740000.0,1101111,1703806740000.0,0.22773457382952783,-0.005721222000000001,2403.107206529142,2403.6010986780016,-12.3,2.3257,24.8,2.3071849939975992,long_nclose,57.21818785114046,0.023810085415948583,1.0
1703806920000.0,1101114,1703806920000.0,0.1518230492196852,-0.0038141479999999994,2403.2552154303617,2403.5708645300015,-8.2,2.3257,16.6,2.3071849939975992,long_nclose,38.29927090036015,0.015936414349360613,3.0
1703807160000.0,1101118,1703807160000.0,0.1018325330132035,-0.00255827,2403.354489693375,2403.5921962600014,-5.5,2.3257,11.1,2.3071849939975992,long_nclose,25.60975343337335,0.01065583689097845,4.0
1703807400000.0,1101122,1703807400000.0,0.06850552220888236,-0.0017210180000000002,2403.421274197584,2403.5397852420015,-3.7,2.3257,7.4,2.3071849939975992,long_nclose,17.073168955582236,0.007103693862942257,4.0
1703808660000.0,1101143,1703808660000.0,0.044436014405761524,-0.0011163359999999999,2403.4645938759895,2403.5691689060013,-2.4,2.3257,5.0,2.3071849939975992,long_nclose,11.535924969987995,0.00479970663989869,21.0
1703820900000.0,1101347,1703820900000.0,0.02962400960384102,-0.000744224,2403.4934736615937,2403.557444682002,-1.6,2.3257,3.4,2.3071849939975992,long_nclose,7.844428979591838,0.0032637612981079867,204.0
1703821440000.0,1101356,1703821440000.0,0.0203665066026407,-0.0005116540000000001,2403.5133285141965,2403.557983028002,-1.1,2.3257,2.3,2.3071849939975992,long_nclose,5.306525486194478,0.002207820286761158,9.0
1703821740000.0,1101361,1703821740000.0,0.012960504201680444,-0.00032559799999999997,2403.525963420398,2403.556227430002,-0.7,2.3257,1.6,2.3071849939975992,long_nclose,3.691495990396159,0.0015358669082745763,5.0
1703841720000.0,1101694,1703841720000.0,0.009257503001200318,-0.00023257,2403.534988353399,2403.560524860002,-0.5,2.3257,1.1,2.3071849939975992,long_nclose,2.5379034933973594,0.0010559045346521096,333.0
1703842860000.0,1101713,1703842860000.0,0.019657503001200283,-0.00023464999999999998,2403.5544112064003,2403.5787802100017,-0.5,2.3465,0.6,2.3071849939975992,long_nclose,1.3843109963985596,0.0005759432738215988,19.0
1703844900000.0,1101747,1703844900000.0,0.0037030012004801273,-9.3028e-05,2403.558021179601,2403.5645471820017,-0.2,2.3257,0.4,2.3071849939975992,long_nclose,0.9228739975990398,0.00038396160586384276,34.0
1703844960000.0,1101748,1703844960000.0,0.0018515006002400637,-4.6514e-05,2403.559826166201,2403.565290668002,-0.1,2.3257,0.3,2.3071849939975992,long_nclose,0.6921554981992798,0.0002879709881419106,1.0
1703845080000.0,1101750,1703845080000.0,0.0018515006002400637,-4.6514e-05,2403.5616311528015,2403.564994154002,-0.1,2.3257,0.2,2.3071849939975992,long_nclose,0.4614369987995199,0.0001919805145908426,2.0
1703845560000.0,1101758,1703845560000.0,0.0018515006002400637,-4.6514e-05,2403.563436139402,2403.565487640002,-0.1,2.3257,0.1,2.3071849939975992,long_nclose,0.23071849939975994,9.599018521031401e-05,8.0
1703847900000.0,1101797,1703847900000.0,0.0018515006002400637,-4.6514e-05,2403.565241126002,2403.565241126002,-0.1,2.3257,0.0,2.3071849939975992,long_nclose,0.0,0.0,39.0
1703868780000.0,1102145,1703868780000.0,0.0,-0.019214632,2403.546026494002,2403.678706494002,42.8,2.2447,42.8,2.2447,long_ientry_normal,96.07315999999999,0.03997142511147986,348.0
1703873820000.0,1102229,1703873820000.0,0.2556000000000034,-0.006426068000000001,2403.795200426002,2404.4959004260018,-14.2,2.2627,28.6,2.2447,long_nclose,64.19842,0.026707108820511298,84.0
1703874180000.0,1102235,1703874180000.0,0.17100000000000226,-0.004299130000000001,2403.9619012960015,2404.3305312960015,-9.5,2.2627,19.1,2.2447,long_nclose,42.87377,0.01783462956583725,6.0
1703874360000.0,1102238,1703874360000.0,0.1134000000000015,-0.002851002,2404.0724502940016,2404.2836502940017,-6.3,2.2627,12.8,2.2447,long_nclose,28.73216,0.011951453458270884,3.0
1703874420000.0,1102239,1703874420000.0,0.075600000000001,-0.0019006680000000003,2404.1461496260017,2404.303529626002,-4.2,2.2627,8.6,2.2447,long_nclose,19.304419999999997,0.00802963663544459,1.0
1703875440000.0,1102256,1703875440000.0,0.164260000000001,-0.0019632940000000004,2404.308446332002,2404.473136332002,-4.3,2.2829,4.3,2.2447,long_nclose,9.652209999999998,0.004014547307657364,17.0
1703875740000.0,1102261,1703875740000.0,0.0802200000000005,-0.0009588180000000002,2404.3877075140017,2404.477687514002,-2.1,2.2829,2.2,2.2447,long_nclose,4.93834,0.002053886727405523,5.0
1703877660000.0,1102293,1703877660000.0,0.04202000000000026,-0.0005022380000000001,2404.4292252760015,2404.4758652760015,-1.1,2.2829,1.1,2.2447,long_nclose,2.46917,0.0010269256312655935,32.0
1703879460000.0,1102323,1703879460000.0,0.06435,-0.0005067040000000001,2404.4930685720014,2404.4930685720014,-1.1,2.3032,0.0,2.2447,long_nclose,0.0,0.0,30.0
1704063060000.0,1105383,1704063060000.0,0.0,-0.019241446,2404.4738271260017,2404.3570871260017,44.9,2.1427,44.9,2.1427,long_ientry_normal,96.20723,0.04001176012591234,3060.0
1704067860000.0,1105463,1704067860000.0,0.25627999999999823,-0.006436502,2404.723670624002,2405.272670624002,-14.9,2.1599,30.0,2.1427,long_nclose,64.281,0.026731137878856462,80.0
1704067980000.0,1105465,1704067980000.0,0.17199999999999882,-0.0043198,2404.891350824002,2405.225350824002,-10.0,2.1599,20.0,2.1427,long_nclose,42.854,0.017819516039806405,2.0
1704068040000.0,1105466,1704068040000.0,0.11351999999999922,-0.002851068,2405.002019756002,2405.267339756002,-6.6,2.1599,13.4,2.1427,long_nclose,28.71218,0.011938526356378269,1.0
1704068940000.0,1105481,1704068940000.0,0.07567999999999948,-0.0019007120000000001,2405.075799044002,2405.231499044002,-4.4,2.1599,9.0,2.1427,long_nclose,19.2843,0.00801816724764573,15.0
1704069120000.0,1105484,1704069120000.0,0.051599999999999646,-0.00129594,2405.1261031040017,2405.194503104002,-3.0,2.1599,6.0,2.1427,long_nclose,12.856200000000001,0.005345333029901459,3.0
1704069180000.0,1105485,1704069180000.0,0.034399999999999764,-0.00086396,2405.1596391440016,2405.2288391440015,-2.0,2.1599,4.0,2.1427,long_nclose,8.5708,0.003563505665283139,1.0
1704069420000.0,1105489,1704069420000.0,0.02235999999999985,-0.000561574,2405.1814375700014,2405.2351675700015,-1.3,2.1599,2.7,2.1427,long_nclose,5.785290000000001,0.0024053445239644723,4.0
1704071100000.0,1105517,1704071100000.0,0.015479999999999895,-0.000388782,2405.1965287880016,2405.2305487880017,-0.9,2.1599,1.8,2.1427,long_nclose,3.85686,0.0016035529545452586,28.0
1704097200000.0,1105952,1704097200000.0,0.010319999999999928,-0.000259188,2405.2065896000013,2405.2278296000013,-0.6,2.1599,1.2,2.1427,long_nclose,2.57124,0.001069030831329799,435.0
1704097560000.0,1105958,1704097560000.0,0.006879999999999953,-0.000172792,2405.2132968080014,2405.2268168080013,-0.4,2.1599,0.8,2.1427,long_nclose,1.7141600000000001,0.0007126852334779999,6.0
1704097620000.0,1105959,1704097620000.0,0.0034399999999999765,-8.6396e-05,2405.2166504120014,2405.2320104120013,-0.2,2.1599,0.6,2.1427,long_nclose,1.28562,0.0005345131798334174,1.0
1704097680000.0,1105960,1704097680000.0,0.010949999999999927,-0.00013075199999999998,2405.227469660001,2405.238719660001,-0.3,2.1792,0.3,2.1427,long_nclose,0.64281,0.00026725538773713845,1.0
1704097800000.0,1105962,1704097800000.0,0.0036499999999999757,-4.3584e-05,2405.231076076001,2405.239176076001,-0.1,2.1792,0.2,2.1427,long_nclose,0.42854000000000003,0.0001781699913420123,2.0
1704098040000.0,1105966,1704098040000.0,0.011160000000000015,-8.794000000000002e-05,2405.242148136001,2405.242148136001,-0.2,2.1985,0.0,2.1427,long_nclose,0.0,0.0,4.0
1704208740000.0,1107811,1704208740000.0,0.0,-0.01924916,2405.222898976001,2405.269868976001,42.7,2.254,42.7,2.254,long_ientry_normal,96.2458,0.04001533497829896,1845.0
1704209700000.0,1107827,1704209700000.0,0.2570200000000001,-0.006452764,2405.473466212001,2405.972216212001,-14.2,2.2721,28.5,2.254,long_nclose,64.239,0.026705345497391758,16.0
1704209760000.0,1107828,1704209760000.0,0.17195000000000005,-0.00431699,2405.641099222001,2406.0818992220006,-9.5,2.2721,19.0,2.254,long_nclose,42.826,0.017802323053862937,1.0
1704211140000.0,1107851,1704211140000.0,0.11403000000000003,-0.002862846,2405.752266376001,2405.987216376001,-6.3,2.2721,12.7,2.254,long_nclose,28.625799999999998,0.011898897654629082,23.0
1704211320000.0,1107854,1704211320000.0,0.07602000000000002,-0.0019085640000000002,2405.826377812001,2406.031227812001,-4.2,2.2721,8.5,2.254,long_nclose,19.159,0.007963583813319195,3.0
1704211680000.0,1107860,1704211680000.0,0.05068000000000001,-0.001272376,2405.8757854360006,2405.9818054360007,-2.8,2.2721,5.7,2.254,long_nclose,12.847800000000001,0.005340175946644594,6.0
1704212160000.0,1107868,1704212160000.0,0.03439000000000001,-0.0008633979999999999,2405.9093120380003,2405.9807520380004,-1.9,2.2721,3.8,2.254,long_nclose,8.565199999999999,0.0035600676871500947,8.0
1704212580000.0,1107875,1704212580000.0,0.0729600000000004,-0.0008711120000000002,2405.9814009260003,2406.0570209260004,-1.9,2.2924,1.9,2.254,long_nclose,4.2825999999999995,0.001779980509554952,7.0
1704212820000.0,1107879,1704212820000.0,0.11152999999999995,-0.000878826,2406.0920521000003,2406.0920521000003,-1.9,2.3127,0.0,2.254,long_nclose,0.0,0.0,4.0
1704280260000.0,1109003,1704280260000.0,0.0,-0.019246680000000002,2406.0728054200003,2405.85980542,42.6,2.259,42.6,2.259,long_ientry_normal,96.2334,0.039996046579813135,1124.0
1704282900000.0,1109047,1704282900000.0,0.0,-0.019237614,2406.0535678060005,2403.1641578060007,43.7,2.2011,86.3,2.2296809965237543,long_rentry,192.42147,0.07997389275728499,44.0
1704283260000.0,1109053,1704283260000.0,0.0,-0.019303424,2406.0342643820004,2391.5666343820003,44.8,2.1544,131.1,2.203955682684973,long_rentry,288.93859,0.1200891418203535,6.0
1704283260000.0,1109053,1704283260000.0,0.0,-0.02871912,2406.0055452620004,2390.3071152620005,68.0,2.1117,199.1,2.1724469613259667,long_rentry,432.53418999999997,0.17977273196720728,0.0
1704283680000.0,1109060,1704283680000.0,0.0,-0.042460432000000006,2405.9630848300003,2358.66913483,103.3,2.0552,302.4,2.1323953373015874,long_rentry,644.8363499999999,0.26801589520047125,7.0
1704283680000.0,1109060,1704283680000.0,0.0,-0.06206457600000002,2405.9010202540003,2358.1209902540004,156.8,1.9791,459.2,2.0800505879790943,long_rentry,955.1592300000001,0.39700686851163985,0.0
1704283740000.0,1109061,1704283740000.0,0.0,-0.08934464400000001,2405.8116756100003,2287.03095561,238.1,1.8762,697.3,2.0104437831636313,long_rentry,1401.88245,0.5827066450014416,1.0
1704283800000.0,1109062,1704283800000.0,0.0,-0.125670464,2405.6860051460003,2206.712895146001,361.6,1.7377,1058.9,1.9173054773821887,long_rentry,2030.2347699999998,0.8439317374159083,1.0
1704283920000.0,1109064,1704283920000.0,5.432727031825635,-0.13640996600000002,2410.982322211826,2408.2956551800007,-352.9,1.9327,706.0,1.9173054773821887,long_nclose,1353.6176670318252,0.5614382380829824,2.0
1704283980000.0,1109065,1704283980000.0,3.622331171971018,-0.09095286200000001,2414.513700521797,2428.255562318001,-235.3,1.9327,470.7,1.9173054773821887,long_nclose,902.4756882037962,0.3737712020473371,1.0
1704283980000.0,1109065,1704283980000.0,7.693021171970988,-0.09176700000000002,2422.114954693768,2428.9873453180007,-235.3,1.95,235.4,1.9173054773821887,long_nclose,451.3337093757672,0.1863386824399629,0.0
1704284040000.0,1109066,1704284040000.0,3.8481453121163844,-0.045903,2425.917197005884,2430.9541123180006,-117.7,1.95,117.7,1.9173054773821887,long_nclose,225.6668546878836,0.09302331298298482,1.0
1704284100000.0,1109067,1704284100000.0,5.872585312116397,-0.046307888000000005,2431.743474430001,2431.743474430001,-117.7,1.9672,0.0,1.9173054773821887,long_nclose,0.0,0.0,1.0
1704284160000.0,1109068,1704284160000.0,0.0,-0.019450464,2431.724023966001,2432.878063966001,48.9,1.9888,48.9,1.9888,long_ientry_normal,97.25232,0.03999315672400485,1.0
1704284220000.0,1109069,1704284220000.0,0.827160000000001,-0.009870776,2432.541313190001,2433.5801131900007,-24.4,2.0227,24.5,1.9888,long_nclose,48.7256,0.020030738937832027,1.0
1704284280000.0,1109070,1704284280000.0,0.0,-0.009506016,2432.5318071740007,2434.2891071740005,23.4,2.0312,47.9,2.009513152400835,long_ientry_partial,96.25568,0.03957016295372731,1.0
1704284280000.0,1109070,1704284280000.0,0.7616277661795376,-0.009998940000000001,2433.2834360001802,2434.1419082340008,-24.5,2.0406,23.4,2.009513152400835,long_nclose,47.02260776617954,0.019324755624636595,0.0
1704284340000.0,1109071,1704284340000.0,0.0,-0.009903608,2433.27353239218,2432.2756046260006,24.2,2.0462,47.6,2.028164869037385,long_ientry_partial,96.54064776617953,0.03967521385533227,1.0
1704284520000.0,1109074,1704284520000.0,0.25809506920931996,-0.006460620000000002,2433.52516684139,2433.761604006001,-15.8,2.0445,31.8,2.028164869037385,long_nclose,64.49564283538885,0.026502969319648087,3.0
1704284580000.0,1109075,1704284580000.0,0.17315238820372095,-0.004334340000000001,2433.6939848895936,2434.192929666001,-10.6,2.0445,21.2,2.028164869037385,long_nclose,42.99709522359256,0.01766742059213462,1.0
1704284640000.0,1109076,1704284640000.0,0.0,-0.010750907999999998,2433.6832339815937,2434.8362987580012,26.2,2.0517,47.4,2.041173738894358,long_ientry_partial,96.75163522359256,0.03975522938755813,1.0
1704284640000.0,1109076,1704284640000.0,0.22817836771980682,-0.004372924,2433.9070394253135,2434.802245834001,-10.6,2.0627,36.8,2.041173738894358,long_nclose,75.11519359131236,0.030861981322445383,0.0
1704284700000.0,1109077,1704284700000.0,0.0,-0.0042549300000000005,2433.9027844953134,2434.317570904001,10.3,2.0655,47.1,2.0464934945076934,long_ientry_partial,96.38984359131236,0.03960299655571472,1.0
1704284760000.0,1109078,1704284760000.0,0.2575821362292136,-0.006477506,2434.1538891255427,2434.4743733980013,-15.7,2.0629,31.4,2.0464934945076934,long_nclose,64.25989572754156,0.026399274102849184,1.0
1704284820000.0,1109079,1704284820000.0,0.0,-0.006540306000000002,2434.147348819543,2434.0563230920015,15.9,2.0567,47.3,2.04992443398608,long_ientry_partial,96.96142572754157,0.039833835767815656,1.0
1704284880000.0,1109080,1704284880000.0,0.25866638641854356,-0.006488496,2434.3995267099613,2435.090794596001,-15.7,2.0664,31.6,2.04992443398608,long_nclose,64.77761211396013,0.026609277320023834,1.0
1704284940000.0,1109081,1704284940000.0,0.0,-0.006381144000000001,2434.3931455659613,2435.131413452001,15.4,2.0718,47.0,2.0570921726374496,long_ientry_partial,96.68333211396013,0.03971557851699531,1.0
1704285000000.0,1109082,1704285000000.0,0.25752210685578464,-0.006469632,2434.644198040817,2434.801443820001,-15.6,2.0736,31.4,2.0570921726374496,long_nclose,64.59269422081591,0.026530650463338468,1.0
1704285060000.0,1109083,1704285060000.0,0.0,-0.006516236000000001,2434.637681804817,2435.153647584001,15.8,2.0621,47.2,2.0587685216274556,long_ientry_partial,97.1738742208159,0.03991307410833308,1.0
1704285060000.0,1109083,1704285060000.0,0.15424737507446054,-0.004313088,2434.787616091892,2435.189894496001,-10.4,2.0736,36.8,2.0587685216274556,long_nclose,75.76268159589036,0.03111675166045817,0.0
1704285120000.0,1109084,1704285120000.0,0.0,-0.004263582,2434.7833525098918,2433.8998009140014,10.3,2.0697,47.1,2.0611590572375875,long_ientry_partial,97.08059159589037,0.039872373653210266,1.0
1704285360000.0,1109088,1704285360000.0,0.2596928013698775,-0.006523978,2435.0365213332616,2435.7317469360014,-15.7,2.0777,31.4,2.0611590572375875,long_nclose,64.72039439726025,0.026578818769347957,4.0
1704285420000.0,1109089,1704285420000.0,0.5517128013698732,-0.006582382,2435.5816517526314,2436.1820345540013,-15.7,2.0963,15.7,2.0611590572375875,long_nclose,32.360197198630125,0.013286434957064117,1.0
1704285480000.0,1109090,1704285480000.0,0.0,-0.012890316000000002,2435.5687614366316,2435.5845042380015,30.7,2.0994,46.4,2.086460715487718,long_ientry_partial,96.81177719863012,0.0397491455513353,1.0
1704285960000.0,1109098,1704285960000.0,0.25778498148914303,-0.0064778560000000015,2435.820068562121,2436.3544863820016,-15.4,2.1032,31.0,2.086460715487718,long_nclose,64.68028218011926,0.02655380133159853,8.0
1704286020000.0,1109099,1704286020000.0,0.0,-0.0064373220000000005,2435.813631240121,2436.672149060002,15.3,2.1037,46.3,2.092157498490697,long_ientry_partial,96.86689218011927,0.03976777653994916,1.0
1704286320000.0,1109104,1704286320000.0,0.2593745232432662,-0.00649572,2436.0665100433644,2436.781613340002,-15.4,2.109,30.9,2.092157498490697,long_nclose,64.64766670336253,0.02653772646881129,5.0
1704286380000.0,1109105,1704286380000.0,0.5488945232432685,-0.006553624000000001,2436.6088509426077,2437.093109716002,-15.4,2.1278,15.5,2.092157498490697,long_nclose,32.428441226605806,0.013308841595178804,1.0
1704286440000.0,1109106,1704286440000.0,0.0,-0.012910272,2436.5959406706074,2437.6126394440016,30.4,2.1234,45.9,2.1128496999260524,long_ientry_partial,96.9798012266058,0.03980134728448851,1.0
1704286440000.0,1109106,1704286440000.0,0.11511731056939736,-0.0032768120000000005,2436.707781169177,2437.5539226320016,-7.7,2.1278,38.2,2.1128496999260524,long_nclose,80.71085853717521,0.03312291246447642,0.0
1704287760000.0,1109128,1704287760000.0,0.21526881093913308,-0.005409692,2436.917640288116,2437.207072940002,-12.7,2.1298,25.5,2.1128496999260524,long_nclose,53.877667348114336,0.02210894059667293,22.0
1704287820000.0,1109129,1704287820000.0,0.0,-0.008666736000000001,2436.908973552116,2437.3177462040017,20.4,2.1242,45.9,2.117894277736696,long_ientry_partial,97.21134734811434,0.03989125092613369,1.0
1704287820000.0,1109129,1704287820000.0,0.10119863923808303,-0.0036206600000000004,2437.0065515313545,2437.339625544002,-8.5,2.1298,37.4,2.117894277736696,long_nclose,79.20924598735243,0.032502680773500305,0.0
1704288780000.0,1109145,1704288780000.0,0.0,-0.00394839,2437.0026031413545,2435.898877154002,9.5,2.0781,46.9,2.109833603141843,long_ientry_partial,98.95119598735245,0.040603648046908934,16.0
1704291360000.0,1109188,1704291360000.0,0.0,-0.01948614,2436.9831170013545,2433.746481014002,47.4,2.0555,94.3,2.0825227570238862,long_rentry,196.38189598735246,0.08058401989628693,43.0
1704295440000.0,1109256,1704295440000.0,0.523665429449978,-0.013182976,2437.4935994548046,2438.209228038002,-31.4,2.0992,62.9,2.0825227570238862,long_nclose,130.99068141680243,0.053739907848825194,68.0
1704295500000.0,1109257,1704295500000.0,0.3485543782007815,-0.008774656,2437.8333791770056,2438.6010233820025,-20.9,2.0992,42.0,2.0825227570238862,long_nclose,87.46595579500323,0.035878561899308756,1.0
1704295800000.0,1109262,1704295800000.0,0.23348140166559528,-0.005877760000000001,2438.060982818671,2438.452345622002,-14.0,2.0992,28.0,2.0825227570238862,long_nclose,58.310637196668814,0.023916808319230473,5.0
1704295860000.0,1109263,1704295860000.0,0.0,-0.00775705,2438.0532257686714,2438.1562885720027,18.5,2.0965,46.5,2.0880835956272863,long_ientry_partial,97.09588719666881,0.03982517123515888,1.0
1704295860000.0,1109263,1704295860000.0,0.10338256066623913,-0.0039045120000000006,2438.1527038173376,2438.2351540600025,-9.3,2.0992,37.2,2.0880835956272863,long_nclose,77.67670975733506,0.03185883707600395,0.0
1704295920000.0,1109264,1704295920000.0,0.0,-0.00397157,2438.1487322473376,2438.7028524900024,9.5,2.0903,46.7,2.0885344701784807,long_ientry_partial,97.53455975733506,0.04000353155955077,1.0
1704296820000.0,1109279,1704296820000.0,0.2598657122335517,-0.006526430000000001,2438.402071529571,2439.1404360600022,-15.5,2.1053,31.2,2.0885344701784807,long_nclose,65.1622754695686,0.02672335142362036,15.0
1704297000000.0,1109282,1704297000000.0,0.0,-0.0063366,2438.395734929571,2438.9030994600025,15.0,2.1122,46.2,2.096218083756896,long_ientry_partial,96.8452754695686,0.0397167998952253,3.0
1704297060000.0,1109283,1704297060000.0,0.25844151014380146,-0.00650804,2438.647668399715,2438.9705114200024,-15.4,2.113,30.8,2.096218083756896,long_nclose,64.5635169797124,0.026475131203385426,1.0
1704297120000.0,1109284,1704297120000.0,0.0,-0.00653077,2438.6411376297146,2438.8899006500023,15.5,2.1067,46.3,2.0997271485899005,long_ientry_partial,97.21736697971238,0.0398653846519643,1.0
1704297180000.0,1109285,1704297180000.0,0.2598419117155328,-0.006519128000000001,2438.8944604134304,2439.5208915220023,-15.4,2.1166,30.9,2.0997271485899005,long_nclose,64.88156889142792,0.026602860412594274,1.0
1704297360000.0,1109288,1704297360000.0,0.5509019117155315,-0.00657734,2439.438784985146,2439.9731141820025,-15.4,2.1355,15.5,2.0997271485899005,long_nclose,32.545770803143455,0.013341499283959949,3.0
1704297540000.0,1109291,1704297540000.0,0.27545095585776574,-0.00328867,2439.7109472710035,2440.023515512002,-7.7,2.1355,7.8,2.0997271485899005,long_nclose,16.377871759001223,0.006713037779053735,3.0
1704297660000.0,1109293,1704297660000.0,0.13951412049938786,-0.00166569,2439.8487957015027,2440.004689822002,-3.9,2.1355,3.9,2.0997271485899005,long_nclose,8.188935879500612,0.0033563292503731314,2.0
1704297780000.0,1109295,1704297780000.0,0.21322412049938752,-0.0016804319999999997,2440.0603393900024,2440.0603393900024,-3.9,2.1544,0.0,2.0997271485899005,long_nclose,0.0,0.0,2.0
1704302160000.0,1109368,1704302160000.0,0.0,-0.019507488000000003,2440.0408319020025,2439.7485119020025,46.4,2.1021,46.4,2.1021,long_ientry_normal,97.53744,0.039973691720547946,73.0
1704308160000.0,1109468,1704308160000.0,0.0,-0.019539828000000002,2440.0212920740028,2438.7530420740027,47.7,2.0482,94.1,2.074777683315622,long_rentry,195.23658,0.08001429357776224,100.0
1704310140000.0,1109501,1704310140000.0,0.5202785122210374,-0.013092164000000003,2440.5284784222235,2441.5849199100026,-31.3,2.0914,62.8,2.074777683315622,long_nclose,130.29603851222106,0.05338845240456121,33.0
1704310260000.0,1109503,1704310260000.0,0.3474064187035042,-0.008742052,2440.867142788927,2441.538477858003,-20.9,2.0914,41.9,2.074777683315622,long_nclose,86.93318493092455,0.035615697145890114,2.0
1704310440000.0,1109506,1704310440000.0,0.23105020191285686,-0.005814092000000001,2441.09237889884,2441.7342037660023,-13.9,2.0914,28.0,2.074777683315622,long_nclose,58.093775132837415,0.02379826983813006,3.0
1704311400000.0,1109522,1704311400000.0,0.0,-0.007948799999999999,2441.0844300988397,2441.007294966002,19.2,2.07,47.2,2.0728342189160465,long_ientry_partial,97.8377751328374,0.04007963588906916,16.0
1704314220000.0,1109569,1704314220000.0,0.26165276301807255,-0.00656103,2441.339521831858,2441.9022939360025,-15.7,2.0895,31.5,2.0728342189160465,long_nclose,65.29427789585546,0.026745267223979536,47.0
1704314340000.0,1109571,1704314340000.0,0.5536727630180683,-0.006619434,2441.8865751608755,2442.456414502002,-15.7,2.1081,15.8,2.0728342189160465,long_nclose,32.75078065887354,0.013412081049143678,2.0
1704315420000.0,1109589,1704315420000.0,0.2785996705632318,-0.0033307980000000003,2442.1618440334387,2442.444393704002,-7.9,2.1081,7.9,2.0728342189160465,long_nclose,16.37539032943677,0.006705284651565686,18.0
1704316500000.0,1109607,1704316500000.0,0.13753654622741823,-0.0016443179999999999,2442.2977362616657,2442.4491993860015,-3.9,2.1081,4.0,2.0728342189160465,long_nclose,8.291336875664186,0.0033948919300705025,18.0
1704316740000.0,1109611,1704316740000.0,0.07053156216790679,-0.00084324,2442.367424583834,2442.4401561460018,-2.0,2.1081,2.0,2.0728342189160465,long_nclose,4.145668437832093,0.0016973975316340836,4.0
1704321840000.0,1109696,1704321840000.0,0.0099994686503722,-0.00025074,2442.377173312484,2442.398125406002,-0.6,2.0895,1.4,2.0728342189160465,long_nclose,2.901967906482465,0.0011881735295399356,85.0
1704321960000.0,1109698,1704321960000.0,0.006666312433581467,-0.00016716000000000002,2442.3836724649177,2442.4035382460015,-0.4,2.0895,1.0,2.0728342189160465,long_nclose,2.0728342189160465,0.0008486931198750145,2.0
1704324300000.0,1109737,1704324300000.0,0.0049997343251861,-0.00012537,2442.388546829243,2442.401682876002,-0.3,2.0895,0.7,2.0728342189160465,long_nclose,1.4509839532412325,0.0005940839982749381,39.0
1704325200000.0,1109752,1704325200000.0,0.0033331562167907337,-8.358000000000001e-05,2442.3917964054594,2442.4004792960013,-0.2,2.0895,0.5,2.0728342189160465,long_nclose,1.0364171094580232,0.0004243451484660852,15.0
1704325500000.0,1109757,1704325500000.0,0.0016665781083953668,-4.1790000000000005e-05,2442.393421193568,2442.4004075060016,-0.1,2.0895,0.4,2.0728342189160465,long_nclose,0.8291336875664186,0.000339475892938342,5.0
1704326640000.0,1109776,1704326640000.0,0.00705315621679068,-8.4324e-05,2442.400390025785,2442.4073831820015,-0.2,2.1081,0.2,2.0728342189160465,long_nclose,0.4145668437832093,0.0001697374621606708,19.0
1704326700000.0,1109777,1704326700000.0,0.00352657810839534,-4.2162e-05,2442.403874441893,2442.4078010200014,-0.1,2.1081,0.1,2.0728342189160465,long_nclose,0.20728342189160465,8.486861000372856e-05,1.0
1704326820000.0,1109779,1704326820000.0,0.0053965781083953335,-4.2536e-05,2442.4092284840017,2442.4092284840017,-0.1,2.1268,0.0,2.0728342189160465,long_nclose,0.0,0.0,2.0
1704419280000.0,1111320,1704419280000.0,0.0,-0.01951872,2442.3897097640015,2441.0787097640014,46.0,2.1216,46.0,2.1216,long_ientry_normal,97.5936,0.03995824237624637,1541.0
1704419640000.0,1111326,1704419640000.0,0.26009999999999855,-0.006544116,2442.6432656480015,2443.0853456480013,-15.3,2.1386,30.7,2.1216,long_nclose,65.13311999999999,0.026665015279143115,6.0
1704419700000.0,1111327,1704419700000.0,0.173399999999999,-0.004362743999999999,2442.8123029040016,2443.234602904002,-10.2,2.1386,20.5,2.1216,long_nclose,43.492799999999995,0.017804396984695058,1.0
1704419940000.0,1111331,1704419940000.0,0.11559999999999934,-0.0029084959999999996,2442.9249944080016,2443.215434408002,-6.8,2.1386,13.7,2.1216,long_nclose,29.06592,0.011897999351815382,4.0
1704420000000.0,1111332,1704420000000.0,0.24548000000000164,-0.0029344720000000005,2443.1675399360015,2443.4193899360016,-6.8,2.1577,6.9,2.1216,long_nclose,14.63904,0.005991828133237014,1.0
1704420120000.0,1111334,1704420120000.0,0.12274000000000082,-0.0014672360000000002,2443.2888127000015,2443.4466627000015,-3.4,2.1577,3.5,2.1216,long_nclose,7.425599999999999,0.0030391822536093072,2.0
1704420300000.0,1111337,1704420300000.0,0.06137000000000041,-0.0007336180000000001,2443.3494490820012,2443.4146090820013,-1.7,2.1577,1.8,2.1216,long_nclose,3.81888,0.0015629692271135445,3.0
1704421500000.0,1111357,1704421500000.0,0.010199999999999942,-0.00025663199999999996,2443.3593924500015,2443.3817124500015,-0.6,2.1386,1.2,2.1216,long_nclose,2.5459199999999997,0.0010419752443569749,20.0
1704421800000.0,1111362,1704421800000.0,0.006799999999999962,-0.000171088,2443.3660213620014,2443.3778613620016,-0.4,2.1386,0.8,2.1216,long_nclose,1.6972800000000001,0.0006946482783017046,5.0
1704421860000.0,1111363,1704421860000.0,0.003399999999999981,-8.5544e-05,2443.3693358180017,2443.3855358180017,-0.2,2.1386,0.6,2.1216,long_nclose,1.2729599999999999,0.0005209855020030498,1.0
1704422280000.0,1111370,1704422280000.0,0.010830000000000072,-0.00012946200000000003,2443.3800363560017,2443.3924563560017,-0.3,2.1577,0.3,2.1216,long_nclose,0.6364799999999999,0.00026049161019962776,7.0
1704422400000.0,1111372,1704422400000.0,0.0036100000000000246,-4.315400000000001e-05,2443.3836032020017,2443.3914232020015,-0.1,2.1577,0.2,2.1216,long_nclose,0.42432000000000003,0.00017366081995636617,2.0
1704423360000.0,1111388,1704423360000.0,0.0016999999999999906,-4.2772e-05,2443.3852604300014,2443.3873304300014,-0.1,2.1386,0.1,2.1216,long_nclose,0.21216000000000002,8.683035108538833e-05,16.0
1704423780000.0,1111395,1704423780000.0,0.0036100000000000246,-4.315400000000001e-05,2443.3888272760014,2443.3888272760014,-0.1,2.1577,0.0,2.1216,long_nclose,0.0,0.0,7.0
1704440580000.0,1111675,1704440580000.0,0.0,-0.019546044000000002,2443.3692812320014,2443.364591232001,46.9,2.0838,46.9,2.0838,long_ientry_normal,97.73022,0.03999813730600814,280.0
1704442980000.0,1111715,1704442980000.0,0.26051999999999553,-0.006553559999999999,2443.623247672001,2444.217947672001,-15.6,2.1005,31.3,2.0838,long_nclose,65.22294000000001,0.026691078529448766,40.0
1704445260000.0,1111753,1704445260000.0,0.17367999999999703,-0.00436904,2443.792558632001,2444.356858632001,-10.4,2.1005,20.9,2.0838,long_nclose,43.55142,0.01782124257894436,38.0
1704445320000.0,1111754,1704445320000.0,0.3691999999999986,-0.004408144,2444.157350488001,2444.504900488001,-10.4,2.1193,10.5,2.0838,long_nclose,21.8799,0.008951919562638409,1.0
1704445380000.0,1111755,1704445380000.0,0.1845999999999993,-0.002204072,2444.339746416001,2444.532666416001,-5.2,2.1193,5.3,2.0838,long_nclose,11.04414,0.004518250793979604,1.0
1704445620000.0,1111759,1704445620000.0,0.09229999999999965,-0.001102036,2444.430944380001,2444.5243643800013,-2.6,2.1193,2.7,2.0838,long_nclose,5.62626,0.002301664529707968,4.0
1704445680000.0,1111760,1704445680000.0,0.04614999999999982,-0.000551018,2444.4765433620014,2444.5244233620015,-1.3,2.1193,1.4,2.0838,long_nclose,2.91732,0.0011934334194868875,1.0
1704446220000.0,1111769,1704446220000.0,0.0066799999999998865,-0.00016804,2444.4830553220013,2444.499155322001,-0.4,2.1005,1.0,2.0838,long_nclose,2.0838,0.0008524501716071459,9.0
1704446280000.0,1111770,1704446280000.0,0.005009999999999915,-0.00012602999999999998,2444.487939292001,2444.4988592920013,-0.3,2.1005,0.7,2.0838,long_nclose,1.45866,0.0005967139279167288,1.0
1704446760000.0,1111778,1704446760000.0,0.0033399999999999433,-8.402e-05,2444.4911952720013,2444.4984952720015,-0.2,2.1005,0.5,2.0838,long_nclose,1.0419,0.0004262236665098999,8.0
1704446940000.0,1111781,1704446940000.0,0.0016699999999999716,-4.201e-05,2444.4928232620014,2444.4989432620014,-0.1,2.1005,0.4,2.0838,long_nclose,0.83352,0.00034097870612183963,3.0
1704447000000.0,1111782,1704447000000.0,0.0016699999999999716,-4.201e-05,2444.4944512520015,2444.5000012520013,-0.1,2.1005,0.3,2.0838,long_nclose,0.62514,0.0002557338592770464,1.0
1704447840000.0,1111796,1704447840000.0,0.0016699999999999716,-4.201e-05,2444.4960792420015,2444.4995392420014,-0.1,2.1005,0.2,2.0838,long_nclose,0.41676,0.00017048912597529325,14.0
1704448260000.0,1111803,1704448260000.0,0.0016699999999999716,-4.201e-05,2444.4977072320016,2444.4992372320016,-0.1,2.1005,0.1,2.0838,long_nclose,0.20838,8.524450621635341e-05,7.0
1704448740000.0,1111811,1704448740000.0,0.0016699999999999716,-4.201e-05,2444.4993352220017,2444.4993352220017,-0.1,2.1005,0.0,2.0838,long_nclose,0.0,0.0,8.0
1704451620000.0,1111859,1704451620000.0,0.0,-0.01955385,2444.4797813720015,2444.5367813720013,47.5,2.0583,47.5,2.0583,long_ientry_normal,97.76925,0.0399959331817936,48.0
1704465720000.0,1112094,1704465720000.0,0.0,-0.01957368,2444.4602076920014,2442.818907692001,48.8,2.0055,96.3,2.031543613707165,long_rentry,195.63765,0.08003306798956496,235.0
1704474300000.0,1112237,1704474300000.0,0.0,-0.01959074,2444.4406169520016,2441.9773269520015,49.9,1.963,146.2,2.00814876880985,long_rentry,293.59135000000003,0.12010574033337824,143.0
1704484020000.0,1112399,1704484020000.0,0.7865649589603237,-0.019716682000000003,2445.207465228962,2446.0509602700017,-48.7,2.0243,97.5,2.00814876880985,long_nclose,195.79450495896035,0.0800727577284027,162.0
1704488040000.0,1112466,1704488040000.0,0.5249150136798875,-0.013157950000000003,2445.719222292642,2446.6975523200017,-32.5,2.0243,65.0,2.00814876880985,long_nclose,130.52966997264025,0.05337066854725884,67.0
1704488100000.0,1112467,1704488100000.0,0.3488665937072483,-0.008744976000000002,2446.059343910349,2446.8471073440014,-21.6,2.0243,43.4,2.00814876880985,long_nclose,87.15365656634748,0.03563022981569239,1.0
1704488340000.0,1112471,1704488340000.0,0.23257772913816552,-0.005829984000000002,2446.2860916554873,2446.6761773600015,-14.4,2.0243,29.0,2.00814876880985,long_nclose,58.23631429548564,0.023806011281401307,4.0
1704491820000.0,1112529,1704491820000.0,0.1550518194254437,-0.003886656,2446.437256818913,2446.760290704002,-9.6,2.0243,19.4,2.00814876880985,long_nclose,38.95808611491108,0.015924416621077804,58.0
1704492120000.0,1112534,1704492120000.0,0.10336787961696246,-0.0025911040000000003,2446.5380335945297,2446.7947996000016,-6.4,2.0243,13.0,2.00814876880985,long_nclose,26.105933994528048,0.010670561273135983,5.0
1704492420000.0,1112539,1704492420000.0,0.06945029411764665,-0.001740898,2446.6057429906473,2446.7558287020015,-4.3,2.0243,8.7,2.00814876880985,long_nclose,17.47089428864569,0.007140870301109433,5.0
1704493560000.0,1112558,1704493560000.0,0.046838570451436114,-0.001174094,2446.651407467099,2446.739284608002,-2.9,2.0243,5.8,2.00814876880985,long_nclose,11.647262859097129,0.004760491348931061,19.0
1704493800000.0,1112562,1704493800000.0,0.030687339261285727,-0.0007692340000000002,2446.6813255723605,2446.740805374002,-1.9,2.0243,3.9,2.00814876880985,long_nclose,7.831780198358414,0.003200980902785245,4.0
1704493860000.0,1112563,1704493860000.0,0.020996600547195498,-0.0005263180000000001,2446.7017958549077,2446.7443090560023,-1.3,2.0243,2.6,2.00814876880985,long_nclose,5.2211867989056095,0.0021339694145609037,1.0
1704493980000.0,1112565,1704493980000.0,0.012920984952120308,-0.00032388800000000004,2446.7143929518597,2446.743825168002,-0.8,2.0243,1.8,2.00814876880985,long_nclose,3.6146677838577297,0.0014773558345307245,2.0
1704494340000.0,1112571,1704494340000.0,0.00969073871409023,-0.000242916,2446.723840774574,2446.742982252002,-0.6,2.0243,1.2,2.00814876880985,long_nclose,2.40977852257182,0.0009849000865618498,6.0
1704494400000.0,1112572,1704494400000.0,0.006460492476060154,-0.00016194400000000002,2446.73013932305,2446.743380308002,-0.4,2.0243,0.8,2.00814876880985,long_nclose,1.6065190150478799,0.0006565983674408671,1.0
1704494760000.0,1112578,1704494760000.0,0.003230246238030077,-8.097200000000001e-05,2446.7332885972883,2446.7428593360023,-0.2,2.0243,0.6,2.00814876880985,long_nclose,1.20488926128591,0.0004924481417329605,6.0
1704494820000.0,1112579,1704494820000.0,0.003230246238030077,-8.097200000000001e-05,2446.7364378715265,2446.7410183640027,-0.2,2.0243,0.4,2.00814876880985,long_nclose,0.8032595075239399,0.00032829833859126823,1.0
1704495480000.0,1112590,1704495480000.0,0.0016151231190150385,-4.0486000000000005e-05,2446.738012508645,2446.7441178780023,-0.1,2.0243,0.3,2.00814876880985,long_nclose,0.602444630642955,0.0002462235954822426,11.0
1704495840000.0,1112596,1704495840000.0,0.003425123119015039,-4.0848000000000006e-05,2446.7413967837642,2446.747967030002,-0.1,2.0424,0.2,2.00814876880985,long_nclose,0.40162975376196997,0.00016414883660770662,6.0
1704495900000.0,1112597,1704495900000.0,0.003425123119015039,-4.0848000000000006e-05,2446.7447810588833,2446.7483261820025,-0.1,2.0424,0.1,2.00814876880985,long_nclose,0.20081487688098498,8.207430478060645e-05,1.0
1704499920000.0,1112664,1704499920000.0,0.003425123119015039,-4.0848000000000006e-05,2446.7481653340024,2446.7481653340024,-0.1,2.0424,0.0,2.00814876880985,long_nclose,0.0,0.0,67.0
1704518100000.0,1112967,1704518100000.0,0.0,-0.01957683,2446.7285885040023,2446.592238504002,50.5,1.9383,50.5,1.9383,long_ientry_normal,97.88414999999999,0.04000613327522734,303.0
1704522240000.0,1113036,1704522240000.0,0.0,-0.019565896000000003,2446.709022608002,2443.871812608002,51.8,1.8886,102.3,1.9131342130987292,long_rentry,195.71363,0.07999056209445961,69.0
1704529920000.0,1113164,1704529920000.0,0.5239733333333372,-0.013152370000000002,2447.2198435713353,2448.315530238002,-34.1,1.9285,68.2,1.9131342130987292,long_nclose,130.47575333333333,0.05331591016478697,128.0
1704530160000.0,1113168,1704530160000.0,0.34880336265884904,-0.00875539,2447.5598915439946,2448.1634848480026,-22.7,1.9285,45.5,1.9131342130987292,long_nclose,87.04760669599219,0.03556505685386106,4.0
1704530820000.0,1113179,1704530820000.0,0.23202338220919033,-0.005824070000000001,2447.786090856204,2448.2896907780023,-15.1,1.9285,30.4,1.9131342130987292,long_nclose,58.15928007820136,0.02375995202172997,11.0
1704533520000.0,1113224,1704533520000.0,0.49499996089931564,-0.005914928,2448.275175889103,2448.7701758500025,-15.2,1.9457,15.2,1.9131342130987292,long_nclose,29.07964003910068,0.011877602781533847,45.0
1704533580000.0,1113225,1704533580000.0,0.24749998044965782,-0.002957464,2448.519718405553,2448.7398583860027,-7.6,1.9457,7.6,1.9131342130987292,long_nclose,14.53982001955034,0.005938208261201384,1.0
1704534300000.0,1113237,1704534300000.0,0.12374999022482891,-0.001478732,2448.6419896637776,2448.7695396540025,-3.8,1.9457,3.8,1.9131342130987292,long_nclose,7.26991000977517,0.0029689558704224456,12.0
1704535140000.0,1113251,1704535140000.0,0.01843894428152506,-0.00046284,2448.659965768059,2448.7014768140025,-1.2,1.9285,2.6,1.9131342130987292,long_nclose,4.974148954056696,0.002031375945862079,14.0
1704536280000.0,1113270,1704536280000.0,0.012292629521016708,-0.00030856000000000004,2448.67194983758,2448.700148254002,-0.8,1.9285,1.8,1.9131342130987292,long_nclose,3.4436415835777128,0.0014063303105204144,19.0
1704536580000.0,1113275,1704536580000.0,0.00921947214076253,-0.00023142,2448.6809378897206,2448.701896834002,-0.6,1.9285,1.2,1.9131342130987292,long_nclose,2.295761055718475,0.0009375500989920588,5.0
1704537420000.0,1113289,1704537420000.0,0.01953947214076246,-0.000233484,2448.7002438778613,2448.720683350002,-0.6,1.9457,0.6,1.9131342130987292,long_nclose,1.1478805278592374,0.0004687713535901835,14.0
1704537540000.0,1113291,1704537540000.0,0.00976973607038123,-0.000116742,2448.7098968719315,2448.720416608002,-0.3,1.9457,0.3,1.9131342130987292,long_nclose,0.5739402639296187,0.00023438475282955743,2.0
1704537780000.0,1113295,1704537780000.0,0.0032565786901270766,-3.891400000000001e-05,2448.7131145366216,2448.719867694002,-0.1,1.9457,0.2,1.9131342130987292,long_nclose,0.3826268426197459,0.00015625629656177656,4.0
1704538560000.0,1113308,1704538560000.0,0.0032565786901270766,-3.891400000000001e-05,2448.7163322013116,2448.7195587800015,-0.1,1.9457,0.1,1.9131342130987292,long_nclose,0.19131342130987294,7.812804561886054e-05,13.0
1704538620000.0,1113309,1704538620000.0,0.0032565786901270766,-3.891400000000001e-05,2448.7195498660017,2448.7195498660017,-0.1,1.9457,0.0,1.9131342130987292,long_nclose,0.0,0.0,1.0
1704665820000.0,1115429,1704665820000.0,0.0,-0.019575808,2448.6999740580018,2448.9303740580017,51.2,1.9117,51.2,1.9117,long_ientry_normal,97.87904,0.039971838541654495,2120.0
1704668880000.0,1115480,1704668880000.0,0.26180000000000136,-0.006552140000000001,2448.955221918002,2449.304061918002,-17.0,1.9271,34.2,1.9117,long_nclose,65.38014,0.026697156164739836,51.0
1704669780000.0,1115495,1704669780000.0,0.0,-0.006576422000000001,2448.948645496002,2448.474595496002,17.3,1.9007,51.5,1.908004854368932,long_ientry_partial,98.26225000000001,0.04012425911042258,15.0
1704675540000.0,1115591,1704675540000.0,0.0,-0.01959386,2448.929051636002,2446.311521636002,52.7,1.859,104.2,1.8832202495201535,long_rentry,196.23155,0.08012953656983567,96.0
1704680220000.0,1115669,1704680220000.0,0.0,-0.01965168,2448.909399956002,2442.8338699560018,54.0,1.8196,158.2,1.8615041087231354,long_rentry,294.48995,0.12025350958483436,78.0
1704682320000.0,1115704,1704682320000.0,0.0,-0.029249400000000005,2448.880150556002,2437.236480556002,82.0,1.7835,240.2,1.8348748959200667,long_rentry,440.73695,0.179974895831441,35.0
1704694860000.0,1115913,1704694860000.0,1.1780083263946572,-0.029593599999999998,2450.0285652823964,2453.2526069560017,-80.0,1.8496,160.2,1.8348748959200667,long_nclose,293.9469583263947,0.11997695149016094,209.0
1704695100000.0,1115917,1704695100000.0,2.501130836802665,-0.029894921999999997,2452.499801197199,2454.8727720340016,-80.1,1.8661,80.1,1.8348748959200667,long_nclose,146.97347916319734,0.05992802898147089,4.0
1704695280000.0,1115920,1704695280000.0,1.2490041631973359,-0.014928800000000002,2453.7338765603963,2455.1063032340016,-40.0,1.8661,40.1,1.8348748959200667,long_nclose,73.57848332639468,0.029986333900861237,3.0
1704695700000.0,1115927,1704695700000.0,0.6245020815986679,-0.007464400000000001,2454.350914241995,2454.7976388340016,-20.0,1.8661,20.1,1.8348748959200667,long_nclose,36.88098540799334,0.015026777627429743,7.0
1704696180000.0,1115935,1704696180000.0,0.31225104079933397,-0.0037322000000000006,2454.6594330827943,2454.9374366340016,-10.0,1.8661,10.1,1.8348748959200667,long_nclose,18.532236448792673,0.007549819823892283,8.0
1704697080000.0,1115950,1704697080000.0,0.04859284346377961,-0.001220736,2454.706805190258,2454.8062558980014,-3.3,1.8496,6.8,1.8348748959200667,long_nclose,12.477149292256453,0.005082948915069872,15.0
1704697140000.0,1115951,1704697140000.0,0.03239522897585308,-0.000813824,2454.738386595234,2454.8084220740016,-2.2,1.8496,4.6,1.8348748959200667,long_nclose,8.440424521232305,0.00343842120501457,1.0
1704697260000.0,1115953,1704697260000.0,0.022087656119899823,-0.00055488,2454.7599193713536,2454.8071171940014,-1.5,1.8496,3.1,1.8348748959200667,long_nclose,5.688112177352207,0.0023171765729370765,2.0
1704697380000.0,1115955,1704697380000.0,0.014725104079933216,-0.00036992,2454.7742745554333,2454.812337274001,-1.0,1.8496,2.1,1.8348748959200667,long_nclose,3.8532372814321403,0.0015696910796940678,2.0
1704698220000.0,1115969,1704698220000.0,0.031225104079933397,-0.00037322000000000006,2454.8051264395135,2454.8459640540013,-1.0,1.8661,1.1,1.8348748959200667,long_nclose,2.0183623855120736,0.0008222088033682482,14.0
1704698640000.0,1115976,1704698640000.0,0.015612552039966698,-0.00018661000000000003,2454.820552381553,2454.8380874440013,-0.5,1.8661,0.6,1.8348748959200667,long_nclose,1.10092493755204,0.0004484747109046214,7.0
1704700560000.0,1116008,1704700560000.0,0.0029450208159866433,-7.398400000000002e-05,2454.8234234183687,2454.830393460001,-0.2,1.8496,0.4,1.8348748959200667,long_nclose,0.7339499583680267,0.0002989827909275826,32.0
1704701700000.0,1116027,1704701700000.0,0.00624502081598668,-7.464400000000001e-05,2454.829593795185,2454.835798816001,-0.2,1.8661,0.2,1.8348748959200667,long_nclose,0.36697497918401334,0.000149491019707265,19.0
1704701760000.0,1116028,1704701760000.0,0.00312251040799334,-3.7322000000000006e-05,2454.832678983593,2454.8359014940006,-0.1,1.8661,0.1,1.8348748959200667,long_nclose,0.18348748959200667,7.474541591485512e-05,1.0
1704703320000.0,1116054,1704703320000.0,0.00312251040799334,-3.7322000000000006e-05,2454.835764172001,2454.835764172001,-0.1,1.8661,0.0,1.8348748959200667,long_nclose,0.0,0.0,26.0
1704804960000.0,1117748,1704804960000.0,0.0,-0.019657039999999997,2454.816107132001,2452.949307132001,52.0,1.8901,52.0,1.8901,long_ientry_normal,98.28519999999999,0.04003770372634066,1694.0
1704804960000.0,1117748,1704804960000.0,0.0,-0.019631456,2454.796475676001,2453.601255676001,53.3,1.8416,105.3,1.8655506172839507,long_rentry,196.44248,0.08002393760399372,0.0
1704805020000.0,1117749,1704805020000.0,0.5247233333333339,-0.01320111,2455.3079978993346,2456.0626045660015,-35.1,1.8805,70.2,1.8655506172839507,long_nclose,130.96165333333335,0.053338177306219425,1.0
1704805080000.0,1117750,1704805080000.0,0.3498155555555559,-0.008800740000000001,2455.6490127148904,2456.0678438260015,-23.4,1.8805,46.8,1.8655506172839507,long_nclose,87.30776888888889,0.035553846839196324,1.0
1704805140000.0,1117751,1704805140000.0,0.2332103703703706,-0.00586716,2455.8763559252607,2455.9527766660012,-15.6,1.8805,31.2,1.8655506172839507,long_nclose,58.20517925925926,0.02370037038665582,1.0
1704805200000.0,1117752,1704805200000.0,0.0,-0.00799504,2455.8683608852607,2456.7600816260015,21.4,1.868,52.6,1.8665471342064497,long_ientry_partial,98.18037925925925,0.03997786722732501,1.0
1704805200000.0,1117752,1704805200000.0,0.14510980425292389,-0.00391144,2456.0095592495136,2456.7249701860014,-10.4,1.8805,42.2,1.8665471342064497,long_nclose,78.76828906351219,0.03207165410528024,0.0
1704805440000.0,1117756,1704805440000.0,0.20934012110970368,-0.005268200000000001,2456.213631170623,2456.832701986001,-14.0,1.8815,28.2,1.8665471342064497,long_nclose,52.63662918462188,0.021429988221152996,4.0
1704805500000.0,1117757,1704805500000.0,0.0,-0.008986404,2456.204644766623,2456.993995582001,23.8,1.8879,52.0,1.8763201766273436,long_ientry_partial,97.56864918462188,0.039723338766787644,1.0
1704805680000.0,1117760,1704805680000.0,0.26088094434695475,-0.006544244000000001,2456.45898146697,2456.951021338001,-17.3,1.8914,34.7,1.8763201766273436,long_nclose,65.10831012896882,0.02650494497167906,3.0
1704805800000.0,1117762,1704805800000.0,0.0,-0.0065671079999999995,2456.4524143589697,2456.9619342300007,17.4,1.8871,52.1,1.8799203479648527,long_ientry_partial,97.94385012896883,0.03987207305806005,2.0
1704806040000.0,1117766,1704806040000.0,0.2608779802080478,-0.006556700000000001,2456.7067356391776,2457.1062275300005,-17.3,1.895,34.8,1.8799203479648527,long_nclose,65.42122810917687,0.026629644947082295,4.0
1704806100000.0,1117767,1704806100000.0,0.0,-0.0065255600000000006,2456.700210079178,2456.901361970001,17.3,1.886,52.1,1.8819391191780586,long_ientry_partial,98.04902810917686,0.0399108640553325,1.0
1704806340000.0,1117771,1704806340000.0,0.26228323821958704,-0.006563966000000001,2456.955929351397,2457.5148480040007,-17.3,1.8971,34.8,1.8819391191780586,long_nclose,65.49148134739643,0.026655537677749593,4.0
1704806940000.0,1117781,1704806940000.0,0.0,-0.006557016000000001,2456.949372335397,2457.069810988001,17.4,1.8842,52.2,1.8826927461187055,long_ientry_partial,98.27656134739644,0.03999942467433991,10.0
1704831720000.0,1118194,1704831720000.0,0.0,-0.019738144,2456.9296341913973,2454.5147528440007,53.8,1.8344,106.0,1.85818189950374,long_rentry,196.96728134739644,0.08016805960021746,413.0
1704834660000.0,1118243,1704834660000.0,0.5266089475179768,-0.013224086000000001,2457.4430190529156,2458.674478758001,-35.3,1.8731,70.7,1.85818189950374,long_nclose,131.37346029491442,0.05345941259933872,49.0
1704834840000.0,1118246,1704834840000.0,1.1161189475179745,-0.013341987999999999,2458.5457960124336,2460.0049167700013,-35.3,1.8898,35.4,1.85818189950374,long_nclose,65.7796392424324,0.02675550699487549,3.0
1704834960000.0,1118248,1704834960000.0,0.5596403787838002,-0.006689891999999999,2459.0987464992177,2459.2123468780014,-17.7,1.8898,17.7,1.85818189950374,long_nclose,32.8898196212162,0.013374745389154572,2.0
1704835140000.0,1118251,1704835140000.0,0.08801679292793381,-0.002210258,2459.1845530341457,2459.3181066200013,-5.9,1.8731,11.8,1.85818189950374,long_nclose,21.926546414144134,0.008916185809272073,3.0
1704835380000.0,1118255,1704835380000.0,0.05818059193541387,-0.0014610180000000001,2459.241272608081,2459.4444456020015,-3.9,1.8731,7.9,1.85818189950374,long_nclose,14.679637006079547,0.005969173163116061,4.0
1704835440000.0,1118256,1704835440000.0,0.12331059193541362,-0.001474044,2459.3631091560164,2459.4307815580014,-3.9,1.8898,4.0,1.85818189950374,long_nclose,7.43272759801496,0.0030222164308895652,1.0
1704835560000.0,1118258,1704835560000.0,0.01939353064513796,-0.00048700600000000006,2459.3820156806614,2459.3615445520013,-1.3,1.8731,2.7,1.85818189950374,long_nclose,5.017091128660098,0.00203998040835944,2.0
1704836460000.0,1118273,1704836460000.0,0.013426290446633972,-0.00033715800000000005,2459.395104813108,2459.4323973940013,-0.9,1.8731,1.8,1.85818189950374,long_nclose,3.344727419106732,0.0013599797009276806,15.0
1704836580000.0,1118275,1704836580000.0,0.028456290446633916,-0.000340164,2459.4232209395545,2459.447357230001,-0.9,1.8898,0.9,1.85818189950374,long_nclose,1.672363709553366,0.0006799820768198187,2.0
1704836700000.0,1118277,1704836700000.0,0.012647240198503962,-0.000151184,2459.435716995753,2459.454476046001,-0.4,1.8898,0.5,1.85818189950374,long_nclose,0.92909094975187,0.00037776590106887285,2.0
1704836820000.0,1118279,1704836820000.0,0.006323620099251981,-7.5592e-05,2459.4419650238524,2459.4476404540014,-0.2,1.8898,0.3,1.85818189950374,long_nclose,0.557454569851122,0.00022665896482973756,2.0
1704837120000.0,1118284,1704837120000.0,0.0014918100496259968,-3.7462e-05,2459.443419371902,2459.4466229920013,-0.1,1.8731,0.2,1.85818189950374,long_nclose,0.37163637990074805,0.00015110588719933118,5.0
1704837960000.0,1118298,1704837960000.0,0.0014918100496259968,-3.7462e-05,2459.444873719952,2459.4466855300016,-0.1,1.8731,0.1,1.85818189950374,long_nclose,0.18581818995037402,7.555289892280483e-05,14.0
1704838320000.0,1118304,1704838320000.0,0.0014918100496259968,-3.7462e-05,2459.4463280680015,2459.4463280680015,-0.1,1.8731,0.0,1.85818189950374,long_nclose,0.0,0.0,6.0
1704890880000.0,1119180,1704890880000.0,0.0,-0.019659552,2459.4266685160014,2459.6484285160013,52.8,1.8617,52.8,1.8617,long_ientry_normal,98.29776,0.039967753972234545,876.0
1704892320000.0,1119204,1704892320000.0,0.26400000000000223,-0.006605984000000001,2459.6840625320015,2460.2613425320014,-17.6,1.8767,35.2,1.8617,long_nclose,65.53184,0.02664238102699314,24.0
1704892500000.0,1119207,1704892500000.0,0.17550000000000143,-0.004391478,2459.8551710540014,2460.148921054001,-11.7,1.8767,23.5,1.8617,long_nclose,43.74995,0.017785579620630255,3.0
1704893100000.0,1119217,1704893100000.0,0.11700000000000096,-0.002927652,2459.9692434020017,2460.2251534020015,-7.8,1.8767,15.7,1.8617,long_nclose,29.228689999999997,0.01188172985430433,10.0
1704893280000.0,1119220,1704893280000.0,0.07800000000000065,-0.0019517680000000002,2460.045291634002,2460.222741634002,-5.2,1.8767,10.5,1.8617,long_nclose,19.54785,0.007946134189674207,3.0
1704895440000.0,1119256,1704895440000.0,0.052500000000000435,-0.0013136900000000002,2460.0964779440014,2460.1930779440013,-3.5,1.8767,7.0,1.8617,long_nclose,13.0319,0.005297312571615593,36.0
1704896100000.0,1119267,1704896100000.0,0.03450000000000028,-0.0008632819999999999,2460.1301146620017,2460.1982646620017,-2.3,1.8767,4.7,1.8617,long_nclose,8.74999,0.003556718381621927,11.0
1704896160000.0,1119268,1704896160000.0,0.022500000000000187,-0.0005630100000000001,2460.152051652002,2460.206771652002,-1.5,1.8767,3.2,1.8617,long_nclose,5.95744,0.0024215739006861613,1.0
1704896400000.0,1119272,1704896400000.0,0.015000000000000124,-0.00037534000000000005,2460.1666763120015,2460.1970363120017,-1.0,1.8767,2.2,1.8617,long_nclose,4.09574,0.0016648221599927782,4.0
1704896460000.0,1119273,1704896460000.0,0.010500000000000086,-0.000262738,2460.1769135740014,2460.2048135740015,-0.7,1.8767,1.5,1.8617,long_nclose,2.79255,0.0011351012947858072,1.0
1704898860000.0,1119313,1704898860000.0,0.007500000000000062,-0.00018767000000000002,2460.184225904002,2460.2010259040017,-0.5,1.8767,1.0,1.8617,long_nclose,1.8617,0.0007567319473060653,40.0
1704898980000.0,1119315,1704898980000.0,0.01585000000000003,-0.00018934,2460.1998865640016,2460.2161865640014,-0.5,1.8934,0.5,1.8617,long_nclose,0.93085,0.0003783635651248064,2.0
1704899160000.0,1119318,1704899160000.0,0.006340000000000012,-7.573600000000001e-05,2460.2061508280017,2460.2179108280015,-0.2,1.8934,0.3,1.8617,long_nclose,0.55851,0.00022701756103326098,3.0
1704899640000.0,1119326,1704899640000.0,0.014549999999999995,-0.00011461199999999998,2460.2205862160017,2460.2205862160017,-0.3,1.9102,0.0,1.8617,long_nclose,0.0,0.0,8.0
1705080000000.0,1122332,1705080000000.0,0.0,-0.019662918,2460.2009232980017,2460.087673298002,45.3,2.1703,45.3,2.1703,long_ientry_normal,98.31459,0.039962016544650834,3006.0
1705080240000.0,1122336,1705080240000.0,0.26273999999999786,-0.0066068540000000005,2460.457056444002,2460.8285164440017,-15.1,2.1877,30.2,2.1703,long_nclose,65.54306,0.026638571003847027,4.0
1705080300000.0,1122337,1705080300000.0,0.0,-0.006596192,2460.450460252002,2460.517080252002,15.2,2.1698,45.4,2.1701325991189426,long_ientry_partial,98.52402,0.04004308218825469,1.0
1705080300000.0,1122337,1705080300000.0,0.1756740088105735,-0.0043754,2460.6217588608124,2460.6737048520017,-10.0,2.1877,35.4,2.1701325991189426,long_nclose,76.82269400881057,0.031220846410940042,0.0
1705080360000.0,1122338,1705080360000.0,0.0,-0.004339400000000001,2460.6174194608125,2460.820025452002,10.0,2.1697,45.4,2.1700373129693955,long_ientry_partial,98.51969400881055,0.040038607070577784,1.0
1705080600000.0,1122342,1705080600000.0,0.2636865741621279,-0.00660625,2460.8744997849744,2461.482399202002,-15.1,2.1875,30.3,2.1700373129693955,long_nclose,65.75213058297268,0.026719010087153144,4.0
1705080780000.0,1122345,1705080780000.0,0.5581365741621256,-0.00666514,2461.4259712191365,2461.9938840620016,-15.1,2.207,15.2,2.1700373129693955,long_nclose,32.98456715713481,0.0134005928038525,3.0
1705080960000.0,1122348,1705080960000.0,0.28091642143259304,-0.00335464,2461.703533000569,2462.043729422002,-7.6,2.207,7.6,2.1700373129693955,long_nclose,16.492283578567406,0.006699540930692401,3.0
1705081440000.0,1122356,1705081440000.0,0.42987642143259347,-0.0033844319999999997,2462.130024990002,2462.130024990002,-7.6,2.2266,0.0,2.1700373129693955,long_nclose,0.0,0.0,8.0
1705095300000.0,1122587,1705095300000.0,0.0,-0.019686940000000003,2462.1103380500017,2462.1012380500015,45.5,2.1634,45.5,2.1634,long_ientry_normal,98.4347,0.039979808572657455,231.0
1705097100000.0,1122617,1705097100000.0,0.0,-0.019687786000000002,2462.090650264002,2461.114360264002,46.7,2.1079,92.2,2.1352888286334055,long_rentry,196.87363,0.07996197458403487,30.0
1705098060000.0,1122633,1705098060000.0,0.0,-0.019724192,2462.070926072002,2455.942336072002,47.8,2.0632,140.0,2.1106756428571427,long_rentry,295.49458999999996,0.12001871549307203,16.0
1705100880000.0,1122680,1705100880000.0,0.7886750428571572,-0.019829232000000002,2462.8397718828587,2464.588626840002,-46.6,2.1276,93.4,2.1106756428571427,long_nclose,197.13710504285714,0.08004463274204168,47.0
1705101000000.0,1122682,1705101000000.0,0.5263475071428667,-0.013233672000000002,2463.3528857180017,2464.587943168002,-31.1,2.1276,62.3,2.1106756428571427,long_nclose,131.49509254999998,0.05338053403244849,2.0
1705101960000.0,1122698,1705101960000.0,1.117247507142857,-0.013351852,2464.4567813731446,2465.590101316002,-31.1,2.1466,31.2,2.1106756428571427,long_nclose,65.85308005714285,0.026721134066896017,16.0
1705102680000.0,1122710,1705102680000.0,1.7136399428571465,-0.013513344000000002,2466.156907972002,2466.156907972002,-31.2,2.1656,0.0,2.1106756428571427,long_nclose,0.0,0.0,12.0
1705104900000.0,1122747,1705104900000.0,0.0,-0.019709792,2466.137198180002,2466.615118180002,46.4,2.1239,46.4,2.1239,long_ientry_normal,98.54896,0.03996085865487479,37.0
1705106220000.0,1122769,1705106220000.0,0.2633400000000018,-0.006594280000000001,2466.393943900002,2466.939543900002,-15.4,2.141,31.0,2.1239,long_nclose,65.84089999999999,0.026695208266643986,22.0
1705106340000.0,1122771,1705106340000.0,0.1761300000000012,-0.004410460000000001,2466.5656634400016,2466.9403334400017,-10.3,2.141,20.7,2.1239,long_nclose,43.964729999999996,0.017824269044062053,2.0
1705106520000.0,1122774,1705106520000.0,0.1179900000000008,-0.0029545800000000005,2466.680698860002,2466.907018860002,-6.9,2.141,13.8,2.1239,long_nclose,29.30982,0.011882291864344578,3.0
1705106640000.0,1122776,1705106640000.0,0.07866000000000052,-0.00196972,2466.757389140002,2466.912869140002,-4.6,2.141,9.2,2.1239,long_nclose,19.539879999999997,0.00792128163313713,2.0
1705106820000.0,1122779,1705106820000.0,0.051300000000000345,-0.0012846,2466.807404540002,2466.9221045400022,-3.0,2.141,6.2,2.1239,long_nclose,13.16818,0.005338146778611416,3.0
1705107540000.0,1122791,1705107540000.0,0.0,-0.017100512000000002,2466.790304028002,2466.725164028002,40.4,2.1164,46.6,2.117397854077253,long_ientry_partial,98.67073999999998,0.03999964643888916,12.0
1705112400000.0,1122872,1705112400000.0,0.26353326180257786,-0.00661664,2467.0472206498043,2467.3831673880018,-15.5,2.1344,31.1,2.117397854077253,long_nclose,65.85107326180257,0.026692263005998654,81.0
1705124040000.0,1123066,1705124040000.0,0.17512210300429368,-0.004396864,2467.217945888809,2467.594470524002,-10.3,2.1344,20.8,2.117397854077253,long_nclose,44.04187536480686,0.017850824828100416,194.0
1705124580000.0,1123075,1705124580000.0,0.11731480686695402,-0.0029454719999999998,2467.332315223676,2467.567255052002,-6.9,2.1344,13.9,2.117397854077253,long_nclose,29.431830171673816,0.011928604019035708,9.0
1705124640000.0,1123076,1705124640000.0,0.078209871244636,-0.001963648,2467.4085614469204,2467.602951404002,-4.6,2.1344,9.3,2.117397854077253,long_nclose,19.69180004291845,0.007980761820559998,1.0
1705125780000.0,1123095,1705125780000.0,0.16606987124463757,-0.00198122,2467.572650098165,2467.745150184002,-4.6,2.1535,4.7,2.117397854077253,long_nclose,9.951769914163089,0.004033020026286637,19.0
1705127880000.0,1123130,1705127880000.0,0.08303493562231878,-0.00099061,2467.6546944237875,2467.732939574002,-2.3,2.1535,2.4,2.117397854077253,long_nclose,5.081754849785407,0.0020593460103104206,35.0
1705128780000.0,1123145,1705128780000.0,0.013601716738197567,-0.000341504,2467.667954636526,2467.697238070002,-0.8,2.1344,1.6,2.117397854077253,long_nclose,3.387836566523605,0.001372889962832384,15.0
1705131480000.0,1123190,1705131480000.0,0.00850107296137348,-0.00021344,2467.676242269487,2467.695824630002,-0.5,2.1344,1.1,2.117397854077253,long_nclose,2.3291376394849785,0.0009438586795093118,45.0
1705131660000.0,1123193,1705131660000.0,0.005100643776824087,-0.00012806399999999997,2467.681214849264,2467.694896566002,-0.3,2.1344,0.8,2.117397854077253,long_nclose,1.6939182832618025,0.0006864412927685531,3.0
1705132860000.0,1123213,1705132860000.0,0.0034004291845493918,-8.5376e-05,2467.684529902449,2467.6959911900026,-0.2,2.1344,0.6,2.117397854077253,long_nclose,1.2704387124463516,0.000514830277959628,20.0
1705133160000.0,1123218,1705133160000.0,0.0034004291845493918,-8.5376e-05,2467.687844955634,2467.695525814003,-0.2,2.1344,0.4,2.117397854077253,long_nclose,0.8469591416309012,0.00034321972422979963,5.0
1705134120000.0,1123234,1705134120000.0,0.0017002145922746959,-4.2688e-05,2467.689502482226,2467.694723126003,-0.1,2.1344,0.3,2.117397854077253,long_nclose,0.6352193562231758,0.000257414620268966,16.0
1705135080000.0,1123250,1705135080000.0,0.0017002145922746959,-4.2688e-05,2467.6911600088183,2467.694920438003,-0.1,2.1344,0.2,2.117397854077253,long_nclose,0.4234795708154506,0.00017160963157720972,16.0
1705135500000.0,1123257,1705135500000.0,0.0017002145922746959,-4.2688e-05,2467.6928175354105,2467.694837750003,-0.1,2.1344,0.1,2.117397854077253,long_nclose,0.2117397854077253,8.580475815429848e-05,7.0
1705136160000.0,1123268,1705136160000.0,0.0017002145922746959,-4.2688e-05,2467.6944750620028,2467.6944750620028,-0.1,2.1344,0.0,2.117397854077253,long_nclose,0.0,0.0,11.0
1705275360000.0,1125588,1705275360000.0,0.0,-0.019749422000000003,2467.6747256400026,2467.764545640003,49.9,1.9789,49.9,1.9789,long_ientry_normal,98.74711,0.04001625861544191,2320.0
1705275960000.0,1125598,1705275960000.0,0.26393999999999673,-0.006622736000000001,2467.9320429040026,2468.4914829040026,-16.6,1.9948,33.3,1.9789,long_nclose,65.89737,0.026701452412141342,10.0
1705277040000.0,1125616,1705277040000.0,0.17648999999999782,-0.004428456,2468.1041044480025,2468.5125844480026,-11.1,1.9948,22.2,1.9789,long_nclose,43.931580000000004,0.017799727297088796,18.0
1705277820000.0,1125629,1705277820000.0,0.11765999999999854,-0.002952304,2468.2188121440026,2468.482252144003,-7.4,1.9948,14.8,1.9789,long_nclose,29.287720000000004,0.011865933383174975,13.0
1705278120000.0,1125634,1705278120000.0,0.07790999999999904,-0.0019549040000000004,2468.294767240003,2468.4511872400026,-4.9,1.9948,9.9,1.9789,long_nclose,19.59111,0.007937103080239635,5.0
1705278420000.0,1125639,1705278420000.0,0.05246999999999935,-0.001316568,2468.3459206720026,2468.468680672003,-3.3,1.9948,6.6,1.9789,long_nclose,13.06074,0.0052912923956964005,5.0
1705278780000.0,1125645,1705278780000.0,0.03497999999999957,-0.000877712,2468.3800229600024,2468.4543829600025,-2.2,1.9948,4.4,1.9789,long_nclose,8.707160000000002,0.0035274795286824004,6.0
1705279200000.0,1125652,1705279200000.0,0.07413999999999965,-0.000885544,2468.4532774160025,2468.5282974160027,-2.2,2.0126,2.2,1.9789,long_nclose,4.353580000000001,0.0017636874231451384,7.0
1705280460000.0,1125673,1705280460000.0,0.037069999999999825,-0.000442772,2468.4899046440023,2468.5274146440024,-1.1,2.0126,1.1,1.9789,long_nclose,2.1767900000000004,0.0008818306268560292,21.0
1705281540000.0,1125691,1705281540000.0,0.01684999999999992,-0.00020126,2468.5065533840025,2468.5283933840024,-0.5,2.0126,0.6,1.9789,long_nclose,1.18734,0.0004809952796650715,18.0
1705281840000.0,1125696,1705281840000.0,0.010109999999999952,-0.00012075600000000001,2468.5165426280028,2468.527282628003,-0.3,2.0126,0.3,1.9789,long_nclose,0.59367,0.00024049666662066365,5.0
1705283520000.0,1125724,1705283520000.0,0.01545000000000003,-0.000121824,2468.5318708040027,2468.5318708040027,-0.3,2.0304,0.0,1.9789,long_nclose,0.0,0.0,28.0
1705580640000.0,1130676,1705580640000.0,0.0,-0.019760832,2468.5121099720027,2468.6683499720025,50.4,1.9604,50.4,1.9604,long_ientry_normal,98.80416,0.04002579513418737,4952.0
1705581060000.0,1130683,1705581060000.0,0.2637600000000008,-0.006639696000000001,2468.7692302760024,2469.3404302760023,-16.8,1.9761,33.6,1.9604,long_nclose,65.86944,0.026681084320155736,7.0
1705581900000.0,1130697,1705581900000.0,0.17584000000000052,-0.004426464000000001,2468.9406438120022,2469.3192038120023,-11.2,1.9761,22.4,1.9604,long_nclose,43.91296,0.01778615460442951,14.0
1705585020000.0,1130749,1705585020000.0,0.11618000000000035,-0.0029246280000000003,2469.053899184002,2469.3313991840023,-7.4,1.9761,15.0,1.9604,long_nclose,29.406,0.01190982505878806,52.0
1705587720000.0,1130794,1705587720000.0,0.2505000000000007,-0.0029907,2469.3014084840024,2469.5594084840022,-7.5,1.9938,7.5,1.9604,long_nclose,14.703,0.005954315641453721,45.0
1705587960000.0,1130798,1705587960000.0,0.12358000000000036,-0.0014754120000000002,2469.423513072002,2469.551573072002,-3.7,1.9938,3.8,1.9604,long_nclose,7.44952,0.0030167040852108347,4.0
1705588380000.0,1130805,1705588380000.0,0.06346000000000018,-0.000757644,2469.486215428002,2469.546635428002,-1.9,1.9938,1.9,1.9604,long_nclose,3.72476,0.0015083137442637794,7.0
1705588440000.0,1130806,1705588440000.0,0.030060000000000087,-0.00035888400000000007,2469.5159165440023,2469.5490165440024,-0.9,1.9938,1.0,1.9604,long_nclose,1.9604,0.0007938397913804534,1.0
1705588500000.0,1130807,1705588500000.0,0.016700000000000048,-0.00019938,2469.5324171640023,2469.548717164002,-0.5,1.9938,0.5,1.9604,long_nclose,0.9802,0.00039691724359935975,1.0
1705589400000.0,1130822,1705589400000.0,0.006680000000000019,-7.9752e-05,2469.539017412002,2469.549967412002,-0.2,1.9938,0.3,1.9604,long_nclose,0.58812,0.00023814970966376184,15.0
1705589820000.0,1130829,1705589820000.0,0.0033400000000000096,-3.9876e-05,2469.5423175360024,2469.5490975360026,-0.1,1.9938,0.2,1.9604,long_nclose,0.39208,0.00015876626094474042,7.0
1705590660000.0,1130843,1705590660000.0,0.0033400000000000096,-3.9876e-05,2469.545617660003,2469.5491176600026,-0.1,1.9938,0.1,1.9604,long_nclose,0.19604,7.938302439043667e-05,14.0
1705591800000.0,1130862,1705591800000.0,0.0033400000000000096,-3.9876e-05,2469.548917784003,2469.548917784003,-0.1,1.9938,0.0,1.9604,long_nclose,0.0,0.0,19.0
1705596480000.0,1130940,1705596480000.0,0.0,-0.01977066,2469.529147124003,2469.641347124003,51.0,1.9383,51.0,1.9383,long_ientry_normal,98.85329999999999,0.040029209663357844,78.0
1705598760000.0,1130978,1705598760000.0,0.265200000000001,-0.00664326,2469.7877038640027,2470.3963038640027,-17.0,1.9539,34.0,1.9383,long_nclose,65.9022,0.026683346061240596,38.0
1705599240000.0,1130986,1705599240000.0,0.17628000000000066,-0.0044158140000000005,2469.959568050003,2470.315958050003,-11.3,1.9539,22.7,1.9383,long_nclose,43.99941,0.017813817913925164,8.0
1705600200000.0,1131002,1705600200000.0,0.0,-0.01099074,2469.9485773100027,2469.6527473100027,28.5,1.9282,51.2,1.9326779296874999,long_ientry_partial,98.95311,0.04006282191824774,16.0
1705603200000.0,1131052,1705603200000.0,0.26387519531250136,-0.00662388,2470.2058286253155,2470.7093234300028,-17.0,1.9482,34.2,1.9326779296874999,long_nclose,66.0975851953125,0.02675792617334087,50.0
1705603260000.0,1131053,1705603260000.0,0.17695160156250092,-0.004441896,2470.378338330878,2470.6912015340026,-11.4,1.9482,22.8,1.9326779296874999,long_nclose,44.065056796875,0.01783737175522991,1.0
1705603320000.0,1131054,1705603320000.0,0.1179677343750006,-0.002961264,2470.4933448012525,2470.7353602700027,-7.6,1.9482,15.2,1.9326779296874999,long_nclose,29.376704531249995,0.011891027592957676,1.0
1705603740000.0,1131061,1705603740000.0,0.0776103515625004,-0.0019482,2470.5690069528155,2470.760992070003,-5.0,1.9482,10.2,1.9326779296874999,long_nclose,19.713314882812497,0.007979260982929101,7.0
1705603860000.0,1131063,1705603860000.0,0.1679025585937508,-0.0020049119999999998,2470.734904599409,2470.851297158003,-5.1,1.9656,5.1,1.9326779296874999,long_nclose,9.856657441406249,0.003989362607480688,2.0
1705603980000.0,1131065,1705603980000.0,0.026387519531250136,-0.000662388,2470.7606297309408,2470.8120447700035,-1.7,1.9482,3.4,1.9326779296874999,long_nclose,6.571104960937499,0.0026595473806190102,2.0
1705604040000.0,1131066,1705604040000.0,0.01707427734375009,-0.000428604,2470.777275404285,2470.8219461660037,-1.1,1.9482,2.3,1.9326779296874999,long_nclose,4.445159238281249,0.0017990934603985716,1.0
1705607640000.0,1131126,1705607640000.0,0.0,-0.018892535999999998,2470.758382868285,2470.881893630004,49.4,1.9122,51.7,1.9131110104116291,long_ientry_partial,98.90783923828123,0.04003136847539898,60.0
1705608480000.0,1131140,1705608480000.0,0.2646906209199809,-0.006634040000000001,2471.0164394492053,2471.430059590004,-17.2,1.9285,34.5,1.9131110104116291,long_nclose,66.00232985920121,0.026710599251987682,14.0
1705608600000.0,1131142,1705608600000.0,0.1769733802662663,-0.00443555,2471.1889772794716,2471.467024040004,-11.5,1.9285,23.0,1.9131110104116291,long_nclose,44.00155323946747,0.017805822882841084,2.0
1705608660000.0,1131143,1705608660000.0,0.11695632087161946,-0.0029313200000000003,2471.303002280343,2471.556932720004,-7.6,1.9285,15.4,1.9131110104116291,long_nclose,29.461909560339087,0.011921609585370037,1.0
1705608900000.0,1131147,1705608900000.0,0.078483846900692,-0.00196707,2471.379519057244,2471.5153656500042,-5.1,1.9285,10.3,1.9131110104116291,long_nclose,19.70504340723978,0.00797329720315747,4.0
1705609020000.0,1131149,1705609020000.0,0.05232256460046134,-0.0013113800000000002,2471.4305302418447,2471.5311942700046,-3.4,1.9285,6.9,1.9131110104116291,long_nclose,13.200465971840242,0.005341224772580799,2.0
1705609080000.0,1131150,1705609080000.0,0.035394676053253256,-0.0008871100000000001,2471.465037807898,2471.5505471600045,-2.3,1.9285,4.6,1.9131110104116291,long_nclose,8.800310647893493,0.0035607667975344117,1.0
1705609680000.0,1131160,1705609680000.0,0.0,-0.017999248000000002,2471.4470385598984,2471.288047912005,47.2,1.9067,51.8,1.9072693175269015,long_ientry_partial,98.7965506478935,0.03997518421655591,10.0
1705610580000.0,1131175,1705610580000.0,0.26368773853729494,-0.006613744,2471.7041125544356,2472.248394168005,-17.2,1.9226,34.6,1.9072693175269015,long_nclose,65.9915183864308,0.026698793780065545,15.0
1705611960000.0,1131198,1705611960000.0,0.17630284844063326,-0.00442198,2471.875993422876,2472.2532321880044,-11.5,1.9226,23.1,1.9072693175269015,long_nclose,44.05792123487143,0.01782367778646662,23.0
1705613280000.0,1131220,1705613280000.0,0.1180462550428588,-0.0029608040000000005,2471.991078873919,2472.2379513840046,-7.7,1.9226,15.4,1.9072693175269015,long_nclose,29.371947489914284,0.011881898660934595,22.0
1705613640000.0,1131226,1705613640000.0,0.07818648061280258,-0.001961052,2472.0673043025317,2472.2592003320046,-5.1,1.9226,10.3,1.9072693175269015,long_nclose,19.644873970527087,0.007946739126534293,6.0
1705616760000.0,1131278,1705616760000.0,0.05212432040853505,-0.001307368,2472.11812125494,2472.2232129640042,-3.4,1.9226,6.9,1.9072693175269015,long_nclose,13.160158290935621,0.0053234342557446366,52.0
1705616940000.0,1131281,1705616940000.0,0.03526056968812665,-0.000884396,2472.152497428628,2472.2243985680043,-2.3,1.9226,4.6,1.9072693175269015,long_nclose,8.773438860623747,0.0035489068209786034,3.0
1705620360000.0,1131338,1705620360000.0,0.07482056968812638,-0.000892308,2472.2264256903163,2472.2984862600047,-2.3,1.9398,2.3,1.9072693175269015,long_nclose,4.3867194303118735,0.0017744003480939154,57.0
1705621440000.0,1131356,1705621440000.0,0.03578375072040827,-0.0004267560000000001,2472.261782685037,2472.3009395040044,-1.1,1.9398,1.2,1.9072693175269015,long_nclose,2.2887231810322817,0.0009257608547208863,18.0
1705621560000.0,1131358,1705621560000.0,0.019518409483859054,-0.00023277600000000002,2472.2810683185207,2472.3004067280044,-0.6,1.9398,0.6,1.9072693175269015,long_nclose,1.1443615905161408,0.0004628768165483946,2.0
1705622640000.0,1131376,1705622640000.0,0.009759204741929527,-0.00011638800000000001,2472.2907111352624,2472.3006803400044,-0.3,1.9398,0.3,1.9072693175269015,long_nclose,0.5721807952580704,0.00023143750558174775,18.0
1705623420000.0,1131389,1705623420000.0,0.0015330682473098545,-3.8452000000000004e-05,2472.2922057515098,2472.295991888004,-0.1,1.9226,0.2,1.9072693175269015,long_nclose,0.38145386350538035,0.00015429157711130216,13.0
1705624620000.0,1131409,1705624620000.0,0.0015330682473098545,-3.8452000000000004e-05,2472.293700367757,2472.2953034360044,-0.1,1.9226,0.1,1.9072693175269015,long_nclose,0.19072693175269018,7.714574191744261e-05,20.0
1705624740000.0,1131411,1705624740000.0,0.0015330682473098545,-3.8452000000000004e-05,2472.2951949840044,2472.2951949840044,-0.1,1.9226,0.0,1.9072693175269015,long_nclose,0.0,0.0,2.0
1705627860000.0,1131463,1705627860000.0,0.0,-0.019795484,2472.2753995000044,2472.6067795000044,52.6,1.8817,52.6,1.8817,long_ientry_normal,98.97742,0.04003494918892017,52.0
1705628160000.0,1131468,1705628160000.0,0.264250000000002,-0.006638800000000001,2472.5330107000045,2473.0700407000045,-17.5,1.8968,35.1,1.8817,long_nclose,66.04767,0.026712553367002807,5.0
1705628340000.0,1131471,1705628340000.0,0.17667000000000133,-0.004438512,2472.7052421880044,2473.0398621880045,-11.7,1.8968,23.4,1.8817,long_nclose,44.03178,0.017807128503936814,3.0
1705628400000.0,1131472,1705628400000.0,0.11778000000000088,-0.0029590080000000004,2472.8200631800046,2473.1242631800046,-7.8,1.8968,15.6,1.8817,long_nclose,29.354519999999997,0.011870867774443152,1.0
1705633920000.0,1131564,1705633920000.0,0.07852000000000059,-0.001972672,2472.8966105080044,2473.0359705080045,-5.2,1.8968,10.4,1.8817,long_nclose,19.569679999999998,0.007913666878284823,92.0
1705634820000.0,1131579,1705634820000.0,0.0,-0.0159111,2472.8806994080046,2472.5846194080045,42.6,1.8675,53.0,1.8702864150943397,long_ientry_partial,99.12518,0.040084901800450816,15.0
1705635660000.0,1131593,1705635660000.0,0.26423909433962117,-0.006636256,2473.138302246344,2473.6910231520046,-17.6,1.8853,35.4,1.8702864150943397,long_nclose,66.20813909433963,0.026770900371484673,14.0
1705636200000.0,1131602,1705636200000.0,0.17716030188679147,-0.004449308,2473.311013240231,2473.7337738440046,-11.8,1.8853,23.6,1.8702864150943397,long_nclose,44.13875939622642,0.017846020641941504,9.0
1705637940000.0,1131631,1705637940000.0,0.3765803018867905,-0.004489192,2473.683104350118,2474.0644046520047,-11.8,1.9022,11.8,1.8702864150943397,long_nclose,22.06937969811321,0.008921668122850054,29.0
1705638240000.0,1131636,1705638240000.0,0.18829015094339524,-0.002244596,2473.8691499050615,2474.063340056005,-5.9,1.9022,5.9,1.8702864150943397,long_nclose,11.034689849056605,0.004460498587599137,5.0
1705638660000.0,1131643,1705638660000.0,0.0925493962264146,-0.001103276,2473.960596025288,2474.064136780005,-2.9,1.9022,3.0,1.8702864150943397,long_nclose,5.610859245283019,0.0022679662943288314,7.0
1705639440000.0,1131656,1705639440000.0,0.04787037735849031,-0.0005706600000000001,2474.0078957426463,2474.055916120005,-1.5,1.9022,1.5,1.8702864150943397,long_nclose,2.8054296226415096,0.0011339614669254633,13.0
1705639620000.0,1131659,1705639620000.0,0.022339509433962144,-0.000266308,2474.0299689440803,2474.0556598120047,-0.7,1.9022,0.8,1.8702864150943397,long_nclose,1.496229132075472,0.0006047740532076354,3.0
1705639920000.0,1131664,1705639920000.0,0.012765433962264084,-0.00015217600000000001,2474.0425822020425,2474.0555476360046,-0.4,1.9022,0.4,1.8702864150943397,long_nclose,0.748114566037736,0.00030238548496278115,5.0
1705640040000.0,1131666,1705640040000.0,0.006382716981132042,-7.608800000000001e-05,2474.0488888310238,2474.055231548005,-0.2,1.9022,0.2,1.8702864150943397,long_nclose,0.374057283018868,0.00015119235707407877,2.0
1705640100000.0,1131667,1705640100000.0,0.003191358490566021,-3.8044000000000004e-05,2474.0520421455144,2474.055513504005,-0.1,1.9022,0.1,1.8702864150943397,long_nclose,0.187028641509434,7.559608218557986e-05,1.0
1705640640000.0,1131676,1705640640000.0,0.003191358490566021,-3.8044000000000004e-05,2474.055195460005,2474.055195460005,-0.1,1.9022,0.0,1.8702864150943397,long_nclose,0.0,0.0,9.0
1705681140000.0,1132351,1705681140000.0,0.0,-0.019781184,2474.035414276005,2473.981614276005,53.8,1.8384,53.8,1.8384,long_ientry_normal,98.90592,0.039977568400710844,675.0
1705685760000.0,1132428,1705685760000.0,0.2649199999999986,-0.006634455999999999,2474.2936998200053,2474.893229820005,-17.9,1.8532,35.9,1.8384,long_nclose,65.99856,0.026673696822976642,77.0
1705686240000.0,1132436,1705686240000.0,0.1761199999999991,-0.004410616000000001,2474.4654092040055,2474.8182092040056,-11.9,1.8532,24.0,1.8384,long_nclose,44.1216,0.01783076046886151,8.0
1705686300000.0,1132437,1705686300000.0,0.1183999999999994,-0.00296512,2474.580844084005,2474.758444084005,-8.0,1.8532,16.0,1.8384,long_nclose,29.4144,0.011886619129991723,1.0
1705686480000.0,1132440,1705686480000.0,0.0784399999999996,-0.0019643919999999997,2474.657319692005,2474.824239692005,-5.3,1.8532,10.7,1.8384,long_nclose,19.67088,0.007948930885690562,3.0
1705688760000.0,1132478,1705688760000.0,0.16588999999999937,-0.001981882,2474.821227810005,2474.983767810005,-5.3,1.8697,5.4,1.8384,long_nclose,9.92736,0.004011344289617567,38.0
1705688820000.0,1132479,1705688820000.0,0.0845099999999997,-0.001009638,2474.904728172005,2474.996258172005,-2.7,1.8697,2.7,1.8384,long_nclose,4.96368,0.0020056044757998564,1.0
1705690020000.0,1132499,1705690020000.0,0.12933000000000017,-0.0010186020000000002,2475.0330395700053,2475.0330395700053,-2.7,1.8863,0.0,1.8384,long_nclose,0.0,0.0,20.0
1705893600000.0,1135892,1705893600000.0,0.0,-0.0198061,2475.013233470005,2475.0238334700052,53.0,1.8685,53.0,1.8685,long_ientry_normal,99.0305,0.04001210929331387,3393.0
1705896060000.0,1135933,1705896060000.0,0.2639999999999983,-0.00662992,2475.2706035500055,2475.7945235500056,-17.6,1.8835,35.4,1.8685,long_nclose,66.14489999999999,0.026722290445794376,41.0
1705896180000.0,1135935,1705896180000.0,0.17699999999999885,-0.004445060000000001,2475.4431584900058,2475.801878490006,-11.8,1.8835,23.6,1.8685,long_nclose,44.0966,0.017813618482315895,2.0
1705899600000.0,1135992,1705899600000.0,0.0,-0.011049244000000001,2475.432109246006,2475.0822092460057,29.8,1.8539,53.4,1.8603524344569289,long_ientry_partial,99.34282,0.040131506587857475,57.0
1705900020000.0,1135999,1705900020000.0,0.2660666666666653,-0.006676068000000001,2475.6914998446723,2476.2378731780054,-17.8,1.8753,35.6,1.8603524344569289,long_nclose,66.22854666666667,0.026751534539267888,7.0
1705900200000.0,1136002,1705900200000.0,0.1763812734082388,-0.004425708,2475.863455410081,2476.269187470006,-11.8,1.8753,23.8,1.8603524344569289,long_nclose,44.27638794007491,0.01788321074141843,3.0
1705900440000.0,1136006,1705900440000.0,0.11808576779026157,-0.002962974,2475.9785782038707,2476.2257844960054,-7.9,1.8753,15.9,1.8603524344569289,long_nclose,29.57960370786517,0.011946631512992679,4.0
1705904040000.0,1136066,1705904040000.0,0.250805767790261,-0.002989518,2476.2263944536608,2476.433974978005,-7.9,1.8921,8.0,1.8603524344569289,long_nclose,14.882819475655431,0.00601028222176716,60.0
1705904520000.0,1136074,1705904520000.0,0.03886367041198482,-0.000975156,2476.2642829680726,2476.3514798220053,-2.6,1.8753,5.4,1.8603524344569289,long_nclose,10.045903146067417,0.004056878425765729,8.0
1705905060000.0,1136083,1705905060000.0,0.02690561797752795,-0.000675108,2476.2905134780503,2476.3482847140053,-1.8,1.8753,3.6,1.8603524344569289,long_nclose,6.697268764044944,0.0027045569684141617,9.0
1705907520000.0,1136124,1705907520000.0,0.0179370786516853,-0.000450072,2476.308000484702,2476.3421946420053,-1.2,1.8753,2.4,1.8603524344569289,long_nclose,4.464845842696629,0.0018030252463840117,41.0
1705907940000.0,1136131,1705907940000.0,0.011958052434456868,-0.000300048,2476.319658489136,2476.3454945940052,-0.8,1.8753,1.6,1.8603524344569289,long_nclose,2.976563895131086,0.0012020111720742715,7.0
1705908600000.0,1136142,1705908600000.0,0.007473782771535542,-0.00018753000000000002,2476.326944741908,2476.342397064005,-0.5,1.8753,1.1,1.8603524344569289,long_nclose,2.0463876779026218,0.0008263802492832399,11.0
1705908720000.0,1136144,1705908720000.0,0.004484269662921325,-0.000112518,2476.3313164935707,2476.345434546005,-0.3,1.8753,0.8,1.8603524344569289,long_nclose,1.488281947565543,0.0006010027566395747,2.0
1705909020000.0,1136149,1705909020000.0,0.002989513108614217,-7.5012e-05,2476.3342309946797,2476.3433795340056,-0.2,1.8753,0.6,1.8603524344569289,long_nclose,1.1162114606741573,0.00045075153697076017,5.0
1705912920000.0,1136214,1705912920000.0,0.0,-0.019589256000000003,2476.3146417386797,2476.2665502780055,53.4,1.8342,54.0,1.834490582605077,long_ientry_partial,99.06249146067415,0.04000400021506153,65.0
1705915260000.0,1136253,1705915260000.0,0.26476951310861274,-0.006657120000000001,2476.5727541317883,2477.1238931580056,-18.0,1.8492,36.0,1.834490582605077,long_nclose,66.04166097378277,0.026666553955906287,39.0
1705915500000.0,1136257,1705915500000.0,0.17651300873907516,-0.0044380800000000005,2476.7448290605275,2477.0666550780056,-12.0,1.8492,24.0,1.834490582605077,long_nclose,44.02777398252185,0.017776467509259868,4.0
1705915560000.0,1136258,1705915560000.0,0.11767533915938344,-0.00295872,2476.8595456796866,2477.1076963580053,-8.0,1.8492,16.0,1.834490582605077,long_nclose,29.351849321681232,0.011850429457285457,1.0
1705918860000.0,1136313,1705918860000.0,0.0,-0.014007839999999999,2476.8455378396866,2476.6008885180054,38.5,1.8192,54.5,1.823688978379472,long_ientry_partial,99.39104932168122,0.0401280773480814,55.0
1705929060000.0,1136483,1705929060000.0,0.26445949133155616,-0.006654646000000001,2477.1033426850186,2477.711623872006,-18.1,1.8383,36.4,1.823688978379472,long_nclose,66.38227881301277,0.02679834856670078,170.0
1705936680000.0,1136610,1705936680000.0,0.0,-0.006820610000000001,2477.0965220750186,2475.7841432620057,19.1,1.7855,55.5,1.8105464650993295,long_ientry_partial,100.48532881301279,0.04056577041609911,127.0
1705952580000.0,1136875,1705952580000.0,0.0,-0.019826236,2477.0766958390186,2474.9681270260057,56.2,1.7639,111.7,1.7870770708416543,long_rentry,199.61650881301279,0.08058551806180553,265.0
1705954260000.0,1136903,1705954260000.0,0.5328129646904542,-0.013402416,2477.596106387709,2478.551414610006,-37.2,1.8014,74.5,1.7870770708416543,long_nclose,133.13724177770325,0.05373645907597707,28.0
1705954500000.0,1136907,1705954500000.0,0.3552086431269695,-0.008934944,2477.942380086836,2478.6442896660055,-24.8,1.8014,49.7,1.7870770708416543,long_nclose,88.81773042083023,0.03584333967350675,4.0
1705954560000.0,1136908,1705954560000.0,0.23632833111270146,-0.00594462,2478.172763797949,2478.681485046006,-16.5,1.8014,33.2,1.7870770708416543,long_nclose,59.33095875194293,0.023941413455377772,1.0
1705955100000.0,1136917,1705955100000.0,0.5050206240285361,-0.006034100000000001,2478.6717503219775,2479.193370946006,-16.6,1.8175,16.6,1.7870770708416543,long_nclose,29.665479375971465,0.011968296880019689,9.0
1705955400000.0,1136922,1705955400000.0,0.25251031201426805,-0.0030170500000000003,2478.921243583992,2479.152173896006,-8.3,1.8175,8.3,1.7870770708416543,long_nclose,14.832739687985733,0.005983546159998513,5.0
1705955520000.0,1136924,1705955520000.0,0.12473400954921673,-0.0014903499999999999,2479.044487243541,2479.172263546006,-4.1,1.8175,4.2,1.7870770708416543,long_nclose,7.505723697534949,0.0030276680132838565,2.0
1705955580000.0,1136925,1705955580000.0,0.06388815123252566,-0.00076335,2479.1076120447738,2479.172340196006,-2.1,1.8175,2.1,1.7870770708416543,long_nclose,3.7528618487674743,0.0015137954603237675,1.0
1705956180000.0,1136935,1705956180000.0,0.030422929158345546,-0.0003635,2479.137671473932,2479.171136696006,-1.0,1.8175,1.1,1.7870770708416543,long_nclose,1.96578477792582,0.0007929308648507179,10.0
1705956300000.0,1136937,1705956300000.0,0.015211464579172773,-0.00018175,2479.1527011885114,2479.1720349460065,-0.5,1.8175,0.6,1.7870770708416543,long_nclose,1.0722462425049926,0.000432505122411764,2.0
1705956540000.0,1136941,1705956540000.0,0.009126878747503663,-0.00010904999999999998,2479.1617190172587,2479.1699758960062,-0.3,1.8175,0.3,1.7870770708416543,long_nclose,0.5361231212524963,0.00021625177459783294,4.0
1705958400000.0,1136972,1705958400000.0,0.0014322929158345544,-3.6028e-05,2479.1631152821747,2479.166499868006,-0.1,1.8014,0.2,1.7870770708416543,long_nclose,0.3574154141683309,0.00014416776853654116,31.0
1705959780000.0,1136995,1705959780000.0,0.0014322929158345544,-3.6028e-05,2479.1645115470906,2479.1660738400064,-0.1,1.8014,0.1,1.7870770708416543,long_nclose,0.17870770708416545,7.208384367064258e-05,23.0
1705960920000.0,1137014,1705960920000.0,0.0014322929158345544,-3.6028e-05,2479.1659078120065,2479.1659078120065,-0.1,1.8014,0.0,1.7870770708416543,long_nclose,0.0,0.0,19.0
1705999080000.0,1137650,1705999080000.0,0.0,-0.01984506,2479.1460627520064,2479.1404127520063,56.5,1.7562,56.5,1.7562,long_ientry_normal,99.2253,0.04002398305239577,636.0
1706002140000.0,1137701,1706002140000.0,0.0,-0.019848760000000003,2479.1262139920063,2476.5551639920063,58.0,1.7111,114.5,1.7333545851528385,long_rentry,198.4691,0.08005606930371474,51.0
1706012700000.0,1137877,1706012700000.0,0.5313203056768573,-0.013314426,2479.644219871683,2481.0458095660065,-38.1,1.7473,76.4,1.7333545851528385,long_nclose,132.42829030567688,0.05340616578959452,176.0
1706012820000.0,1137879,1706012820000.0,0.3542135371179048,-0.008876284,2479.989557124801,2480.6752732820064,-25.4,1.7473,51.0,1.7333545851528385,long_nclose,88.40108384279476,0.035645748422135845,2.0
1706012880000.0,1137880,1706012880000.0,0.23707205240174734,-0.00594082,2480.220688357203,2480.8546324620065,-17.0,1.7473,34.0,1.7333545851528385,long_nclose,58.93405589519651,0.02376161773500568,1.0
1706013000000.0,1137882,1706013000000.0,0.15758318777292618,-0.003948898000000001,2480.374322646976,2480.6182435640067,-11.3,1.7473,22.7,1.7333545851528385,long_nclose,39.34714908296943,0.015863391554940553,2.0
1706013060000.0,1137883,1706013060000.0,0.10459061135371206,-0.0026209500000000004,2480.4762923083294,2480.6958626140063,-7.5,1.7473,15.2,1.7333545851528385,long_nclose,26.346989694323142,0.010621746225118987,1.0
1706014380000.0,1137905,1706014380000.0,0.06972707423580804,-0.0017473,2480.5442720825654,2480.6885553140064,-5.0,1.7473,10.2,1.7333545851528385,long_nclose,17.68021676855895,0.007127555419003003,22.0
1706014560000.0,1137908,1706014560000.0,0.047414410480349466,-0.0011881640000000002,2480.590498329046,2480.6880471500067,-3.4,1.7473,6.8,1.7333545851528385,long_nclose,11.7868111790393,0.00475161506382413,3.0
1706015280000.0,1137920,1706015280000.0,0.03067991266375554,-0.0007688120000000001,2480.62040942971,2480.676278338007,-2.2,1.7473,4.6,1.7333545851528385,long_nclose,7.973431091703056,0.0032142890792131043,12.0
1706017080000.0,1137950,1706017080000.0,0.020918122270742412,-0.00052419,2480.640803361981,2480.693334148007,-1.5,1.7473,3.1,1.7333545851528385,long_nclose,5.3733992139738,0.002166133527551147,30.0
1706019000000.0,1137982,1706019000000.0,0.0,-0.018787998000000004,2480.622015363981,2480.5920061500074,55.1,1.7049,58.2,1.7064156222332267,long_ientry_partial,99.3133892139738,0.04003568000238101,32.0
1706019240000.0,1137986,1706019240000.0,0.26547692867540057,-0.0066739880000000005,2480.8808183046567,2481.2565721620076,-19.4,1.7201,38.8,1.7064156222332267,long_nclose,66.20892614264919,0.026687669014222922,4.0
1706019300000.0,1137987,1706019300000.0,0.17652847319137463,-0.004437858,2481.052908919848,2481.3011443040073,-12.9,1.7201,25.9,1.7064156222332267,long_nclose,44.19616461584057,0.017813471231083833,1.0
1706019900000.0,1137997,1706019900000.0,0.11768564879424974,-0.002958572,2481.1676359966423,2481.4476257320075,-8.6,1.7201,17.3,1.7064156222332267,long_nclose,29.520990264634825,0.011898023267894494,10.0
1706020320000.0,1138004,1706020320000.0,0.0780009532706074,-0.0019609140000000002,2481.243676035913,2481.3420948180074,-5.7,1.7201,11.6,1.7064156222332267,long_nclose,19.79442121790543,0.007977620823412803,7.0
1706020500000.0,1138007,1706020500000.0,0.05200063551373826,-0.001307276,2481.2943693954267,2481.3964275420076,-3.8,1.7201,7.8,1.7064156222332267,long_nclose,13.310041853419168,0.005364152684819171,3.0
1706020560000.0,1138008,1706020560000.0,0.03557938219361039,-0.0008944520000000001,2481.3290543256203,2481.4158130900073,-2.6,1.7201,5.2,1.7064156222332267,long_nclose,8.87336123561278,0.0035760518018132814,1.0
1706020800000.0,1138012,1706020800000.0,0.023263442203514482,-0.000584834,2481.3517329338238,2481.3996282560074,-1.7,1.7201,3.5,1.7064156222332267,long_nclose,5.972454677816294,0.0024069359448508202,4.0
1706020860000.0,1138013,1706020860000.0,0.015052815543450549,-0.00037842200000000006,2481.3664073273676,2481.400209834008,-1.1,1.7201,2.4,1.7064156222332267,long_nclose,4.095397493359744,0.0016504606015726709,1.0
1706021460000.0,1138023,1706021460000.0,0.010947502213418581,-0.000275216,2481.3770796135814,2481.405534618008,-0.8,1.7201,1.6,1.7064156222332267,long_nclose,2.730264995573163,0.0011003023353461218,10.0
1706022000000.0,1138032,1706022000000.0,0.023267502213418646,-0.00027768000000000004,2481.4000694357946,2481.423896938008,-0.8,1.7355,0.8,1.7064156222332267,long_nclose,1.3651324977865815,0.0005501460705999645,9.0
1706022720000.0,1138044,1706022720000.0,0.03558750221341853,-0.000280144,2481.435376794008,2481.435376794008,-0.8,1.7509,0.0,1.7064156222332267,long_nclose,0.0,0.0,12.0
1706660340000.0,1148671,1706660340000.0,0.0,-0.019862463999999996,2481.4155143300077,2481.4758743300076,50.3,1.9744,50.3,1.9744,long_ientry_normal,99.31231999999999,0.04002244663438188,10627.0
1706660700000.0,1148677,1706660700000.0,0.26553000000000043,-0.006647602,2481.6743967280077,2482.3564767280077,-16.7,1.9903,33.6,1.9744,long_nclose,66.33984,0.026731887183696026,6.0
1706661480000.0,1148690,1706661480000.0,0.5644800000000013,-0.00674688,2482.232129848008,2482.791569848008,-16.8,2.008,16.8,1.9744,long_nclose,33.16992,0.013362940395921416,13.0
1706661540000.0,1148691,1706661540000.0,0.28224000000000066,-0.00337344,2482.510996408008,2482.780636408008,-8.4,2.008,8.4,1.9744,long_nclose,16.58496,0.006680719651996342,1.0
1706661600000.0,1148692,1706661600000.0,0.14112000000000033,-0.00168672,2482.6504296880075,2482.7936496880075,-4.2,2.008,4.2,1.9744,long_nclose,8.29248,0.0033401722211218064,1.0
1706662620000.0,1148709,1706662620000.0,0.022260000000000033,-0.000557284,2482.6721324040077,2482.721972404008,-1.4,1.9903,2.8,1.9744,long_nclose,5.52832,0.0022267620149451013,17.0
1706663640000.0,1148726,1706663640000.0,0.014310000000000022,-0.000358254,2482.686084150008,2482.719714150008,-0.9,1.9903,1.9,1.9744,long_nclose,3.7513599999999996,0.0015110085902319563,17.0
1706663940000.0,1148731,1706663940000.0,0.009540000000000015,-0.00023883600000000003,2482.695385314008,2482.717615314008,-0.6,1.9903,1.3,1.9744,long_nclose,2.56672,0.0010338441095846982,5.0
1706664780000.0,1148745,1706664780000.0,0.006360000000000011,-0.00015922400000000002,2482.701586090008,2482.714816090008,-0.4,1.9903,0.9,1.9744,long_nclose,1.7769599999999999,0.0007157364420902972,14.0
1706665020000.0,1148749,1706665020000.0,0.004770000000000008,-0.00011941800000000001,2482.706236672008,2482.719136672008,-0.3,1.9903,0.6,1.9744,long_nclose,1.18464,0.00047715673425301165,4.0
1706665380000.0,1148755,1706665380000.0,0.0031800000000000053,-7.961200000000001e-05,2482.7093370600082,2482.7157770600083,-0.2,1.9903,0.4,1.9744,long_nclose,0.78976,0.0003181040922556095,6.0
1706666160000.0,1148768,1706666160000.0,0.0015900000000000027,-3.9806000000000005e-05,2482.710887254008,2482.716497254008,-0.1,1.9903,0.3,1.9744,long_nclose,0.59232,0.00023857792022458684,13.0
1706666280000.0,1148770,1706666280000.0,0.0015900000000000027,-3.9806000000000005e-05,2482.7124374480077,2482.715277448008,-0.1,1.9903,0.2,1.9744,long_nclose,0.39488,0.00015905184750510175,2.0
1706666340000.0,1148771,1706666340000.0,0.0015900000000000027,-3.9806000000000005e-05,2482.7139876420074,2482.7157076420076,-0.1,1.9903,0.1,1.9744,long_nclose,0.19744,7.952587409696814e-05,1.0
1706667900000.0,1148797,1706667900000.0,0.0015900000000000027,-3.9806000000000005e-05,2482.715537836007,2482.715537836007,-0.1,1.9903,0.0,1.9744,long_nclose,0.0,0.0,26.0
1706736540000.0,1149941,1706736540000.0,0.0,-0.019848723999999998,2482.695689112007,2482.7682091120073,51.8,1.9159,51.8,1.9159,long_ientry_normal,99.24361999999999,0.03997413796432568,1144.0
1706737200000.0,1149952,1706737200000.0,0.2648800000000014,-0.006643672,2482.9539254400074,2483.258405440007,-17.2,1.9313,34.6,1.9159,long_nclose,66.29014,0.026698095087790495,11.0
1706737500000.0,1149957,1706737500000.0,0.17710000000000092,-0.00444199,2483.1265834500073,2483.468463450007,-11.5,1.9313,23.1,1.9159,long_nclose,44.257290000000005,0.017823211388003343,5.0
1706737560000.0,1149958,1706737560000.0,0.11858000000000062,-0.002974202,2483.242189248007,2483.513229248007,-7.7,1.9313,15.4,1.9159,long_nclose,29.50486,0.011881587759643722,1.0
1706738940000.0,1149981,1706738940000.0,0.0,-0.013980468,2483.2282087800068,2483.1306087800067,36.6,1.9099,52.0,1.911676923076923,long_ientry_partial,99.4072,0.04003143957874016,23.0
1706740200000.0,1150002,1706740200000.0,0.265089230769232,-0.00666742,2483.486630590776,2484.0634513600066,-17.3,1.927,34.7,1.911676923076923,long_nclose,66.33518923076923,0.026710507885838432,21.0
1706740320000.0,1150004,1706740320000.0,0.17621538461538544,-0.0044321,2483.658413875391,2484.0603092600063,-11.5,1.927,23.2,1.911676923076923,long_nclose,44.350904615384614,0.01785708709684494,2.0
1706744100000.0,1150067,1706744100000.0,0.37842769230769163,-0.004510776,2484.0323307916983,2484.392198484006,-11.6,1.9443,11.6,1.911676923076923,long_nclose,22.175452307692307,0.008927199550830588,63.0
1706746560000.0,1150108,1706746560000.0,0.18921384615384582,-0.002255388,2484.2192892498524,2484.4114030960063,-5.8,1.9443,5.8,1.911676923076923,long_nclose,11.087726153846154,0.00446326385187769,41.0
1706748360000.0,1150138,1706748360000.0,0.02911384615384629,-0.00073226,2484.2476708360064,2484.299630836006,-1.9,1.927,3.9,1.911676923076923,long_nclose,7.45554,0.0030011258891473732,30.0
1706748420000.0,1150139,1706748420000.0,0.019920000000000094,-0.00050102,2484.267089816007,2484.2993898160066,-1.3,1.927,2.6,1.911676923076923,long_nclose,4.97036,0.002000734953329081,1.0
1706748720000.0,1150144,1706748720000.0,0.012258461538461597,-0.00030832000000000006,2484.279039957545,2484.3102214960068,-0.8,1.927,1.8,1.911676923076923,long_nclose,3.4410184615384614,0.0013851175355878164,5.0
1706748900000.0,1150147,1706748900000.0,0.009193846153846197,-0.00023124,2484.2880025636987,2484.3095102560064,-0.6,1.927,1.2,1.911676923076923,long_nclose,2.2940123076923076,0.0009234083589845327,3.0
1706749260000.0,1150153,1706749260000.0,0.006129230769230798,-0.00015416000000000003,2484.293977634468,2484.3071960960065,-0.4,1.927,0.8,1.911676923076923,long_nclose,1.5293415384615385,0.0006156040920397713,6.0
1706750460000.0,1150173,1706750460000.0,0.0,-0.019572586000000003,2484.274405048468,2484.3853835100062,51.7,1.8929,52.5,1.8931861245421249,long_ientry_partial,99.39227153846156,0.04000857205487428,20.0
1706751840000.0,1150196,1706751840000.0,0.26624282051281645,-0.0066794,2484.5339684689807,2485.1364541100065,-17.5,1.9084,35.0,1.8931861245421249,long_nclose,66.26151435897437,0.02666959486160941,23.0
1706752260000.0,1150203,1706752260000.0,0.0,-0.006681042,2484.527287426981,2484.3001930680066,17.7,1.8873,52.7,1.8912091908723787,long_ientry_partial,99.66672435897436,0.04011496467088149,7.0
1706752920000.0,1150214,1706752920000.0,0.26583915973337424,-0.006672400000000001,2484.7864541867143,2485.2754106680068,-17.5,1.9064,35.2,1.8912091908723787,long_nclose,66.57056351870773,0.026791261440813303,11.0
1706753220000.0,1150219,1706753220000.0,0.1777324667931702,-0.004460976,2484.959725677508,2485.4224596920067,-11.7,1.9064,23.5,1.8912091908723787,long_nclose,44.4434159855009,0.01788496430194002,5.0
1706754660000.0,1150243,1706754660000.0,0.1184883111954468,-0.0029739840000000003,2485.075240004703,2485.327865708007,-7.8,1.9064,15.7,1.8912091908723787,long_nclose,29.691984296696344,0.011948122865141157,24.0
1706758860000.0,1150313,1706758860000.0,0.25108831119544606,-0.003000504,2485.3233278118987,2485.581585204007,-7.8,1.9234,7.9,1.8912091908723787,long_nclose,14.940552607891792,0.006011512643325,70.0
1706759640000.0,1150326,1706759640000.0,0.12554415559772303,-0.001500252,2485.4473717154965,2485.582534952007,-3.9,1.9234,4.0,1.8912091908723787,long_nclose,7.564836763489515,0.0030436519596341886,13.0
1706759820000.0,1150329,1706759820000.0,0.06438161825524258,-0.0007693600000000001,2485.5109839737515,2485.577965592007,-2.0,1.9234,2.0,1.8912091908723787,long_nclose,3.7824183817447574,0.0015217870313723393,3.0
1706760060000.0,1150333,1706760060000.0,0.03219080912762129,-0.00038468000000000004,2485.5427901028793,2485.575980912007,-1.0,1.9234,1.0,1.8912091908723787,long_nclose,1.8912091908723787,0.0007608837789487823,4.0
1706760480000.0,1150340,1706760480000.0,0.04929080912762118,-0.0003881,2485.5916928120073,2485.5916928120073,-1.0,1.9405,0.0,1.8912091908723787,long_nclose,0.0,0.0,7.0
1707287100000.0,1159117,1707287100000.0,0.0,-0.019879367999999998,2485.571813444007,2485.613483444007,46.3,2.1468,46.3,2.1468,long_ientry_normal,99.39683999999998,0.039989526539680124,8777.0
1707289920000.0,1159164,1707289920000.0,0.26488000000000506,-0.006665120000000001,2485.8300283240073,2486.3707783240075,-15.4,2.164,30.9,2.1468,long_nclose,66.33612,0.026685702258060273,47.0
1707290040000.0,1159166,1707290040000.0,0.17716000000000337,-0.004457840000000001,2486.0027304840073,2486.3776504840075,-10.3,2.164,20.6,2.1468,long_nclose,44.22408,0.017789232271434346,2.0
1707290640000.0,1159176,1707290640000.0,0.11696000000000221,-0.0029430400000000005,2486.116747444007,2486.356867444007,-6.8,2.164,13.8,2.1468,long_nclose,29.62584,0.011916511978151677,10.0
1707290760000.0,1159178,1707290760000.0,0.0791200000000015,-0.00199088,2486.193876564007,2486.370516564007,-4.6,2.164,9.2,2.1468,long_nclose,19.750559999999997,0.007944094861699141,2.0
1707294900000.0,1159247,1707294900000.0,0.05160000000000098,-0.0012984000000000003,2486.244178164007,2486.372518164007,-3.0,2.164,6.2,2.1468,long_nclose,13.31016,0.005353520831501364,69.0
1707295260000.0,1159253,1707295260000.0,0.03440000000000065,-0.0008656000000000001,2486.277712564007,2486.3554125640067,-2.0,2.164,4.2,2.1468,long_nclose,9.01656,0.0036265297132481444,6.0
1707297180000.0,1159285,1707297180000.0,0.07685999999999993,-0.0009170280000000001,2486.353655536007,2486.445425536007,-2.1,2.1834,2.1,2.1468,long_nclose,4.50828,0.0018132094724183988,32.0
1707301020000.0,1159349,1707301020000.0,0.036599999999999966,-0.00043668,2486.389818856007,2486.430628856007,-1.0,2.1834,1.1,2.1468,long_nclose,2.36148,0.0009497625762827977,64.0
1707301860000.0,1159363,1707301860000.0,0.018299999999999983,-0.00021834,2486.407900516007,2486.429980516007,-0.5,2.1834,0.6,2.1468,long_nclose,1.28808,0.0005180485469551007,14.0
1707301980000.0,1159365,1707301980000.0,0.01097999999999999,-0.000131004,2486.418749512007,2486.4296995120067,-0.3,2.1834,0.3,2.1468,long_nclose,0.64404,0.00025902314327640966,2.0
1707302040000.0,1159366,1707302040000.0,0.0036599999999999966,-4.3667999999999996e-05,2486.4223658440064,2486.4297858440063,-0.1,2.1834,0.2,2.1468,long_nclose,0.42935999999999996,0.00017268184436325862,1.0
1707302280000.0,1159370,1707302280000.0,0.0036599999999999966,-4.3667999999999996e-05,2486.425982176006,2486.4299521760063,-0.1,2.1834,0.1,2.1468,long_nclose,0.21467999999999998,8.634079660482066e-05,4.0
1707302460000.0,1159373,1707302460000.0,0.0036599999999999966,-4.3667999999999996e-05,2486.4295985080057,2486.4295985080057,-0.1,2.1834,0.0,2.1468,long_nclose,0.0,0.0,3.0
1707831360000.0,1168188,1707831360000.0,0.0,-0.0198786,2486.4097199080056,2486.3782199080056,35.0,2.8398,35.0,2.8398,long_ientry_normal,99.393,0.03997450589264807,8815.0
1707831420000.0,1168189,1707831420000.0,0.26448000000000177,-0.0066412319999999995,2486.6675586760052,2487.210438676005,-11.6,2.8626,23.4,2.8398,long_nclose,66.45132,0.026723041352331455,1.0
1707831540000.0,1168191,1707831540000.0,0.1778400000000012,-0.004465656,2486.840933020005,2487.4727330200053,-7.8,2.8626,15.6,2.8398,long_nclose,44.30088,0.017814118873377745,2.0
1707831660000.0,1168193,1707831660000.0,0.37751999999999997,-0.004505592,2487.213947428005,2487.585227428005,-7.8,2.8882,7.8,2.8398,long_nclose,22.15044,0.008905723620159607,2.0
1707831720000.0,1168194,1707831720000.0,0.18875999999999998,-0.002252796,2487.400454632005,2487.5938946320052,-3.9,2.8882,3.9,2.8398,long_nclose,11.07522,0.004452527931067901,1.0
1707832020000.0,1168199,1707832020000.0,0.09195999999999999,-0.001097516,2487.4913171160056,2487.5999171160056,-1.9,2.8882,2.0,2.8398,long_nclose,5.6796,0.002283264251384371,5.0
1707833100000.0,1168217,1707833100000.0,0.14780000000000015,-0.00116548,2487.6379516360057,2487.6379516360057,-2.0,2.9137,0.0,2.8398,long_nclose,0.0,0.0,18.0
1707834240000.0,1168236,1707834240000.0,0.0,-0.019900998000000003,2487.6180506380056,2488.1270006380055,35.1,2.8349,35.1,2.8349,long_ientry_normal,99.50499,0.0400001077233218,19.0
1707834300000.0,1168237,1707834300000.0,0.2655899999999993,-0.006686784,2487.8769538540055,2488.4947138540056,-11.7,2.8576,23.4,2.8349,long_nclose,66.33666,0.026663963383412887,1.0
1707834780000.0,1168245,1707834780000.0,0.5651099999999974,-0.006746687999999999,2488.4353171660055,2489.0039371660055,-11.7,2.8832,11.7,2.8349,long_nclose,33.16833,0.01332899021774626,8.0
1707835320000.0,1168254,1707835320000.0,0.2801399999999988,-0.0033445119999999996,2488.7121126540055,2489.0053426540057,-5.8,2.8832,5.9,2.8349,long_nclose,16.725910000000002,0.006720709042623336,9.0
1707835800000.0,1168262,1707835800000.0,0.1400699999999994,-0.0016722559999999998,2488.8505103980056,2488.9867103980055,-2.9,2.8832,3.0,2.8349,long_nclose,8.5047,0.0034171196560294683,8.0
1707835860000.0,1168263,1707835860000.0,0.07244999999999968,-0.00086496,2488.9220954380057,2488.9987454380057,-1.5,2.8832,1.5,2.8349,long_nclose,4.25235,0.0017085106873349777,1.0
1707836160000.0,1168268,1707836160000.0,0.03380999999999985,-0.00040364800000000005,2488.9555017900057,2488.994861790006,-0.7,2.8832,0.8,2.8349,long_nclose,2.26792,0.0009111934698587253,5.0
1707836400000.0,1168272,1707836400000.0,0.019319999999999917,-0.00023065600000000004,2488.9745911340055,2488.9945911340055,-0.4,2.8832,0.4,2.8349,long_nclose,1.13396,0.0004555932407021298,4.0
1707836820000.0,1168279,1707836820000.0,0.02951999999999995,-0.00023269600000000004,2489.003878438006,2489.003878438006,-0.4,2.9087,0.0,2.8349,long_nclose,0.0,0.0,7.0
1708180440000.0,1174006,1708180440000.0,0.0,-0.019934711999999997,2488.9839437260057,2489.4368237260055,33.3,2.9932,33.3,2.9932,long_ientry_normal,99.67355999999998,0.04004588308062317,5727.0
1708183440000.0,1174056,1708183440000.0,0.26640000000000025,-0.006698183999999999,2489.2436455420057,2489.794205542006,-11.1,3.0172,22.2,2.9932,long_nclose,66.44904,0.026694470072868837,50.0
1708188120000.0,1174134,1708188120000.0,0.5661000000000017,-0.006758124,2489.8029874180056,2490.3779674180055,-11.1,3.0442,11.1,2.9932,long_nclose,33.22452,0.013344236539154748,78.0
1708188540000.0,1174141,1708188540000.0,0.28050000000000086,-0.0033486199999999996,2490.0801387980055,2490.3786187980054,-5.5,3.0442,5.6,2.9932,long_nclose,16.76192,0.006731478131499494,7.0
1708189380000.0,1174155,1708189380000.0,0.4362400000000004,-0.0034396319999999998,2490.5129391660053,2490.5129391660053,-5.6,3.0711,0.0,2.9932,long_nclose,0.0,0.0,14.0
1708392120000.0,1177534,1708392120000.0,0.0,-0.019932612000000002,2490.493006554005,2490.5116665540054,31.1,3.2046,31.1,3.2046,long_ientry_normal,99.66306,0.04001740207168851,3379.0
1708393440000.0,1177556,1708393440000.0,0.2647100000000006,-0.006654418000000001,2490.751062136005,2491.306422136005,-10.3,3.2303,20.8,3.2046,long_nclose,66.65568,0.02676127735657283,22.0
1708395540000.0,1177591,1708395540000.0,0.5678399999999976,-0.006779136,2491.312123000005,2491.8841230000053,-10.4,3.2592,10.4,3.2046,long_nclose,33.32784,0.013377625265142232,35.0
1708395780000.0,1177595,1708395780000.0,0.2839199999999988,-0.003389568,2491.592653432005,2491.882813432005,-5.2,3.2592,5.2,3.2046,long_nclose,16.66392,0.0066880595337470376,4.0
1708395900000.0,1177597,1708395900000.0,0.1419599999999994,-0.001694784,2491.732918648005,2491.880598648005,-2.6,3.2592,2.6,3.2046,long_nclose,8.33196,0.0033438415239627115,2.0
1708396020000.0,1177599,1708396020000.0,0.0709799999999997,-0.000847392,2491.803051256005,2491.8753312560048,-1.3,3.2592,1.3,3.2046,long_nclose,4.16598,0.0016718737052272726,2.0
1708397580000.0,1177625,1708397580000.0,0.10841999999999961,-0.00085488,2491.910616376005,2491.910616376005,-1.3,3.288,0.0,3.2046,long_nclose,0.0,0.0,26.0
1708497600000.0,1179292,1708497600000.0,0.0,-0.019956902000000002,2491.8906594740047,2492.2247694740045,30.1,3.3151,30.1,3.3151,long_ientry_normal,99.78451000000001,0.040043695184066704,1667.0
1708504920000.0,1179414,1708504920000.0,0.26599999999999735,-0.006683400000000001,2492.149976074005,2492.660516074005,-10.0,3.3417,20.1,3.3151,long_nclose,66.63351,0.026737359564921025,122.0
1708504980000.0,1179415,1708504980000.0,0.17821999999999824,-0.004477878,2492.3237181960044,2492.681498196004,-6.7,3.3417,13.4,3.3151,long_nclose,44.422340000000005,0.017823663786401638,1.0
1708506120000.0,1179434,1708506120000.0,0.11703999999999884,-0.0029406960000000005,2492.4378175000043,2492.681717500004,-4.4,3.3417,9.0,3.3151,long_nclose,29.835900000000002,0.011970569452330961,19.0
1708506240000.0,1179436,1708506240000.0,0.0797999999999992,-0.00200502,2492.515612480004,2492.684812480004,-3.0,3.3417,6.0,3.3151,long_nclose,19.8906,0.007980130555815954,2.0
1708509480000.0,1179490,1708509480000.0,0.0,-0.016010260000000002,2492.4996022200044,2492.1219022200044,24.5,3.2674,30.5,3.276783606557377,long_ientry_partial,99.9419,0.040097057552580695,54.0
1708509720000.0,1179494,1708509720000.0,0.2657955737704916,-0.006672262000000001,2492.758725531775,2493.369019958004,-10.1,3.3031,20.4,3.276783606557377,long_nclose,66.84638557377049,0.02681622769548637,4.0
1708509960000.0,1179498,1708509960000.0,0.17895147540983594,-0.004492216,2492.933184791185,2493.1265277420043,-6.8,3.3031,13.6,3.276783606557377,long_nclose,44.56425704918033,0.017876234036698885,4.0
1708510200000.0,1179502,1708510200000.0,0.0,-0.011033334,2492.922151457185,2492.7279744080047,16.9,3.2643,30.5,3.2698664606288634,long_ientry_partial,99.73092704918034,0.040005632342303483,4.0
1708510560000.0,1179508,1708510560000.0,0.2649587476484796,-0.006658122000000001,2493.1804520828337,2493.713576286005,-10.1,3.2961,20.4,3.2698664606288634,long_nclose,66.70527579682881,0.02675509337525184,6.0
1708510620000.0,1179509,1708510620000.0,0.17838806772372884,-0.004482696,2493.354357454557,2493.7179335900046,-6.8,3.2961,13.6,3.2698664606288634,long_nclose,44.47018386455254,0.01783548484859238,1.0
1708510860000.0,1179513,1708510860000.0,0.11805092717011467,-0.00296649,2493.4694418917275,2493.719087100005,-4.5,3.2961,9.1,3.2698664606288634,long_nclose,29.755784791722657,0.011933486848408198,4.0
1708511580000.0,1179525,1708511580000.0,0.2503509271701141,-0.00299295,2493.7167998688974,2493.9658141500045,-4.5,3.3255,4.6,3.2698664606288634,long_nclose,15.041385718892771,0.006031713673214033,12.0
1708512480000.0,1179540,1708512480000.0,0.12795714055361385,-0.00152973,2493.8432272794507,2493.9716444200044,-2.3,3.3255,2.3,3.2698664606288634,long_nclose,7.5206928594463855,0.003015703945292005,15.0
1708513440000.0,1179556,1708513440000.0,0.061196893308250115,-0.00073161,2493.903692562759,2493.974292810004,-1.1,3.3255,1.2,3.2698664606288634,long_nclose,3.923839752754636,0.001573372606350513,16.0
1708513620000.0,1179559,1708513620000.0,0.033380123622681876,-0.00039905999999999996,2493.9366736263814,2493.969393750004,-0.6,3.3255,0.6,3.2698664606288634,long_nclose,1.961919876377318,0.0007866758996428451,3.0
1708514100000.0,1179567,1708514100000.0,0.016690061811340938,-0.00019952999999999998,2493.953164158193,2493.969614220004,-0.3,3.3255,0.3,3.2698664606288634,long_nclose,0.980959938188659,0.00039333534898991235,8.0
1708514160000.0,1179568,1708514160000.0,0.005563353937113647,-6.651000000000001e-05,2493.95866100213,2493.969487710004,-0.1,3.3255,0.2,3.2698664606288634,long_nclose,0.6539732921257727,0.00026222298803581256,1.0
1708514280000.0,1179570,1708514280000.0,0.005563353937113647,-6.651000000000001e-05,2493.9641578460673,2493.9694312000042,-0.1,3.3255,0.1,3.2698664606288634,long_nclose,0.32698664606288635,0.00013111120504044897,2.0
1708515360000.0,1179588,1708515360000.0,0.0026233539371136594,-6.592200000000001e-05,2493.9667152780044,2493.9667152780044,-0.1,3.2961,0.0,3.2698664606288634,long_nclose,0.0,0.0,18.0
1708516620000.0,1179609,1708516620000.0,0.0,-0.019934738000000004,2493.9467805400045,2494.0695805400046,30.7,3.2467,30.7,3.2467,long_ientry_normal,99.67369000000001,0.03996624578268589,21.0
1708516740000.0,1179611,1708516740000.0,0.26519999999999794,-0.006676307999999999,2494.2053042320044,2494.6317042320043,-10.2,3.2727,20.5,3.2467,long_nclose,66.55735,0.026684792100742406,2.0
1708516800000.0,1179612,1708516800000.0,0.17679999999999865,-0.004450872,2494.377653360005,2494.8448233600047,-6.8,3.2727,13.7,3.2467,long_nclose,44.47979,0.017832019117106957,1.0
1708517160000.0,1179618,1708517160000.0,0.0,-0.011095506000000002,2494.366557854005,2494.435317854005,17.1,3.2443,30.8,3.2453675324675326,long_ientry_partial,99.95732000000001,0.040073228084807615,6.0
1708517280000.0,1179620,1708517280000.0,0.26553116883116584,-0.006673656,2494.625415366836,2495.174044198005,-10.2,3.2714,20.6,3.2453675324675326,long_nclose,66.85457116883117,0.026799442816949,2.0
1708517400000.0,1179622,1708517400000.0,0.17702077922077722,-0.004449104,2494.797987042057,2495.3738950940046,-6.8,3.2714,13.8,3.2453675324675326,long_nclose,44.786071948051955,0.017951782942214216,2.0
1708517520000.0,1179624,1708517520000.0,0.3811040259740263,-0.004554828,2495.1745362400306,2495.5432202660045,-6.9,3.3006,6.9,3.2453675324675326,long_nclose,22.393035974025977,0.008974536910660351,2.0
1708517700000.0,1179627,1708517700000.0,0.18779038961038977,-0.0022444080000000003,2495.360082221641,2495.5561958580047,-3.4,3.3006,3.5,3.2453675324675326,long_nclose,11.358786363636364,0.004551962838775371,3.0
1708517820000.0,1179629,1708517820000.0,0.09389519480519488,-0.0011222040000000001,2495.452855212446,2495.5582136540047,-1.7,3.3006,1.8,3.2453675324675326,long_nclose,5.841661558441559,0.002340922428664451,2.0
1708519140000.0,1179651,1708519140000.0,0.15215844155844102,-0.001198764,2495.6038148900047,2495.6038148900047,-1.8,3.3299,0.0,3.2453675324675326,long_nclose,0.0,0.0,22.0
1708526160000.0,1179768,1708526160000.0,0.0,-0.019943478,2495.5838714120046,2496.1369814120044,30.9,3.2271,30.9,3.2271,long_ientry_normal,99.71739,0.039957539052205754,117.0
1708526220000.0,1179769,1708526220000.0,0.2667700000000004,-0.006701180000000001,2495.8439402320046,2496.4763602320045,-10.3,3.253,20.6,3.2271,long_nclose,66.47826,0.02663558363101037,1.0
1708527120000.0,1179784,1708527120000.0,0.17612000000000022,-0.00442408,2496.015636152005,2496.413076152005,-6.8,3.253,13.8,3.2271,long_nclose,44.53398000000001,0.017842027651980594,15.0
1708527660000.0,1179793,1708527660000.0,0.11914000000000015,-0.00299276,2496.1317833920048,2496.2265433920047,-4.6,3.253,9.2,3.2271,long_nclose,29.68932,0.011894131631005094,9.0
1708528440000.0,1179806,1708528440000.0,0.0777000000000001,-0.0019518,2496.2075315920047,2496.3383515920045,-3.0,3.253,6.2,3.2271,long_nclose,20.008020000000002,0.008015367210770131,13.0
1708528500000.0,1179807,1708528500000.0,0.05180000000000007,-0.0013012000000000002,2496.258030392005,2496.404610392005,-2.0,3.253,4.2,3.2271,long_nclose,13.553820000000002,0.005429655041659115,1.0
1708533900000.0,1179897,1708533900000.0,0.03626000000000004,-0.00091084,2496.293379552005,2496.384099552005,-1.4,3.253,2.8,3.2271,long_nclose,9.035879999999999,0.0036197187694427227,90.0
1708535220000.0,1179919,1708535220000.0,0.023310000000000032,-0.0005855400000000001,2496.316104012005,2496.3603740120047,-0.9,3.253,1.9,3.2271,long_nclose,6.131489999999999,0.0024562153767888817,22.0
1708535460000.0,1179923,1708535460000.0,0.015540000000000019,-0.00039036,2496.3312536520048,2496.362193652005,-0.6,3.253,1.3,3.2271,long_nclose,4.1952300000000005,0.001680558216728086,4.0
1708535520000.0,1179924,1708535520000.0,0.010360000000000015,-0.00026024,2496.341353412005,2496.364393412005,-0.4,3.253,0.9,3.2271,long_nclose,2.9043900000000002,0.0011634586736426384,1.0
1708535580000.0,1179925,1708535580000.0,0.0077700000000000095,-0.00019518,2496.348928232005,2496.365668232005,-0.3,3.253,0.6,3.2271,long_nclose,1.9362599999999999,0.000775636762193866,1.0
1708536000000.0,1179932,1708536000000.0,0.0051800000000000075,-0.00013012,2496.3539781120053,2496.363578112005,-0.2,3.253,0.4,3.2271,long_nclose,1.2908400000000002,0.0005170901287710262,7.0
1708540080000.0,1180000,1708540080000.0,0.0,-0.019729640000000003,2496.334248472005,2496.124748472005,31.0,3.1822,31.4,3.182771974522293,long_ientry_partial,99.93903999999999,0.040034318345458834,68.0
1708542480000.0,1180040,1708542480000.0,0.26549146496815335,-0.006673264000000001,2496.5930666729737,2497.1312552080058,-10.4,3.2083,21.0,3.182771974522293,long_nclose,66.83821146496815,0.02677176843803325,40.0
1708543020000.0,1180049,1708543020000.0,0.17869617834394935,-0.00449162,2496.767271231318,2497.1736635880056,-7.0,3.2083,14.0,3.182771974522293,long_nclose,44.5588076433121,0.01784660034466779,9.0
1708545480000.0,1180090,1708545480000.0,0.11742891719745242,-0.002951636,2496.881748512515,2497.1442719520055,-4.6,3.2083,9.4,3.182771974522293,long_nclose,29.918056560509555,0.011982167989466401,41.0
1708545660000.0,1180093,1708545660000.0,0.07913687898089186,-0.001989146,2496.958896245496,2497.1241328060055,-3.1,3.2083,6.3,3.182771974522293,long_nclose,20.051463439490444,0.00803035383147093,3.0
1708545840000.0,1180096,1708545840000.0,0.05360885350318481,-0.001347486,2497.011157612999,2497.125095320005,-2.1,3.2083,4.2,3.182771974522293,long_nclose,13.367642292993631,0.005353457173083815,3.0
1708545960000.0,1180098,1708545960000.0,0.035739235668789865,-0.0008983239999999999,2497.0459985246675,2497.123916996005,-1.4,3.2083,2.8,3.182771974522293,long_nclose,8.911761528662419,0.003568921651394394,2.0
1708547880000.0,1180130,1708547880000.0,0.07591923566879011,-0.0009063599999999999,2497.121011400336,2497.197070636005,-1.4,3.237,1.4,3.182771974522293,long_nclose,4.4558807643312095,0.001784407220950994,32.0
1708548000000.0,1180132,1708548000000.0,0.037959617834395054,-0.00045317999999999997,2497.1585178381706,2497.197597456005,-0.7,3.237,0.7,3.182771974522293,long_nclose,2.2279403821656047,0.0008921902098927896,2.0
1708549560000.0,1180158,1708549560000.0,0.016268407643312166,-0.00019422,2497.1745920258136,2497.1954832360047,-0.3,3.237,0.4,3.182771974522293,long_nclose,1.2731087898089173,0.0005098196953766527,26.0
1708549620000.0,1180159,1708549620000.0,0.010845605095541444,-0.00012948000000000001,2497.1853081509093,2497.195953756005,-0.2,3.237,0.2,3.182771974522293,long_nclose,0.6365543949044586,0.0002549087537984148,1.0
1708549680000.0,1180160,1708549680000.0,0.005422802547770722,-6.474000000000001e-05,2497.190666213457,2497.197009016005,-0.1,3.237,0.1,3.182771974522293,long_nclose,0.3182771974522293,0.0001274541034284898,1.0
1708550160000.0,1180168,1708550160000.0,0.005422802547770722,-6.474000000000001e-05,2497.1960242760047,2497.1960242760047,-0.1,3.237,0.0,3.182771974522293,long_nclose,0.0,0.0,8.0
1708739340000.0,1183321,1708739340000.0,0.0,-0.019951155999999998,2497.1760731200047,2497.4031931200047,33.4,2.9867,33.4,2.9867,long_ientry_normal,99.75577999999999,0.03994743545470696,3153.0
1708745940000.0,1183431,1708745940000.0,0.26640000000000025,-0.006683753999999999,2497.435789366005,2497.993289366005,-11.1,3.0107,22.3,2.9867,long_nclose,66.60341,0.026668717683791917,110.0
1708746060000.0,1183433,1708746060000.0,0.17760000000000017,-0.004455836,2497.608933530005,2497.965043530005,-7.4,3.0107,14.9,2.9867,long_nclose,44.50183,0.017817773392211234,2.0
1708746780000.0,1183445,1708746780000.0,0.11760000000000011,-0.0029504860000000004,2497.723583044005,2497.945583044005,-4.9,3.0107,10.0,2.9867,long_nclose,29.866999999999997,0.011957688273736333,12.0
1708748160000.0,1183468,1708748160000.0,0.07920000000000006,-0.001987062,2497.800795982005,2497.950875982005,-3.3,3.0107,6.7,2.9867,long_nclose,20.01089,0.008011403484292974,23.0
1708748280000.0,1183470,1708748280000.0,0.05280000000000005,-0.0013247080000000002,2497.852271274005,2497.967021274005,-2.2,3.0107,4.5,2.9867,long_nclose,13.44015,0.005380682498547035,2.0
1708749660000.0,1183493,1708749660000.0,0.11197999999999989,-0.0013365440000000003,2497.962914730005,2498.0857347300052,-2.2,3.0376,2.3,2.9867,long_nclose,6.869409999999999,0.002750004797706329,23.0
1708751700000.0,1183527,1708751700000.0,0.05598999999999994,-0.0006682720000000001,2498.018236458005,2498.079676458005,-1.1,3.0376,1.2,2.9867,long_nclose,3.58404,0.0014347533367418041,34.0
1708752000000.0,1183532,1708752000000.0,0.030539999999999966,-0.00036451199999999994,2498.048411946005,2498.0824319460053,-0.6,3.0376,0.6,2.9867,long_nclose,1.79202,0.0007173680027297782,5.0
1708753740000.0,1183561,1708753740000.0,0.04667999999999992,-0.00036773999999999997,2498.094724206005,2498.094724206005,-0.6,3.0645,0.0,2.9867,long_nclose,0.0,0.0,29.0
1709141460000.0,1190023,1709141460000.0,0.0,-0.019973844000000004,2498.074750362005,2492.621830362005,30.6,3.2637,30.6,3.2637,long_ientry_normal,99.86922000000001,0.039978475418130544,6462.0
1709141460000.0,1190023,1709141460000.0,0.0,-0.019970400000000003,2498.054779962005,2489.634559962005,31.4,3.18,62.0,3.2213100000000003,long_rentry,199.72122000000002,0.07995069667889258,0.0
1709141460000.0,1190023,1709141460000.0,0.0,-0.020045144000000004,2498.034734818005,2488.7418948180048,32.2,3.1126,94.2,3.1841501061571127,long_rentry,299.94694000000004,0.12007316624516544,0.0
1709141460000.0,1190023,1709141460000.0,0.0,-0.029836824,2498.0048979940048,2490.4088879940045,48.9,3.0508,143.1,3.1385818308874915,long_rentry,449.13106000000005,0.17979590847106416,0.0
1709141520000.0,1190024,1709141520000.0,1.2029066666666615,-0.030182652000000004,2499.1776220086717,2498.320755342005,-47.7,3.1638,95.4,3.1385818308874915,long_nclose,299.4207066666667,0.11980769355081389,1.0
1709141580000.0,1190025,1709141580000.0,0.8019377777777743,-0.020121768,2499.9594380184494,2502.415553574005,-31.8,3.1638,63.6,3.1385818308874915,long_nclose,199.61380444444447,0.07984681727582947,1.0
1709141580000.0,1190025,1709141580000.0,1.6986977777777745,-0.020301120000000002,2501.637834676227,2502.865892454005,-31.8,3.192,31.8,3.1385818308874915,long_nclose,99.80690222222223,0.03989662325967327,0.0
1709141640000.0,1190026,1709141640000.0,0.8493488888888873,-0.010150560000000001,2502.477033005116,2503.687311894005,-15.9,3.192,15.9,3.1385818308874915,long_nclose,49.90345111111112,0.019941622022074754,1.0
1709141640000.0,1190026,1709141640000.0,1.2993188888888836,-0.010240554,2503.766111340005,2503.766111340005,-15.9,3.2203,0.0,3.1385818308874915,long_nclose,0.0,0.0,0.0
1709141700000.0,1190027,1709141700000.0,0.0,-0.020059728000000002,2503.746051612005,2503.908291612005,31.2,3.2147,31.2,3.2147,long_ientry_normal,100.29864,0.04005943012288487,1.0
1709142240000.0,1190036,1709142240000.0,0.26831999999999817,-0.006740240000000001,2504.007631372005,2504.721071372005,-10.4,3.2405,20.8,3.2147,long_nclose,66.86576000000001,0.026703496891246563,9.0
1709142300000.0,1190037,1709142300000.0,0.0,-0.006498,2504.001133372005,2504.274133372005,10.0,3.249,30.8,3.225836363636364,long_ientry_partial,99.35576,0.03967879993177275,1.0
1709142540000.0,1190041,1709142540000.0,0.2638090909090892,-0.006633467999999999,2504.258308994914,2504.9682599040048,-10.2,3.2517,20.6,3.225836363636364,long_nclose,66.4522290909091,0.02653569276468918,4.0
1709142600000.0,1190042,1709142600000.0,0.0,-0.006583583999999999,2504.251725410914,2505.018836320005,10.1,3.2592,30.7,3.236812673970981,long_ientry_partial,99.37014909090911,0.03968057527228171,1.0
1709142660000.0,1190043,1709142660000.0,0.26507072549599475,-0.006656111999999999,2504.51014002441,2504.8378802080047,-10.2,3.2628,20.5,3.236812673970981,long_nclose,66.3546598164051,0.026494067145505104,1.0
1709142720000.0,1190044,1709142720000.0,0.0,-0.006700768000000001,2504.50343925641,2504.4430994400045,10.3,3.2528,30.8,3.2421590849482183,long_ientry_partial,99.85849981640513,0.03987157623790417,1.0
1709142900000.0,1190047,1709142900000.0,0.265617333528176,-0.006667128,2504.762389461938,2505.3626923120046,-10.2,3.2682,20.6,3.2421590849482183,long_nclose,66.7884771499333,0.026664595983605658,3.0
1709143080000.0,1190050,1709143080000.0,0.0,-0.006646727999999999,2504.755742733938,2505.2001455840045,10.2,3.2582,30.8,3.2474713360367953,long_ientry_partial,100.0221171499333,0.03993288265336375,3.0
1709143080000.0,1190050,1709143080000.0,0.1409549149497936,-0.004444752000000001,2504.892252896888,2505.2385408320047,-6.8,3.2682,24.0,3.2474713360367953,long_nclose,77.93931206488308,0.031114836167003546,0.0
1709143140000.0,1190051,1709143140000.0,0.20822931170563663,-0.0052376,2505.0952446085935,2505.4365032320047,-8.0,3.2735,16.0,3.2474713360367953,long_nclose,51.959541376588724,0.020741543256055758,1.0
1709143200000.0,1190052,1709143200000.0,0.13795191900498427,-0.0034699099999999997,2505.2297266175983,2505.5050233220045,-5.3,3.2735,10.7,3.2474713360367953,long_nclose,34.74794329559371,0.013870162455124692,1.0
1709143260000.0,1190053,1709143260000.0,0.09110032387121603,-0.00229145,2505.3185354914694,2505.4620218720047,-3.5,3.2735,7.2,3.2474713360367953,long_nclose,23.381793619464926,0.009332862583431176,1.0
1709143320000.0,1190054,1709143320000.0,0.06246879351169099,-0.0015712799999999998,2505.379433004981,2505.4558905920044,-2.4,3.2735,4.8,3.2474713360367953,long_nclose,15.587862412976616,0.006221757154875481,1.0
1709143380000.0,1190055,1709143380000.0,0.0,-0.01693796,2505.3624950449807,2505.5729126320043,26.0,3.2573,30.8,3.2557682601615783,long_ientry_partial,100.27766241297661,0.04002521096699671,1.0
1709144460000.0,1190073,1709144460000.0,0.0,-0.020048936,2505.3424461089808,2502.540743696004,31.6,3.1723,62.4,3.213499077131036,long_rentry,200.52234241297663,0.08003789770312862,18.0
1709149200000.0,1190152,1709149200000.0,0.536659195674455,-0.013475488000000002,2505.865629816655,2506.8807082080043,-20.8,3.2393,41.6,3.213499077131036,long_nclose,133.6815616086511,0.05334745806718778,79.0
1709149260000.0,1190153,1709149260000.0,0.35605273559170575,-0.008940468000000002,2506.2127420842467,2506.557487740004,-13.8,3.2393,27.8,3.213499077131036,long_nclose,89.3352743442428,0.03564552715103855,1.0
1709149320000.0,1190154,1709149320000.0,0.23736849039447047,-0.005960312,2506.4441502626414,2506.979847428004,-9.2,3.2393,18.6,3.213499077131036,long_nclose,59.77108283463727,0.023846963766726688,1.0
1709149560000.0,1190158,1709149560000.0,0.15996572178757792,-0.004016732,2506.600099252429,2506.982030696004,-6.2,3.2393,12.4,3.213499077131036,long_nclose,39.847388556424846,0.015896986746433535,4.0
1709150040000.0,1190166,1709150040000.0,0.10578378376275314,-0.002656226,2506.703226810192,2506.9538944700043,-4.1,3.2393,8.3,3.213499077131036,long_nclose,26.672042340187602,0.010640287232616712,8.0
1709150940000.0,1190181,1709150940000.0,0.0696624917462033,-0.0017492220000000004,2506.7711400799385,2506.934665248005,-2.7,3.2393,5.6,3.213499077131036,long_nclose,17.9955948319338,0.007178794483552232,15.0
1709151900000.0,1190197,1709151900000.0,0.15316258403310012,-0.001830192,2506.9224724719716,2507.0767550560045,-2.8,3.2682,2.8,3.213499077131036,long_nclose,8.9977974159669,0.0035891805649237124,16.0
1709152320000.0,1190204,1709152320000.0,0.07658129201655006,-0.000915096,2506.9981386679883,2507.076259960005,-1.4,3.2682,1.4,3.213499077131036,long_nclose,4.49889870798345,0.0017945361181535592,7.0
1709152440000.0,1190206,1709152440000.0,0.03829064600827503,-0.000457548,2507.0359717659962,2507.0793024120044,-0.7,3.2682,0.7,3.213499077131036,long_nclose,2.249449353991725,0.0008972545186127413,2.0
1709153040000.0,1190216,1709153040000.0,0.05859064600827497,-0.000461608,2507.0941008040045,2507.0941008040045,-0.7,3.2972,0.0,3.213499077131036,long_nclose,0.0,0.0,10.0
1709224800000.0,1191412,1709224800000.0,0.0,-0.0200508,2507.0740500040047,2506.938530004005,30.8,3.255,30.8,3.255,long_ientry_normal,100.254,0.03998844788802304,1196.0
1709225520000.0,1191424,1709225520000.0,0.2662200000000001,-0.006693444,2507.3335765600045,2507.8135565600046,-10.2,3.2811,20.6,3.255,long_nclose,67.053,0.026742751992335598,12.0
1709225580000.0,1191425,1709225580000.0,0.17748000000000008,-0.004462296,2507.5065942640044,2507.8184742640046,-6.8,3.2811,13.8,3.255,long_nclose,44.919000000000004,0.017913811314695462,1.0
1709225700000.0,1191427,1709225700000.0,0.12006000000000004,-0.0030186119999999995,2507.623635652005,2507.844435652005,-4.6,3.2811,9.2,3.255,long_nclose,29.945999999999998,0.011941983467632202,2.0
1709226060000.0,1191433,1709226060000.0,0.07830000000000004,-0.00196866,2507.699966992005,2507.8872069920053,-3.0,3.2811,6.2,3.255,long_nclose,20.181,0.008047613456807268,6.0
1709227740000.0,1191461,1709227740000.0,0.0,-0.0160303,2507.6839366920053,2507.8722266920054,24.7,3.245,30.9,3.24700647249191,long_ientry_partial,100.33250000000001,0.04001002619666375,28.0
1709236140000.0,1191601,1709236140000.0,0.26876333333332725,-0.006742586,2507.9459574393386,2508.4752441060054,-10.3,3.2731,20.6,3.24700647249191,long_nclose,66.88833333333335,0.026670564066550953,140.0
1709236200000.0,1191602,1709236200000.0,0.17743598705501212,-0.004451416,2508.1189420103938,2508.4624726900056,-6.8,3.2731,13.8,3.24700647249191,long_nclose,44.80868932038836,0.017865456286722894,1.0
1709236380000.0,1191605,1709236380000.0,0.12003022653721408,-0.003011252,2508.2359609849314,2508.4861414380057,-4.6,3.2731,9.2,3.24700647249191,long_nclose,29.87245954692557,0.011909748529079889,3.0
1709236620000.0,1191609,1709236620000.0,0.07828058252427006,-0.00196386,2508.3122777074555,2508.479017578006,-3.0,3.2731,6.2,3.24700647249191,long_nclose,20.131440129449842,0.008025890678910822,4.0
1709236740000.0,1191611,1709236740000.0,0.05218705501618004,-0.00130924,2508.3631555224715,2508.4761083380054,-2.0,3.2731,4.2,3.24700647249191,long_nclose,13.637427184466022,0.005436783407714126,2.0
1709236860000.0,1191613,1709236860000.0,0.03653093851132602,-0.0009164679999999999,2508.398769992983,2508.469591870006,-1.4,3.2731,2.8,3.24700647249191,long_nclose,9.091618122977348,0.0036244708105174126,2.0
1709236920000.0,1191614,1709236920000.0,0.02348417475728102,-0.0005891580000000001,2508.4216650097405,2508.460032712006,-0.9,3.2731,1.9,3.24700647249191,long_nclose,6.169312297734629,0.002459439887556015,1.0
1709237160000.0,1191618,1709237160000.0,0.01565611650485401,-0.000392772,2508.4369283542455,2508.472929940006,-0.6,3.2731,1.3,3.24700647249191,long_nclose,4.221108414239483,0.0016827644205544764,4.0
1709237400000.0,1191622,1709237400000.0,0.01043741100323601,-0.000261848,2508.447103917249,2508.4733780920064,-0.4,3.2731,0.9,3.24700647249191,long_nclose,2.9223058252427188,0.0011649860268845927,4.0
1709237880000.0,1191630,1709237880000.0,0.007828058252427005,-0.000196386,2508.4547355895015,2508.4713517060063,-0.3,3.2731,0.6,3.24700647249191,long_nclose,1.9482038834951458,0.0007766549883696851,8.0
1709240460000.0,1191673,1709240460000.0,0.005218705501618005,-0.000130924,2508.459823371003,2508.4713407820063,-0.2,3.2731,0.4,3.24700647249191,long_nclose,1.298802588996764,0.0005177689420799108,43.0
1709242560000.0,1191708,1709242560000.0,0.0,-0.01981768,2508.440005691003,2508.1026231020064,31.0,3.1964,31.4,3.1970446684393874,long_ientry_partial,100.38720258899676,0.04001977418684286,35.0
1709243820000.0,1191729,1709243820000.0,0.26681544823037234,-0.0067032160000000006,2508.7001179232334,2509.251479886006,-10.4,3.2227,21.0,3.1970446684393874,long_nclose,67.13793803722713,0.026762042046223383,21.0
1709244000000.0,1191732,1709244000000.0,0.17958732092428908,-0.004511780000000001,2508.8751934641577,2509.174168106006,-7.0,3.2227,14.0,3.1970446684393874,long_nclose,44.75862535815142,0.017840116349650076,3.0
1709244060000.0,1191733,1709244060000.0,0.11801452517881854,-0.002964884,2508.9902431053365,2509.238923222006,-4.6,3.2227,9.4,3.1970446684393874,long_nclose,30.052219883330242,0.011977814567399473,1.0
1709245080000.0,1191750,1709245080000.0,0.0,-0.014070628,2508.9761724773366,2508.7912125940065,22.1,3.1834,31.5,3.1874717423279444,long_ientry_partial,100.40535988333025,0.04001845891752374,17.0
1709251860000.0,1191863,1709251860000.0,0.2680467055565847,-0.0067473,2509.2374718828933,2509.7567652940065,-10.5,3.213,21.0,3.1874717423279444,long_nclose,66.93690658888683,0.026676194397279744,113.0
1709251980000.0,1191865,1709251980000.0,0.1786978037043898,-0.0044982,2509.4116714865977,2509.8404670940063,-7.0,3.213,14.0,3.1874717423279444,long_nclose,44.62460439259122,0.01778289505051804,2.0
1709252160000.0,1191868,1709252160000.0,0.11742998529145615,-0.00295596,2509.5261455118894,2509.824391134007,-4.6,3.213,9.4,3.1874717423279444,long_nclose,29.962234377882677,0.01193939916962731,3.0
1709252520000.0,1191874,1709252520000.0,0.07913759878337263,-0.00199206,2509.603291050673,2509.764119074007,-3.1,3.213,6.3,3.1874717423279444,long_nclose,20.08107197666605,0.00800169176071605,6.0
1709252640000.0,1191876,1709252640000.0,0.05360934111131695,-0.00134946,2509.6555509317845,2509.7720096140074,-2.1,3.213,4.2,3.1874717423279444,long_nclose,13.387381317777367,0.00533435009151232,2.0
1709254680000.0,1191910,1709254680000.0,0.11408934111131681,-0.001361556,2509.7682787168956,2509.8817380580067,-2.1,3.2418,2.1,3.1874717423279444,long_nclose,6.693690658888683,0.0026670552479493423,34.0
1709254740000.0,1191911,1709254740000.0,0.054328257672055624,-0.0006483600000000001,2509.8219586145674,2509.8811696980065,-1.0,3.2418,1.1,3.1874717423279444,long_nclose,3.506218916560739,0.001396999059844144,1.0
1709255760000.0,1191928,1709255760000.0,0.007658477301616706,-0.00019278,2509.829424311869,2509.8448869180065,-0.3,3.213,0.8,3.1874717423279444,long_nclose,2.549977393862356,0.0010159962940754408,17.0
1709256000000.0,1191932,1709256000000.0,0.005105651534411138,-0.00012852000000000002,2509.8344014434033,2509.8538583980067,-0.2,3.213,0.6,3.1874717423279444,long_nclose,1.9124830453967665,0.0007619957094766489,4.0
1709256720000.0,1191944,1709256720000.0,0.005105651534411138,-0.00012852000000000002,2509.8393785749377,2509.8498298780064,-0.2,3.213,0.4,3.1874717423279444,long_nclose,1.274988696931178,0.0005079961322684737,12.0
1709256960000.0,1191948,1709256960000.0,0.002552825767205569,-6.426000000000001e-05,2509.841867140705,2509.8497056180063,-0.1,3.213,0.3,3.1874717423279444,long_nclose,0.9562415226983833,0.0003809967214339943,4.0
1709257140000.0,1191951,1709257140000.0,0.002552825767205569,-6.426000000000001e-05,2509.844355706472,2509.8503013580066,-0.1,3.213,0.2,3.1874717423279444,long_nclose,0.637494348465589,0.0002539975624449217,3.0
1709257560000.0,1191958,1709257560000.0,0.005432825767205563,-6.483600000000001e-05,2509.849723696239,2509.8551065220063,-0.1,3.2418,0.1,3.1874717423279444,long_nclose,0.3187471742327945,0.0001269985096013548,7.0
1709257620000.0,1191959,1709257620000.0,0.005432825767205563,-6.483600000000001e-05,2509.855091686006,2509.855091686006,-0.1,3.2418,0.0,3.1874717423279444,long_nclose,0.0,0.0,1.0
1709450760000.0,1195178,1709450760000.0,0.0,-0.020062208,2509.8350294780057,2509.9930294780056,31.6,3.1744,31.6,3.1744,long_ientry_normal,100.31104,0.039967184624426354,3219.0
1709450820000.0,1195179,1709450820000.0,0.0,-0.0201045,2509.814924978006,2507.082434978006,32.5,3.093,64.1,3.133128549141966,long_rentry,200.83354,0.08001926277562477,1.0
1709451000000.0,1195182,1709451000000.0,0.5361519032761305,-0.013454358000000003,2510.337622523282,2512.0612406200057,-21.3,3.1583,42.8,3.133128549141966,long_nclose,134.09790190327612,0.053418273582055774,3.0
1709451180000.0,1195185,1709451180000.0,0.35743460218408696,-0.008969572,2510.686087553466,2511.580451048006,-14.2,3.1583,28.6,3.133128549141966,long_nclose,89.60747650546023,0.035690434160480046,3.0
1709451360000.0,1195188,1709451360000.0,0.7632117472698905,-0.00911339,2511.440185910736,2512.080417658006,-14.3,3.1865,14.3,3.133128549141966,long_nclose,44.80373825273011,0.017839858780663218,3.0
1709451420000.0,1195189,1709451420000.0,0.3789373010920435,-0.0045248300000000005,2511.8145983818285,2512.223352828006,-7.1,3.1865,7.2,3.133128549141966,long_nclose,22.558525553822154,0.008980967611365465,1.0
1709451540000.0,1195191,1709451540000.0,0.0,-0.01554476,2511.7990536218285,2512.2117780680064,24.5,3.1724,31.7,3.1634803013824024,long_ientry_partial,100.28232555382216,0.03992450168703681,2.0
1709451600000.0,1195192,1709451600000.0,0.2669068354847728,-0.00669669,2512.0592637673135,2512.5833213780065,-10.5,3.1889,21.2,3.1634803013824024,long_nclose,67.06578238930693,0.02669753192395985,1.0
1709451660000.0,1195193,1709451660000.0,0.17793789032318186,-0.00446446,2512.232737197637,2512.488616918007,-7.0,3.1889,14.2,3.1634803013824024,long_nclose,44.92142027963011,0.017881074318671353,1.0
1709451720000.0,1195194,1709451720000.0,0.0,-0.011101300000000001,2512.221635897637,2512.304905618007,17.5,3.1718,31.7,3.1680731949410132,long_ientry_partial,100.42792027963011,0.03997574053363584,1.0
1709451960000.0,1195198,1709451960000.0,0.2669814531193586,-0.00670635,2512.4819110007566,2512.914959268007,-10.5,3.1935,21.2,3.1680731949410132,long_nclose,67.16315173274948,0.02673179513797871,4.0
1709452020000.0,1195199,1709452020000.0,0.17798763541290574,-0.0044709,2512.6554277361697,2513.000868368007,-7.0,3.1935,14.2,3.1680731949410132,long_nclose,44.986639368162386,0.01790402252197949,1.0
1709452080000.0,1195200,1709452080000.0,0.11950598377723672,-0.00300189,2512.771931829947,2513.057186478007,-4.7,3.1935,9.5,3.1680731949410132,long_nclose,30.096695351939626,0.01197748787731064,1.0
1709452800000.0,1195212,1709452800000.0,0.07882309568285827,-0.0019799699999999997,2512.84877495563,2513.158706508007,-3.1,3.1935,6.4,3.1680731949410132,long_nclose,20.275668447622486,0.008068797712660006,12.0
1709453100000.0,1195217,1709453100000.0,0.0,-0.016039188000000003,2512.83273576763,2512.9452273200072,25.3,3.1698,31.7,3.1694513705874603,long_ientry_partial,100.47160844762249,0.039983404791537,5.0
1709454660000.0,1195243,1709454660000.0,0.2672106088316677,-0.0067092900000000006,2513.0932370864616,2513.5988280300076,-10.5,3.1949,21.2,3.1694513705874603,long_nclose,67.19236905645415,0.026736918497442298,26.0
1709454720000.0,1195244,1709454720000.0,0.17814040588777846,-0.00447286,2513.2669046323495,2513.6424751700074,-7.0,3.1949,14.2,3.1694513705874603,long_nclose,45.006209462341936,0.01790745319543593,1.0
1709455680000.0,1195260,1709455680000.0,0.3830352688290306,-0.004577228,2513.6453626731786,2514.0141979420077,-7.1,3.2234,7.1,3.1694513705874603,long_nclose,22.503104731170968,0.008952378511835758,16.0
1709456520000.0,1195274,1709456520000.0,0.18882020294388835,-0.00225638,2513.831926496123,2514.026501562008,-3.5,3.2234,3.6,3.1694513705874603,long_nclose,11.410024934114857,0.004538897296136498,14.0
1709456640000.0,1195276,1709456640000.0,0.09710753294257116,-0.001160424,2513.9278736050655,2514.033801138008,-1.8,3.2234,1.8,3.1694513705874603,long_nclose,5.705012467057428,0.0022693620318057213,2.0
1709456820000.0,1195279,1709456820000.0,0.14858753294257107,-0.00117072,2514.075290418008,2514.075290418008,-1.8,3.252,0.0,3.1694513705874603,long_nclose,0.0,0.0,3.0
1709574480000.0,1197240,1709574480000.0,0.0,-0.02011264,2514.055177778008,2514.061577778008,32.0,3.1426,32.0,3.1426,long_ientry_normal,100.5632,0.0400003949351981,1961.0
1709578800000.0,1197312,1709578800000.0,0.2671200000000035,-0.006715736,2514.315582042008,2514.707202042008,-10.6,3.1678,21.4,3.1426,long_nclose,67.25164,0.02674749362424163,72.0
1709580240000.0,1197336,1709580240000.0,0.17892000000000235,-0.004498276,2514.4900037660077,2514.8546537660077,-7.1,3.1678,14.3,3.1426,long_nclose,44.93918,0.017872085366294393,24.0
1709580480000.0,1197340,1709580480000.0,0.11844000000000157,-0.0029777320000000003,2514.605466034008,2514.8685060340076,-4.7,3.1678,9.6,3.1426,long_nclose,30.16896,0.011997492412828466,4.0
1709580660000.0,1197343,1709580660000.0,0.08064000000000107,-0.0020273920000000007,2514.684078642008,2514.819758642008,-3.2,3.1678,6.4,3.1426,long_nclose,20.11264,0.007998078236078595,3.0
1709580720000.0,1197344,1709580720000.0,0.0529200000000007,-0.0013304760000000001,2514.735668166008,2514.831988166008,-2.1,3.1678,4.3,3.1426,long_nclose,13.513179999999998,0.00537359857382352,1.0
1709580900000.0,1197347,1709580900000.0,0.035280000000000464,-0.0008869840000000001,2514.7700611820082,2514.8506811820084,-1.4,3.1678,2.9,3.1426,long_nclose,9.113539999999999,0.003624005288068522,3.0
1709581020000.0,1197349,1709581020000.0,0.0226800000000003,-0.000570204,2514.7921709780085,2514.8453709780083,-0.9,3.1678,2.0,3.1426,long_nclose,6.2852,0.002499292018057966,2.0
1709581260000.0,1197353,1709581260000.0,0.0151200000000002,-0.000380136,2514.8069108420086,2514.8420508420086,-0.6,3.1678,1.4,3.1426,long_nclose,4.39964,0.0017494941583912342,4.0
1709581380000.0,1197355,1709581380000.0,0.010080000000000134,-0.0002534240000000001,2514.8167374180084,2514.8436374180083,-0.4,3.1678,1.0,3.1426,long_nclose,3.1426,0.0012496338016369907,2.0
1709582820000.0,1197379,1709582820000.0,0.0075600000000001,-0.000190068,2514.8241073500085,2514.8426573500083,-0.3,3.1678,0.7,3.1426,long_nclose,2.19982,0.0008747410976261303,24.0
1709583360000.0,1197388,1709583360000.0,0.005040000000000067,-0.00012671200000000004,2514.8290206380084,2514.8361706380083,-0.2,3.1678,0.5,3.1426,long_nclose,1.5713,0.000624813849015216,9.0
1709588820000.0,1197479,1709588820000.0,0.0,-0.019837158000000004,2514.8091834800084,2514.9425734800084,32.1,3.0899,32.6,3.090708282208589,long_ientry_partial,100.75709,0.04006550105744871,91.0
1709590200000.0,1197502,1709590200000.0,0.26775055214723625,-0.006729480000000001,2515.0702045521557,2515.6259240000086,-10.8,3.1155,21.8,3.090708282208589,long_nclose,67.37744055214725,0.02678948700127628,23.0
1709590980000.0,1197515,1709590980000.0,0.17850036809815747,-0.00448632,2515.2442186002536,2515.5915776800084,-7.2,3.1155,14.6,3.090708282208589,long_nclose,45.1243409202454,0.017940341771407523,13.0
1709591040000.0,1197516,1709591040000.0,0.11900024539877165,-0.00299088,2515.360227965652,2515.595346800008,-4.8,3.1155,9.8,3.090708282208589,long_nclose,30.288941165644175,0.012041591828038468,1.0
1709591100000.0,1197517,1709591100000.0,0.07933349693251444,-0.00199392,2515.4375675425845,2515.6038328800078,-3.2,3.1155,6.6,3.090708282208589,long_nclose,20.39867466257669,0.008109394137142048,1.0
1709591400000.0,1197522,1709591400000.0,0.054541779141103676,-0.0013708200000000002,2515.4907385017254,2515.6125820600078,-2.2,3.1155,4.4,3.090708282208589,long_nclose,13.599116441717793,0.005406148483702106,5.0
1709592480000.0,1197540,1709592480000.0,0.11570177914110379,-0.0013830520000000003,2515.6050572288664,2515.7396790080074,-2.2,3.1433,2.2,3.090708282208589,long_nclose,6.799558220858897,0.002702951403806262,18.0
1709596140000.0,1197601,1709596140000.0,0.05785088957055189,-0.0006915260000000001,2515.662216592437,2515.7206174820076,-1.1,3.1433,1.1,3.090708282208589,long_nclose,3.3997791104294484,0.0013514449944852225,61.0
1709596800000.0,1197612,1709596800000.0,0.026295858895705404,-0.00031433000000000003,2515.6881981213323,2515.717653152007,-0.5,3.1433,0.6,3.090708282208589,long_nclose,1.8544249693251533,0.0007371442020159742,11.0
1709598120000.0,1197634,1709598120000.0,0.004958343558282153,-0.00012462,2515.693031844891,2515.7020285320073,-0.2,3.1155,0.4,3.090708282208589,long_nclose,1.2362833128834358,0.0004914285237642066,22.0
1709602980000.0,1197715,1709602980000.0,0.0024791717791410764,-6.231e-05,2515.69544870667,2515.7022562220077,-0.1,3.1155,0.3,3.090708282208589,long_nclose,0.9272124846625767,0.0003685710387317593,81.0
1709603040000.0,1197716,1709603040000.0,0.0024791717791410764,-6.231e-05,2515.6978655684493,2515.7033039120074,-0.1,3.1155,0.2,3.090708282208589,long_nclose,0.6181416564417179,0.00024571378976069613,1.0
1709603160000.0,1197718,1709603160000.0,0.0024791717791410764,-6.231e-05,2515.7002824302285,2515.7027816020077,-0.1,3.1155,0.1,3.090708282208589,long_nclose,0.30907082822085896,0.00012285677685033644,2.0
1709606400000.0,1197772,1709606400000.0,0.0,-0.020075879999999997,2515.6802065502284,2515.9301857220075,33.0,3.0418,33.1,3.0419477591607507,long_ientry_partial,100.68847082822086,0.040024352286929084,54.0
1709607420000.0,1197789,1709607420000.0,0.2689746492317404,-0.00674608,2515.9424351194602,2516.5248196420075,-11.0,3.0664,22.1,3.0419477591607507,long_nclose,67.22704547745259,0.0267204227485676,17.0
1709607540000.0,1197791,1709607540000.0,0.17850135812651863,-0.004476944,2516.1164595335867,2516.5079526980076,-7.3,3.0664,14.8,3.0419477591607507,long_nclose,45.020826835579115,0.017892982125288684,2.0
1709607660000.0,1197793,1709607660000.0,0.11981598011232074,-0.003005072,2516.233270441699,2516.4238676260074,-4.9,3.0664,9.9,3.0419477591607507,long_nclose,30.115282815691433,0.01196839862561908,2.0
1709610360000.0,1197838,1709610360000.0,0.0,-0.014157,2516.219113441699,2516.2611206260076,23.4,3.025,33.3,3.0300385229937365,long_ientry_partial,100.90028281569141,0.0400999588138727,45.0
1709611020000.0,1197849,1709611020000.0,0.26930239476952444,-0.006780546,2516.4816352904686,2517.0535400800077,-11.1,3.0543,22.2,3.0300385229937365,long_nclose,67.26685521046095,0.026730517031051795,11.0
1709611440000.0,1197856,1709611440000.0,0.5723323947695231,-0.006841152,2517.047126533238,2517.6838389280074,-11.1,3.0816,11.1,3.0300385229937365,long_nclose,33.63342760523047,0.013362255815827426,7.0
1709611860000.0,1197863,1709611860000.0,0.2835881235344484,-0.00338976,2517.3273248967726,2517.6463091680075,-5.5,3.0816,5.6,3.0300385229937365,long_nclose,16.968215728764925,0.006740567887595125,7.0
1709612100000.0,1197867,1709612100000.0,0.4416242712350765,-0.0034819679999999998,2517.7654672000076,2517.7654672000076,-5.6,3.1089,0.0,3.0300385229937365,long_nclose,0.0,0.0,4.0
1709652660000.0,1198543,1709652660000.0,0.0,-0.020126124000000002,2517.7453410760077,2517.407721076008,33.1,3.0402,33.1,3.0402,long_ientry_normal,100.63062000000001,0.03996854580892345,676.0
1709652900000.0,1198547,1709652900000.0,0.26839999999999975,-0.00674212,2518.0069989560075,2518.7716589560073,-11.0,3.0646,22.1,3.0402,long_nclose,67.18842000000001,0.026683174442270034,4.0
1709653140000.0,1198551,1709653140000.0,0.5698000000000008,-0.0068024,2518.5699965560075,2519.1205565560076,-11.0,3.092,11.1,3.0402,long_nclose,33.74622,0.013398960539570438,4.0
1709653200000.0,1198552,1709653200000.0,0.2849000000000004,-0.0034012,2518.8514953560075,2519.1505353560074,-5.5,3.092,5.6,3.0402,long_nclose,17.025119999999998,0.0067590804902111605,1.0
1709653380000.0,1198555,1709653380000.0,0.14504000000000017,-0.00173152,2518.9948038360076,2519.1476838360077,-2.8,3.092,2.8,3.0402,long_nclose,8.512559999999999,0.003379347979216469,3.0
1709653560000.0,1198558,1709653560000.0,0.07252000000000008,-0.00086576,2519.0664580760076,2519.1382780760077,-1.4,3.092,1.4,3.0402,long_nclose,4.256279999999999,0.0016896259272376746,3.0
1709653620000.0,1198559,1709653620000.0,0.03626000000000004,-0.00043288,2519.1022851960074,2519.1440751960076,-0.7,3.092,0.7,3.0402,long_nclose,2.1281399999999997,0.0008448009485388611,1.0
1709654340000.0,1198571,1709654340000.0,0.015540000000000019,-0.00018552,2519.1176396760075,2519.1383196760075,-0.3,3.092,0.4,3.0402,long_nclose,1.21608,0.00048274045675628086,12.0
1709654400000.0,1198572,1709654400000.0,0.010360000000000015,-0.00012368,2519.127875996008,2519.142455996008,-0.2,3.092,0.2,3.0402,long_nclose,0.60804,0.00024136924758517644,1.0
1709654400000.0,1198572,1709654400000.0,0.01584000000000003,-0.00012477600000000003,2519.1435912200077,2519.1435912200077,-0.2,3.1194,0.0,3.0402,long_nclose,0.0,0.0,0.0
1709654760000.0,1198578,1709654760000.0,0.0,-0.020153064000000002,2519.1234381560075,2519.1466781560075,33.2,3.0351,33.2,3.0351,long_ientry_normal,100.76532,0.040000151828113666,6.0
1709654880000.0,1198580,1709654880000.0,0.0,-0.020168786,2519.1032693700076,2517.9807193700076,34.1,2.9573,67.3,2.9956797919762264,long_rentry,201.60925000000003,0.0800321497142988,2.0
1709655780000.0,1198595,1709655780000.0,0.5380526597325257,-0.013528255999999999,2519.62779377374,2521.1104011140073,-22.4,3.0197,44.9,2.9956797919762264,long_nclose,134.50602265973257,0.05338329057653309,15.0
1709656140000.0,1198601,1709656140000.0,1.1428526597325286,-0.013649215999999999,2520.7569972174724,2521.9094518980073,-22.4,3.0467,22.5,2.9956797919762264,long_nclose,67.4027953194651,0.026739108685949264,6.0
1709656380000.0,1198605,1709656380000.0,0.0,-0.0065346480000000005,2520.7504625694723,2521.866467250007,10.8,3.0253,33.3,3.0052863459298833,long_ientry_partial,100.0760353194651,0.039700889399998274,4.0
1709656560000.0,1198608,1709656560000.0,0.26766156017829384,-0.006725268,2521.0113988616504,2521.520081982007,-11.1,3.0294,22.2,3.0052863459298833,long_nclose,66.7173568796434,0.02646452011671557,3.0
1709656620000.0,1198609,1709656620000.0,0.0,-0.006772192,2521.0046266696504,2521.588229790007,11.2,3.0233,33.4,3.0113268526839345,long_ientry_partial,100.57831687964341,0.039896125463486934,1.0
1709656620000.0,1198609,1709656620000.0,0.1337412901388836,-0.004483512,2521.133884447789,2521.588186278007,-7.4,3.0294,26.0,3.0113268526839345,long_nclose,78.2944981697823,0.0310552718571435,0.0
1709656680000.0,1198610,1709656680000.0,0.0,-0.00447404,2521.1294104077892,2521.873792238007,7.4,3.023,33.4,3.0139131188557577,long_ientry_partial,100.6646981697823,0.03992841373164574,1.0
1709656680000.0,1198610,1709656680000.0,0.18564717784048224,-0.00522106,2521.3098365256296,2521.862551178007,-8.6,3.0355,24.8,3.0139131188557577,long_nclose,74.74504534762279,0.029645323341387357,0.0
1709656740000.0,1198611,1709656740000.0,0.19833242538278667,-0.004982484,2521.5031864670127,2521.838288694007,-8.2,3.0381,16.6,3.0139131188557577,long_nclose,50.03095777300558,0.01984171903550363,1.0
1709657040000.0,1198616,1709657040000.0,0.0,-0.010155264000000002,2521.493031203013,2521.243133430007,16.8,3.0224,33.4,3.0181819692516645,long_ientry_partial,100.8072777730056,0.039979201419767595,5.0
1709658600000.0,1198642,1709658600000.0,0.0,-0.020173887999999997,2521.472857315013,2519.761629542007,34.3,2.9408,67.7,2.9789766288479402,long_rentry,201.67671777300555,0.07998369571495635,26.0
1709659200000.0,1198652,1709659200000.0,0.5382758509213426,-0.013513049999999999,2521.9976201159343,2522.8213164920076,-22.5,3.0029,45.2,2.9789766288479402,long_nclose,134.6497436239269,0.053390115260194874,10.0
1709659260000.0,1198653,1709659260000.0,0.35885056728089504,-0.009008700000000001,2522.3474619832155,2523.2420877920076,-15.0,3.0029,30.2,2.9789766288479402,long_nclose,89.9650941912078,0.035667209037279914,1.0
1709660760000.0,1198678,1709660760000.0,0.2392337115205967,-0.0060058,2522.580689894736,2523.171001992008,-10.0,3.0029,20.2,2.9789766288479402,long_nclose,60.17532790272839,0.023854669205939028,25.0
1709661420000.0,1198689,1709661420000.0,0.5123060486358042,-0.006119994,2523.086875949372,2523.6446319980078,-10.1,3.0297,10.1,2.9789766288479402,long_nclose,30.087663951364195,0.01192494172046414,11.0
1709663280000.0,1198720,1709663280000.0,0.0789471248017969,-0.001981914,2523.1638411601734,2523.3278800840076,-3.3,3.0029,6.8,2.9789766288479402,long_nclose,20.257041076165994,0.008028428731307288,31.0
1709663400000.0,1198722,1709663400000.0,0.052631416534531274,-0.0013212760000000001,2523.215151300708,2523.3320988080072,-2.2,3.0029,4.6,2.9789766288479402,long_nclose,13.703292492700523,0.005430885465964536,2.0
1709664120000.0,1198734,1709664120000.0,0.035885056728089504,-0.00090087,2523.250135487436,2523.3562279380076,-1.5,3.0029,3.1,2.9789766288479402,long_nclose,9.234827549428616,0.0036598938089998957,12.0
1709664600000.0,1198742,1709664600000.0,0.0,-0.01831869,2523.2318167974363,2523.1951392480078,30.7,2.9835,33.8,2.98308513459848,long_ientry_partial,100.8282775494286,0.03995997390259725,8.0
1709667300000.0,1198787,1709667300000.0,0.0,-0.020171804000000005,2523.2116449934365,2520.551097444008,34.7,2.9066,68.5,2.9443401102106366,long_rentry,201.6872975494286,0.07993277058213372,45.0
1709667480000.0,1198790,1709667480000.0,0.0,-0.020199500000000002,2523.1914454934363,2518.4458479440077,35.5,2.845,104.0,2.9104307456675826,long_rentry,302.6847975494286,0.11996109058234201,3.0
1709668440000.0,1198806,1709668440000.0,0.0,-0.030061108000000003,2523.161384385436,2499.9432668360078,53.9,2.7886,157.9,2.868843176373835,long_rentry,452.9903375494286,0.1795328433419898,16.0
1709668440000.0,1198806,1709668440000.0,0.0,-0.04445695800000001,2523.116927427436,2500.5294398780075,81.9,2.7141,239.8,2.815993025643989,long_rentry,675.2751275494286,0.26763528880048276,0.0
1709668560000.0,1198808,1709668560000.0,0.0,-0.065031344,2523.051896083436,2428.9681685340074,124.4,2.6138,364.2,2.7469298395096886,long_rentry,1000.4318475494285,0.3965165556453321,2.0
1709669520000.0,1198824,1709669520000.0,2.6793174835238185,-0.06723132000000001,2525.66398224696,2532.042377214008,-121.4,2.769,242.8,2.7469298395096886,long_nclose,666.9545650329525,0.26407098082762204,16.0
1709672520000.0,1198874,1709672520000.0,1.785475983666202,-0.04480242000000001,2527.4046558106265,2531.350184794008,-80.9,2.769,161.9,2.7469298395096886,long_nclose,444.7279410166186,0.17596230187918954,50.0
1709672640000.0,1198876,1709672640000.0,1.1895816504277907,-0.029849820000000003,2528.5643876410545,2531.001964974008,-53.9,2.769,108.0,2.7469298395096886,long_nclose,296.66842266704634,0.11732682154232739,2.0
1709672940000.0,1198881,1709672940000.0,2.525588666476807,-0.030171959999999998,2531.059804347531,2534.3251930140077,-54.0,2.7937,54.0,2.7469298395096886,long_nclose,148.33421133352317,0.05860557347508487,5.0
1709673060000.0,1198883,1709673060000.0,3.8647886664768034,-0.0304398,2534.894153214008,2534.894153214008,-54.0,2.8185,0.0,2.7469298395096886,long_nclose,0.0,0.0,2.0
1709673120000.0,1198884,1709673120000.0,0.0,-0.020304,2534.873849214008,2534.996249214008,36.0,2.82,36.0,2.82,long_ientry_normal,101.52,0.04004933027790651,1.0
1709673900000.0,1198897,1709673900000.0,0.2712000000000021,-0.006822239999999999,2535.138226974008,2535.7622269740077,-12.0,2.8426,24.0,2.82,long_nclose,67.67999999999999,0.026696769146502992,13.0
1709673960000.0,1198898,1709673960000.0,0.0,-0.006602719999999999,2535.131624254008,2535.520664254008,11.6,2.846,35.6,2.828471910112359,long_ientry_partial,100.69359999999999,0.03971927888739515,1.0
1709674080000.0,1198900,1709674080000.0,0.26819146067416083,-0.0067288320000000006,2535.393086882682,2535.948295422008,-11.8,2.8512,23.8,2.828471910112359,long_nclose,67.31763146067415,0.02655116155713849,2.0
1709674140000.0,1198901,1709674140000.0,0.0,-0.006730248,2535.3863566346818,2536.155165174008,11.8,2.8518,35.6,2.836204254513319,long_ientry_partial,100.96887146067415,0.03982386005843074,1.0
1709674200000.0,1198902,1709674200000.0,0.26898979674283785,-0.006747240000000001,2535.6485991914246,2535.9626579340074,-11.8,2.859,23.8,2.836204254513319,long_nclose,67.50166125741698,0.02662106306013464,1.0
1709674260000.0,1198903,1709674260000.0,0.0,-0.0067245840000000005,2535.6418746074246,2535.575013350008,11.8,2.8494,35.6,2.840578125208342,long_ientry_partial,101.12458125741699,0.03988125542100593,1.0
1709675220000.0,1198919,1709675220000.0,0.26929812254156155,-0.006757624,2535.904415105966,2536.1762557260076,-11.8,2.8634,23.8,2.840578125208342,long_nclose,67.60575937995854,0.02665942729435784,16.0
1709675280000.0,1198920,1709675280000.0,0.0,-0.00673072,2535.897684385966,2536.0627250060074,11.8,2.852,35.6,2.8443640275269253,long_ientry_partial,101.25935937995854,0.03993038047372055,1.0
1709679180000.0,1198985,1709679180000.0,0.26946447518228117,-0.006766592,2536.160382269148,2536.706258414007,-11.8,2.8672,23.8,2.8443640275269253,long_nclose,67.69586385514083,0.026692264546208284,65.0
1709679660000.0,1198993,1709679660000.0,0.18040418253728993,-0.004530176,2536.336256275685,2536.716838238007,-7.9,2.8672,15.9,2.8443640275269253,long_nclose,45.225388037678115,0.01783099063689857,8.0
1709680260000.0,1199003,1709680260000.0,0.12103065410729576,-0.003039232,2536.4542476977927,2536.7122090060075,-5.3,2.8672,10.6,2.8443640275269253,long_nclose,30.150258691785407,0.011886774113568666,10.0
1709680980000.0,1199015,1709680980000.0,0.25671065410729493,-0.003066368,2536.7078919839,2536.9619526380075,-5.3,2.8928,5.3,2.8443640275269253,long_nclose,15.075129345892703,0.005942792780174148,12.0
1709681100000.0,1199017,1709681100000.0,0.12593352842999375,-0.001504256,2536.83232125633,2536.9620183820075,-2.6,2.8928,2.7,2.8443640275269253,long_nclose,7.679782874322699,0.0030273119787906973,2.0
1709681160000.0,1199018,1709681160000.0,0.06296676421499688,-0.000752128,2536.8945358925453,2536.9630462540076,-1.3,2.8928,1.4,2.8443640275269253,long_nclose,3.982109638537695,0.0015696788266906356,1.0
1709681580000.0,1199025,1709681580000.0,0.03390518073115216,-0.00040499199999999996,2536.9280360812763,2536.9617312620076,-0.7,2.8928,0.7,2.8443640275269253,long_nclose,1.9910548192688475,0.0007848290495241543,7.0
1709681640000.0,1199026,1709681640000.0,0.014530791741922355,-0.000173568,2536.9423933050184,2536.9633276940076,-0.3,2.8928,0.4,2.8443640275269253,long_nclose,1.1377456110107702,0.0004484712045544576,1.0
1709682540000.0,1199041,1709682540000.0,0.029614388989229926,-0.00023347200000000006,2536.9717742220073,2536.9717742220073,-0.4,2.9184,0.0,2.8443640275269253,long_nclose,0.0,0.0,15.0
1709737620000.0,1199959,1709737620000.0,0.0,-0.020268216,2536.951506006007,2537.191626006007,34.8,2.9121,34.8,2.9121,long_ientry_normal,101.34107999999999,0.039946005968219726,918.0
1709737740000.0,1199961,1709737740000.0,0.271440000000001,-0.0068103600000000005,2537.216135646007,2537.494535646007,-11.6,2.9355,23.2,2.9121,long_nclose,67.56072,0.02662789308755448,2.0
1709737800000.0,1199962,1709737800000.0,0.18018000000000067,-0.004520670000000001,2537.3917949760066,2537.7854949760067,-7.7,2.9355,15.5,2.9121,long_nclose,45.137550000000005,0.017788955607632845,1.0
1709738580000.0,1199975,1709738580000.0,0.381919999999999,-0.004561018,2537.7691539580064,2538.1552539580066,-7.7,2.9617,7.8,2.9121,long_nclose,22.714380000000002,0.008950530415492578,13.0
1709738640000.0,1199976,1709738640000.0,0.19343999999999947,-0.002310126,2537.9602838320066,2538.1424138320067,-3.9,2.9617,3.9,2.9121,long_nclose,11.357190000000001,0.004474928182426893,1.0
1709738760000.0,1199978,1709738760000.0,0.09423999999999974,-0.001125446,2538.0533983860064,2538.1569983860063,-1.9,2.9617,2.0,2.9121,long_nclose,5.8242,0.0022947507738425494,2.0
1709738880000.0,1199980,1709738880000.0,0.049599999999999866,-0.00059234,2538.1024060460063,2538.1492060460064,-1.0,2.9617,1.0,2.9121,long_nclose,2.9121,0.0011473532325027922,2.0
1709739000000.0,1199982,1709739000000.0,0.024799999999999933,-0.00029617,2538.1269098760063,2538.1570598760063,-0.5,2.9617,0.5,2.9121,long_nclose,1.45605,0.0005736710778071896,2.0
1709740800000.0,1200012,1709740800000.0,0.03789999999999982,-0.00029879,2538.164511086006,2538.164511086006,-0.5,2.9879,0.0,2.9121,long_nclose,0.0,0.0,30.0
1709911920000.0,1202864,1709911920000.0,0.0,-0.020285286,2538.1442258000056,2537.2392158000057,31.1,3.2613,31.1,3.2613,long_ientry_normal,101.42643,0.03996086154955638,2852.0
1709912100000.0,1202867,1709912100000.0,0.2698600000000023,-0.006772250000000001,2538.4073135500057,2539.002193550006,-10.3,3.2875,20.8,3.2613,long_nclose,67.83504,0.026723465394185124,3.0
1709912280000.0,1202870,1709912280000.0,0.0,-0.006717042000000001,2538.4005965080055,2537.9527165080053,10.3,3.2607,31.1,3.2611012861736333,long_ientry_partial,101.42025,0.039954391020676765,3.0
1709912460000.0,1202873,1709912460000.0,0.26984675241157857,-0.006771838000000001,2538.663671422417,2539.0442846700053,-10.3,3.2873,20.8,3.2611012861736333,long_nclose,67.83090675241158,0.02671913870119149,3.0
1709912520000.0,1202874,1709912520000.0,0.18077112540193127,-0.004536474,2538.839906073819,2539.236038196005,-6.9,3.2873,13.9,3.2611012861736333,long_nclose,45.329307877813505,0.017854338814105405,1.0
1709912760000.0,1202878,1709912760000.0,0.1205140836012875,-0.003024316,2538.9573958414203,2539.3386838800056,-4.6,3.2873,9.3,3.2611012861736333,long_nclose,30.328241961414793,0.011945155917578481,4.0
1709912880000.0,1202880,1709912880000.0,0.25529408360128797,-0.003051272,2539.2096386530216,2539.4958626080056,-4.6,3.3166,4.7,3.2611012861736333,long_nclose,15.327176045016078,0.006036199536934141,2.0
1709913420000.0,1202889,1709913420000.0,0.03929807073955027,-0.00098619,2539.2479505337615,2539.342026418006,-1.5,3.2873,3.2,3.2611012861736333,long_nclose,10.435524115755626,0.004109690868732229,9.0
1709913600000.0,1202892,1709913600000.0,0.02619871382636685,-0.00065746,2539.273491787588,2539.365448958006,-1.0,3.2873,2.2,3.2611012861736333,long_nclose,7.174422829581994,0.0028253840528738683,3.0
1709913720000.0,1202894,1709913720000.0,0.0,-0.01889814,2539.2545936475876,2538.7273908180055,29.0,3.2583,31.2,3.2584975265891667,long_ientry_partial,101.665122829582,0.04003738856431175,2.0
1709914740000.0,1202911,1709914740000.0,0.27146572347266834,-0.006831968000000001,2539.5192274030605,2540.1037588500058,-10.4,3.2846,20.8,3.2584975265891667,long_nclose,67.77674855305467,0.026688810945670178,17.0
1709914860000.0,1202913,1709914860000.0,0.18010706653475111,-0.004532748000000001,2539.694801721595,2540.1604861020055,-6.9,3.2846,13.9,3.2584975265891667,long_nclose,45.293115619589415,0.01783407816911164,2.0
1709915160000.0,1202918,1709915160000.0,0.12007137768983406,-0.003021832,2539.811851267285,2540.0620442700056,-4.6,3.2846,9.3,3.2584975265891667,long_nclose,30.30402699727925,0.011931603115466411,5.0
1709915340000.0,1202921,1709915340000.0,0.08091766757358383,-0.0020364520000000002,2539.8907324828583,2539.9911878180055,-3.1,3.2846,6.2,3.2584975265891667,long_nclose,20.202684664852836,0.007954155037647542,3.0
1709915400000.0,1202922,1709915400000.0,0.052204946821666987,-0.0013138400000000001,2539.94162358968,2540.0638539780057,-2.0,3.2846,4.2,3.2584975265891667,long_nclose,13.685689611674501,0.0053881906121655745,1.0
1709915700000.0,1202927,1709915700000.0,0.03654346277516689,-0.0009196880000000001,2539.9772473644553,2540.0567742900057,-1.4,3.2846,2.8,3.2584975265891667,long_nclose,9.123793074449667,0.0035920766943549377,5.0
1709916000000.0,1202932,1709916000000.0,0.07770346277516671,-0.0009279199999999999,2540.054022907231,2540.129346370006,-1.4,3.314,1.4,3.2584975265891667,long_nclose,4.5618965372248335,0.0017959840602143938,5.0
1709916060000.0,1202933,1709916060000.0,0.038851731387583355,-0.00046395999999999997,2540.0924106786183,2540.131682410006,-0.7,3.314,0.7,3.2584975265891667,long_nclose,2.2809482686124167,0.000897978458981747,1.0
1709916600000.0,1202942,1709916600000.0,0.059361731387583425,-0.00046806200000000005,2540.151304348006,2540.151304348006,-0.7,3.3433,0.0,3.2584975265891667,long_nclose,0.0,0.0,9.0
1710078900000.0,1205647,1710078900000.0,0.0,-0.020337984,2540.130966364006,2540.3084463640057,30.6,3.3232,30.6,3.3232,long_ientry_normal,101.68992,0.040033337393449824,2705.0
1710084600000.0,1205742,1710084600000.0,0.2723399999999994,-0.006833796,2540.3964725680057,2540.8799525680056,-10.2,3.3499,20.4,3.3232,long_nclose,67.79328,0.026686102241147397,95.0
1710087240000.0,1205786,1710087240000.0,0.18155999999999964,-0.004555864,2540.5734767040058,2540.973316704006,-6.8,3.3499,13.6,3.3232,long_nclose,45.195519999999995,0.01778949533025672,44.0
1710088200000.0,1205802,1710088200000.0,0.3848799999999999,-0.004596528,2540.9537601760057,2541.351560176006,-6.8,3.3798,6.8,3.3232,long_nclose,22.597759999999997,0.008893416462027513,16.0
1710088740000.0,1205811,1710088740000.0,0.19243999999999994,-0.002298264,2541.1439019120057,2541.344161912006,-3.4,3.3798,3.4,3.3232,long_nclose,11.298879999999999,0.004446375504944251,9.0
1710088920000.0,1205814,1710088920000.0,0.09621999999999997,-0.001149132,2541.2389727800055,2541.3416527800055,-1.7,3.3798,1.7,3.3232,long_nclose,5.649439999999999,0.002223104580290517,3.0
1710089400000.0,1205822,1710089400000.0,0.04527999999999999,-0.0005407680000000001,2541.2837120120053,2541.3347420120053,-0.8,3.3798,0.9,3.3232,long_nclose,2.99088,0.0011769169990201672,8.0
1710089760000.0,1205828,1710089760000.0,0.022639999999999993,-0.00027038400000000003,2541.3060816280054,2541.3368316280053,-0.4,3.3798,0.5,3.3232,long_nclose,1.6616,0.000653837021841757,6.0
1710090120000.0,1205834,1710090120000.0,0.011319999999999997,-0.00013519200000000002,2541.3172664360054,2541.3347264360054,-0.2,3.3798,0.3,3.3232,long_nclose,0.99696,0.0003923004865103509,6.0
1710090360000.0,1205838,1710090360000.0,0.005659999999999998,-6.759600000000001e-05,2541.322858840005,2541.334778840005,-0.1,3.3798,0.2,3.3232,long_nclose,0.66464,0.00026153308214579905,4.0
1710091200000.0,1205852,1710091200000.0,0.005659999999999998,-6.759600000000001e-05,2541.328451244005,2541.334151244005,-0.1,3.3798,0.1,3.3232,long_nclose,0.33232,0.00013076625331028192,14.0
1710095700000.0,1205927,1710095700000.0,0.005659999999999998,-6.759600000000001e-05,2541.334043648005,2541.334043648005,-0.1,3.3798,0.0,3.3232,long_nclose,0.0,0.0,75.0
1710118320000.0,1206304,1710118320000.0,0.0,-0.020302128,2541.313741520005,2540.4359415200047,30.8,3.2958,30.8,3.2958,long_ientry_normal,101.51064,0.03994415893697748,377.0
1710118440000.0,1206306,1710118440000.0,0.269280000000002,-0.006777288,2541.5762442320047,2542.1571642320046,-10.2,3.3222,20.6,3.2958,long_nclose,67.89348,0.026713139200164174,2.0
1710118740000.0,1206311,1710118740000.0,0.5778300000000027,-0.006904914000000002,2542.1471693180047,2542.711609318005,-10.3,3.3519,10.3,3.2958,long_nclose,33.94674,0.013353569930849862,5.0
1710118800000.0,1206312,1710118800000.0,0.2861100000000013,-0.0034189380000000003,2542.429860380005,2542.629540380005,-5.1,3.3519,5.2,3.2958,long_nclose,17.13816,0.0067408585255675215,1.0
1710119160000.0,1206318,1710119160000.0,0.14586000000000068,-0.0017429880000000002,2542.573977392005,2542.728157392005,-2.6,3.3519,2.6,3.2958,long_nclose,8.56908,0.003370238221658181,6.0
1710120600000.0,1206342,1710120600000.0,0.07293000000000034,-0.0008714940000000001,2542.646035898005,2542.7201358980046,-1.3,3.3519,1.3,3.2958,long_nclose,4.28454,0.0016850713546082703,24.0
1710120780000.0,1206345,1710120780000.0,0.033660000000000155,-0.000402228,2542.679293670005,2542.708483670005,-0.6,3.3519,0.7,3.2958,long_nclose,2.30706,0.0009073342461015124,3.0
1710120900000.0,1206347,1710120900000.0,0.016830000000000078,-0.000201114,2542.695922556005,2542.716842556005,-0.3,3.3519,0.4,3.2958,long_nclose,1.31832,0.0005184733212907265,2.0
1710121260000.0,1206353,1710121260000.0,0.0026400000000000204,-6.6444e-05,2542.698496112005,2542.709266112005,-0.1,3.3222,0.3,3.2958,long_nclose,0.98874,0.0003888545973940145,6.0
1710121560000.0,1206358,1710121560000.0,0.0026400000000000204,-6.6444e-05,2542.7010696680054,2542.7063896680056,-0.1,3.3222,0.2,3.2958,long_nclose,0.65916,0.0002592361358805205,5.0
1710121740000.0,1206361,1710121740000.0,0.005610000000000026,-6.703800000000002e-05,2542.7066126300056,2542.7135226300056,-0.1,3.3519,0.1,3.2958,long_nclose,0.32958,0.0001296177853799281,3.0
1710123000000.0,1206382,1710123000000.0,0.008580000000000032,-6.7632e-05,2542.7151249980056,2542.7151249980056,-0.1,3.3816,0.0,3.2958,long_nclose,0.0,0.0,21.0
1710230940000.0,1208181,1710230940000.0,0.0,-0.020365248,2542.6947597500057,2542.8027997500058,29.2,3.4872,29.2,3.4872,long_ientry_normal,101.82624,0.040046584282106834,1799.0
1710249360000.0,1208488,1710249360000.0,0.27160000000000023,-0.006819488,2542.9595402620057,2543.458740262006,-9.7,3.5152,19.5,3.4872,long_nclose,68.0004,0.02674065352726524,307.0
1710250320000.0,1208504,1710250320000.0,0.18200000000000016,-0.00456976,2543.1369705020056,2543.4060705020056,-6.5,3.5152,13.0,3.4872,long_nclose,45.333600000000004,0.017825858585607885,16.0
1710250380000.0,1208505,1710250380000.0,0.1204000000000001,-0.003023072,2543.2543474300055,2543.5301374300057,-4.3,3.5152,8.7,3.4872,long_nclose,30.338639999999998,0.011929062474878937,1.0
1710250500000.0,1208507,1710250500000.0,0.08120000000000006,-0.002038816,2543.3335086140055,2543.4408086140056,-2.9,3.5152,5.8,3.4872,long_nclose,20.22576,0.007952460788763039,2.0
1710250560000.0,1208508,1710250560000.0,0.053200000000000046,-0.0013357759999999999,2543.3853728380054,2543.4930128380056,-1.9,3.5152,3.9,3.4872,long_nclose,13.60008,0.005347235281464451,1.0
1710250620000.0,1208509,1710250620000.0,0.036400000000000036,-0.0009139520000000001,2543.4208588860056,2543.4918388860056,-1.3,3.5152,2.6,3.4872,long_nclose,9.06672,0.0035647737842219073,1.0
1710250680000.0,1208510,1710250680000.0,0.02240000000000002,-0.0005624320000000001,2543.4426964540053,2543.4943564540054,-0.8,3.5152,1.8,3.4872,long_nclose,6.27696,0.0024678991230080226,1.0
1710251400000.0,1208522,1710251400000.0,0.016800000000000013,-0.000421824,2543.459074630005,2543.4937546300052,-0.6,3.5152,1.2,3.4872,long_nclose,4.18464,0.0016452554875917302,12.0
1710251520000.0,1208524,1710251520000.0,0.01120000000000001,-0.00028121600000000004,2543.469993414005,2543.489753414005,-0.4,3.5152,0.8,3.4872,long_nclose,2.7897600000000002,0.0010968322831500794,2.0
1710252300000.0,1208537,1710252300000.0,0.005600000000000005,-0.00014060800000000002,2543.475452806005,2543.496152806005,-0.2,3.5152,0.6,3.4872,long_nclose,2.09232,0.0008226224466572766,13.0
1710256260000.0,1208603,1710256260000.0,0.005600000000000005,-0.00014060800000000002,2543.4809121980047,2543.4973921980045,-0.2,3.5152,0.4,3.4872,long_nclose,1.3948800000000001,0.0005484137873063824,66.0
1710256500000.0,1208607,1710256500000.0,0.0028000000000000026,-7.030400000000001e-05,2543.483641894005,2543.491501894005,-0.1,3.5152,0.3,3.4872,long_nclose,1.04616,0.0004113098990567822,4.0
1710256560000.0,1208608,1710256560000.0,0.0028000000000000026,-7.030400000000001e-05,2543.486371590005,2543.490951590005,-0.1,3.5152,0.2,3.4872,long_nclose,0.6974400000000001,0.0002742063050898168,1.0
1710256800000.0,1208612,1710256800000.0,0.0028000000000000026,-7.030400000000001e-05,2543.4891012860053,2543.4921012860054,-0.1,3.5152,0.1,3.4872,long_nclose,0.34872000000000003,0.00013710300540453854,4.0
1710257340000.0,1208621,1710257340000.0,0.005940000000000012,-7.0932e-05,2543.494970354005,2543.494970354005,-0.1,3.5466,0.0,3.4872,long_nclose,0.0,0.0,9.0
1710264000000.0,1208732,1710264000000.0,0.0,-0.020334924,2543.474635430005,2543.131935430005,29.8,3.4119,29.8,3.4119,long_ientry_normal,101.67462,0.039974693902465705,111.0
1710264780000.0,1208745,1710264780000.0,0.2712599999999965,-0.006809814,2543.739085616005,2544.379865616005,-9.9,3.4393,19.9,3.4119,long_nclose,67.89681,0.02669173516416593,13.0
1710265080000.0,1208750,1710265080000.0,0.5751900000000004,-0.006870600000000001,2544.307405016005,2544.953405016005,-9.9,3.47,10.0,3.4119,long_nclose,34.119,0.013409936210041168,5.0
1710265380000.0,1208755,1710265380000.0,0.8879999999999999,-0.007001400000000001,2545.188403616005,2545.188403616005,-10.0,3.5007,0.0,3.4119,long_nclose,0.0,0.0,5.0
1710302640000.0,1209376,1710302640000.0,0.0,-0.020351268,2545.168052348005,2546.367572348005,29.4,3.4611,29.4,3.4611,long_ientry_normal,101.75634,0.03998020480656524,621.0
1710303420000.0,1209389,1710303420000.0,0.27244000000000046,-0.006838244,2545.433654104005,2546.139254104005,-9.8,3.4889,19.6,3.4611,long_nclose,67.83756000000001,0.026650688730631596,13.0
1710305340000.0,1209421,1710305340000.0,0.5772199999999996,-0.006899200000000001,2546.003974904005,2546.5704149040052,-9.8,3.52,9.8,3.4611,long_nclose,33.918780000000005,0.013322359404909759,32.0
1710305400000.0,1209422,1710305400000.0,0.2886099999999998,-0.0034496000000000006,2546.2891353040054,2546.5777453040055,-4.9,3.52,4.9,3.4611,long_nclose,16.959390000000003,0.0066604337130689575,1.0
1710305460000.0,1209423,1710305460000.0,0.14135999999999987,-0.0016896,2546.4288057040053,2546.5880557040055,-2.4,3.52,2.5,3.4611,long_nclose,8.652750000000001,0.0033979940772810237,1.0
1710306420000.0,1209439,1710306420000.0,0.07067999999999994,-0.0008448,2546.4986409040052,2546.5806709040053,-1.2,3.52,1.3,3.4611,long_nclose,4.49943,0.0017669084631447931,16.0
1710306780000.0,1209445,1710306780000.0,0.03533999999999997,-0.0004224,2546.533558504005,2546.5740185040054,-0.6,3.52,0.7,3.4611,long_nclose,2.42277,0.0009513992037958015,6.0
1710306840000.0,1209446,1710306840000.0,0.017669999999999984,-0.0002112,2546.551017304005,2546.575417304005,-0.3,3.52,0.4,3.4611,long_nclose,1.3844400000000001,0.0005436529606485896,1.0
1710307200000.0,1209452,1710307200000.0,0.011779999999999992,-0.00014080000000000003,2546.562656504005,2546.5748165040054,-0.2,3.52,0.2,3.4611,long_nclose,0.6922200000000001,0.00027182523792691586,6.0
1710307440000.0,1209456,1710307440000.0,0.005889999999999996,-7.040000000000002e-05,2546.568476104005,2546.5742461040054,-0.1,3.52,0.1,3.4611,long_nclose,0.34611000000000003,0.00013591230836624258,4.0
1710307500000.0,1209457,1710307500000.0,0.005889999999999996,-7.040000000000002e-05,2546.574295704005,2546.574295704005,-0.1,3.52,0.0,3.4611,long_nclose,0.0,0.0,1.0
1710338220000.0,1209969,1710338220000.0,0.0,-0.020389664000000002,2546.553906040005,2546.7078260400053,29.6,3.4442,29.6,3.4442,long_ientry_normal,101.94832000000001,0.04003383543470077,512.0
1710338340000.0,1209971,1710338340000.0,0.2704800000000007,-0.006804728,2546.817581312005,2547.4709813120053,-9.8,3.4718,19.8,3.4442,long_nclose,68.19516,0.026776617414769433,2.0
1710338460000.0,1209973,1710338460000.0,0.5801400000000021,-0.006935544,2547.390785768005,2548.011515768005,-9.9,3.5028,9.9,3.4442,long_nclose,34.09758,0.01338529611966074,2.0
1710339840000.0,1209996,1710339840000.0,0.09108000000000022,-0.002291388,2547.4795743800055,2547.6663543800055,-3.3,3.4718,6.6,3.4442,long_nclose,22.73172,0.008923219730047236,23.0
1710340020000.0,1209999,1710340020000.0,0.0,-0.01581618,2547.4637582000055,2547.2827382000055,23.0,3.4383,29.6,3.43961554054054,long_ientry_partial,101.81262,0.039966268282434395,3.0
1710367200000.0,1210452,1710367200000.0,0.2703277027027067,-0.006795712000000001,2547.727290190708,2548.3150424880055,-9.8,3.4672,19.8,3.43961554054054,long_nclose,68.1043877027027,0.026731427639417715,453.0
1710368340000.0,1210471,1710368340000.0,0.1820574324324351,-0.004576704,2547.9047709191404,2548.2636057840054,-6.6,3.4672,13.2,3.43961554054054,long_nclose,45.40292513513513,0.01781971039630194,19.0
1710368400000.0,1210472,1710368400000.0,0.12137162162162342,-0.0030511360000000003,2548.023091404762,2548.2359146480053,-4.4,3.4672,8.8,3.43961554054054,long_nclose,30.268616756756757,0.011879255277890449,1.0
1710368460000.0,1210473,1710368460000.0,0.07999493243243361,-0.0020109760000000003,2548.1010753611945,2548.2697236720055,-2.9,3.4672,5.9,3.43961554054054,long_nclose,20.293731689189187,0.007964256946248704,1.0
1710368580000.0,1210475,1710368580000.0,0.05241047297297374,-0.001317536,2548.1521682981675,2548.2721061360053,-1.9,3.4672,4.0,3.43961554054054,long_nclose,13.75846216216216,0.005399387969577584,2.0
1710368940000.0,1210481,1710368940000.0,0.035859797297297824,-0.0009014720000000001,2548.187126623465,2548.2594446640055,-1.3,3.4672,2.7,3.43961554054054,long_nclose,9.28696195945946,0.0036445368797406045,6.0
1710369060000.0,1210483,1710369060000.0,0.024826013513513878,-0.0006240960000000001,2548.2113285409782,2548.2611605680054,-0.9,3.4672,1.8,3.43961554054054,long_nclose,6.1913079729729725,0.002429668176900348,2.0
1710369180000.0,1210485,1710369180000.0,0.01655067567567592,-0.000416064,2548.227463152654,2548.260804504005,-0.6,3.4672,1.2,3.43961554054054,long_nclose,4.127538648648648,0.0016197685286469987,2.0
1710369300000.0,1210487,1710369300000.0,0.011033783783783946,-0.000277376,2548.2382195604373,2548.265167128005,-0.4,3.4672,0.8,3.43961554054054,long_nclose,2.7516924324324323,0.0010798411276113308,2.0
1710371220000.0,1210519,1710371220000.0,0.005516891891891973,-0.000138688,2548.2435977643295,2548.2602684400053,-0.2,3.4672,0.6,3.43961554054054,long_nclose,2.063769324324324,0.0008098791364118199,32.0
1710372300000.0,1210537,1710372300000.0,0.005516891891891973,-0.000138688,2548.2489759682217,2548.2595697520055,-0.2,3.4672,0.4,3.43961554054054,long_nclose,1.3758462162162162,0.000539918284748238,18.0
1710372360000.0,1210538,1710372360000.0,0.0027584459459459865,-6.9344e-05,2548.2516650701673,2548.259910408005,-0.1,3.4672,0.3,3.43961554054054,long_nclose,1.031884662162162,0.0004049382862401656,1.0
1710372420000.0,1210539,1710372420000.0,0.0027584459459459865,-6.9344e-05,2548.254354172113,2548.2603710640046,-0.1,3.4672,0.2,3.43961554054054,long_nclose,0.6879231081081081,0.0002699585726133698,1.0
1710372900000.0,1210547,1710372900000.0,0.0027584459459459865,-6.9344e-05,2548.2570432740586,2548.2604217200046,-0.1,3.4672,0.1,3.43961554054054,long_nclose,0.34396155405405404,0.00013497914386694854,8.0
1710373680000.0,1210560,1710373680000.0,0.0027584459459459865,-6.9344e-05,2548.259732376004,2548.259732376004,-0.1,3.4672,0.0,3.43961554054054,long_nclose,0.0,0.0,13.0
1710423540000.0,1211391,1710423540000.0,0.0,-0.020417772,2548.239314604004,2548.142904604004,31.1,3.2826,31.1,3.2826,long_ientry_normal,102.08886,0.0400625088134097,831.0
1710425820000.0,1211429,1710425820000.0,0.2708899999999999,-0.006816334000000001,2548.5033882700036,2548.9318682700036,-10.3,3.3089,20.8,3.2826,long_nclose,68.27808,0.026791441719977112,38.0
1710425940000.0,1211431,1710425940000.0,0.18146999999999994,-0.0045662820000000005,2548.680291988004,2549.0917319880036,-6.9,3.3089,13.9,3.2826,long_nclose,45.62814,0.017902653441248004,2.0
1710426660000.0,1211443,1710426660000.0,0.12097999999999995,-0.0030441879999999998,2548.798227800004,2549.0177078000042,-4.6,3.3089,9.3,3.2826,long_nclose,30.528180000000003,0.011977480079445288,12.0
1710426720000.0,1211444,1710426720000.0,0.08152999999999998,-0.002051518,2548.877706282004,2549.040146282004,-3.1,3.3089,6.2,3.2826,long_nclose,20.35212,0.007984737733724864,1.0
1710426780000.0,1211445,1710426780000.0,0.05259999999999998,-0.00132356,2548.928982722004,2548.993242722004,-2.0,3.3089,4.2,3.2826,long_nclose,13.78692,0.005408907071736825,1.0
1710427620000.0,1211459,1710427620000.0,0.036819999999999985,-0.000926492,2548.964876230004,2549.025076230004,-1.4,3.3089,2.8,3.2826,long_nclose,9.191279999999999,0.0036058872704413957,14.0
1710427680000.0,1211460,1710427680000.0,0.023669999999999993,-0.000595602,2548.987950628004,2549.027280628004,-0.9,3.3089,1.9,3.2826,long_nclose,6.23694,0.0024468299265453103,1.0
1710427920000.0,1211464,1710427920000.0,0.015779999999999992,-0.000397068,2549.003333560004,2549.029333560004,-0.6,3.3089,1.3,3.2826,long_nclose,4.26738,0.0016741366885699856,4.0
1710427980000.0,1211465,1710427980000.0,0.010519999999999996,-0.000264712,2549.013588848004,2549.038518848004,-0.4,3.3089,0.9,3.2826,long_nclose,2.95434,0.001159013044467597,1.0
1710428280000.0,1211470,1710428280000.0,0.007889999999999996,-0.000198534,2549.021280314004,2549.042520314004,-0.3,3.3089,0.6,3.2826,long_nclose,1.96956,0.0007726730314928472,5.0
1710429060000.0,1211483,1710429060000.0,0.005259999999999998,-0.000132356,2549.026407958004,2549.037127958004,-0.2,3.3089,0.4,3.2826,long_nclose,1.31304,0.0005151143181179756,13.0
1710430020000.0,1211499,1710430020000.0,0.0,-0.020122698,2549.006285260004,2549.026985260004,30.9,3.2561,31.3,3.2564386581469646,long_ientry_partial,101.92653,0.039986770762161256,16.0
1710434160000.0,1211568,1710434160000.0,0.27207795527156725,-0.006827808,2549.2715354072757,2549.851747452004,-10.4,3.2826,20.9,3.2564386581469646,long_nclose,68.05956795527156,0.0266976534315707,69.0
1710434280000.0,1211570,1710434280000.0,0.18051325878594368,-0.004529988,2549.447518678062,2549.8613774640044,-6.9,3.2826,14.0,3.2564386581469646,long_nclose,45.5901412140575,0.017882361131205744,2.0
1710434700000.0,1211577,1710434700000.0,0.12034217252396244,-0.003019992,2549.5648408585857,2549.8991174720045,-4.6,3.2826,9.4,3.2564386581469646,long_nclose,30.61052338658147,0.01200617567987529,7.0
1710435000000.0,1211582,1710435000000.0,0.2606683067092665,-0.0031131860000000004,2549.822395979295,2550.061914286004,-4.7,3.3119,4.7,3.2564386581469646,long_nclose,15.305261693290735,0.006002481473778308,5.0
1710435420000.0,1211589,1710435420000.0,0.12756108626198145,-0.001523474,2549.948433591557,2550.0767408120046,-2.3,3.3119,2.4,3.2564386581469646,long_nclose,7.8154527795527144,0.003064945422658915,7.0
1710435480000.0,1211590,1710435480000.0,0.06655361022364249,-0.000794856,2550.014192345781,2550.0842259560045,-1.2,3.3119,1.2,3.2564386581469646,long_nclose,3.9077263897763572,0.0015324331925312168,1.0
1710436980000.0,1211615,1710436980000.0,0.010464536741214127,-0.000262608,2550.0243942745224,2550.041883348005,-0.4,3.2826,0.8,3.2564386581469646,long_nclose,2.605150926517572,0.0010216180411320077,25.0
1710437520000.0,1211624,1710437520000.0,0.005232268370607063,-0.000131304,2550.0294952388927,2550.0437520440046,-0.2,3.2826,0.6,3.2564386581469646,long_nclose,1.9538631948881786,0.0007662119981499023,9.0
1710437640000.0,1211626,1710437640000.0,0.005232268370607063,-0.000131304,2550.034596203263,2550.045020740004,-0.2,3.2826,0.4,3.2564386581469646,long_nclose,1.302575463258786,0.0005108069769712873,2.0
1710437700000.0,1211627,1710437700000.0,0.0026161341853035316,-6.5652e-05,2550.037146685448,2550.046405088004,-0.1,3.2826,0.3,3.2564386581469646,long_nclose,0.9769315974440893,0.00038310484955637224,1.0
1710438660000.0,1211643,1710438660000.0,0.0026161341853035316,-6.5652e-05,2550.039697167633,2550.0442294360037,-0.1,3.2826,0.2,3.2564386581469646,long_nclose,0.651287731629393,0.0002554029775900304,16.0
1710438720000.0,1211644,1710438720000.0,0.0026161341853035316,-6.5652e-05,2550.0422476498184,2550.044583784004,-0.1,3.2826,0.1,3.2564386581469646,long_nclose,0.3256438658146965,0.00012770136107149516,1.0
1710438900000.0,1211647,1710438900000.0,0.0026161341853035316,-6.5652e-05,2550.0447981320035,2550.0447981320035,-0.1,3.2826,0.0,3.2564386581469646,long_nclose,0.0,0.0,3.0
1710442200000.0,1211702,1710442200000.0,0.0,-0.02037676,2550.0244213720034,2550.0466113720036,31.7,3.214,31.7,3.214,long_ientry_normal,101.8838,0.039954048732279555,55.0
1710443280000.0,1211720,1710443280000.0,0.27089999999999814,-0.00680358,2550.2885177920034,2550.7803577920035,-10.5,3.2398,21.2,3.214,long_nclose,68.1368,0.026717290818135227,18.0
1710443880000.0,1211730,1710443880000.0,0.18059999999999876,-0.00453572,2550.4645820720034,2550.7826620720034,-7.0,3.2398,14.2,3.214,long_nclose,45.638799999999996,0.017894308480427095,10.0
1710444060000.0,1211733,1710444060000.0,0.0,-0.011284064000000003,2550.4532980080035,2550.2972780080036,17.6,3.2057,31.8,3.209406289308176,long_ientry_partial,102.05912000000001,0.04001607089991096,3.0
1710446580000.0,1211775,1710446580000.0,0.2723533333333346,-0.006858412,2550.718792929337,2551.2041395960036,-10.6,3.2351,21.2,3.209406289308176,long_nclose,68.03941333333333,0.02667460384968365,42.0
1710446700000.0,1211777,1710446700000.0,0.17985597484276816,-0.004529140000000001,2550.8941197641793,2551.3626304560034,-7.0,3.2351,14.2,3.209406289308176,long_nclose,45.5735693081761,0.017865723612389372,2.0
1710447360000.0,1211788,1710447360000.0,0.38832534591194995,-0.004635022,2551.2778100880914,2551.6980854340036,-7.1,3.2641,7.1,3.209406289308176,long_nclose,22.78678465408805,0.008931518380313612,11.0
1710447660000.0,1211793,1710447660000.0,0.19142798742138378,-0.00228487,2551.4669532055127,2551.6526905640035,-3.5,3.2641,3.6,3.209406289308176,long_nclose,11.553862641509435,0.004528321492462931,5.0
1710447720000.0,1211794,1710447720000.0,0.0984486792452831,-0.001175076,2551.564226808758,2551.6635754880035,-1.8,3.2641,1.8,3.209406289308176,long_nclose,5.776931320754717,0.00226407442934718,1.0
1710447840000.0,1211796,1710447840000.0,0.04922433962264155,-0.000587538,2551.6128636103804,2551.661727950003,-0.9,3.2641,0.9,3.209406289308176,long_nclose,2.8884656603773586,0.0011320156366864962,2.0
1710447900000.0,1211797,1710447900000.0,0.021877484276729576,-0.00026112800000000007,2551.634479966657,2551.663326822003,-0.4,3.2641,0.5,3.209406289308176,long_nclose,1.604703144654088,0.0006288922481855854,1.0
1710448560000.0,1211808,1710448560000.0,0.04179685534591204,-0.00032930000000000004,2551.6759475220033,2551.6759475220033,-0.5,3.293,0.0,3.209406289308176,long_nclose,0.0,0.0,11.0
1710469680000.0,1212160,1710469680000.0,0.0,-0.020383462,2551.655564060003,2551.990514060003,31.9,3.1949,31.9,3.1949,long_ientry_normal,101.91731,0.03994164080587617,352.0
1710470820000.0,1212179,1710470820000.0,0.0,-0.02042128,2551.635142780003,2550.3165327800034,32.8,3.113,64.7,3.1533803709428128,long_rentry,204.02371,0.07995802635705841,19.0
1710473100000.0,1212217,1710473100000.0,0.0,-0.020475840000000002,2551.614666940003,2544.9284569400033,33.6,3.047,98.3,3.117018413021363,long_rentry,306.40290999999996,0.12008196769281405,38.0
1710473280000.0,1212220,1710473280000.0,0.0,-0.0304623,2551.584204640003,2540.739934640003,51.0,2.9865,149.3,3.0724340924313456,long_rentry,458.71440999999993,0.1797763166764543,3.0
1710474000000.0,1212232,1710474000000.0,1.2258956061621342,-0.03078517400000001,2552.7793150721654,2554.9372394660036,-49.7,3.0971,99.6,3.0724340924313456,long_nclose,306.014435606162,0.11987500595895073,12.0
1710474060000.0,1212233,1710474060000.0,0.8189081312793332,-0.020564744000000003,2553.577658459445,2555.062754722004,-33.2,3.0971,66.4,3.0724340924313456,long_nclose,204.00962373744136,0.07989168571459028,1.0
1710474300000.0,1212237,1710474300000.0,0.5451165572672669,-0.013689182000000003,2554.1090858347125,2555.503025540004,-22.1,3.0971,44.3,3.0724340924313456,long_nclose,136.1088302947086,0.05329013981805975,4.0
1710474780000.0,1212245,1710474780000.0,0.36258884125922275,-0.009105474,2554.4625692019717,2555.367320066004,-14.7,3.0971,29.6,3.0724340924313456,long_nclose,90.94404913596783,0.03560202847849098,8.0
1710475200000.0,1212252,1710475200000.0,0.2417258941728152,-0.006070316000000002,2554.6982247801443,2555.3232297500035,-9.8,3.0971,19.8,3.0724340924313456,long_nclose,60.83419503014064,0.0238126736222929,7.0
1710475260000.0,1212253,1710475260000.0,0.0,-0.00813248,2554.6900923001444,2554.785407270004,13.1,3.104,32.9,3.085002888454123,long_ientry_partial,101.49659503014064,0.03972951370346335,1.0
1710476280000.0,1212270,1710476280000.0,0.27028851585005864,-0.0067793639999999995,2554.9536014519945,2555.5937379060038,-10.9,3.1098,22.0,3.085002888454123,long_nclose,67.8700635459907,0.026564108055590428,17.0
1710476340000.0,1212271,1710476340000.0,0.0,-0.0067264560000000004,2554.9468749959947,2555.134371450004,10.8,3.1141,32.8,3.094583644694839,long_ientry_partial,101.50234354599071,0.03972777067865641,1.0
1710484140000.0,1212401,1710484140000.0,0.27049827282625755,-0.006800292,2555.210572976821,2555.646741158004,-10.9,3.1194,21.9,3.094583644694839,long_nclose,67.77138181881696,0.02652281676334146,130.0
1710484200000.0,1212402,1710484200000.0,0.18115939372767706,-0.004554324000000001,2555.387178046549,2555.745116834004,-7.3,3.1194,14.6,3.094583644694839,long_nclose,45.180921212544646,0.01768065583199918,1.0
1710484260000.0,1212403,1710484260000.0,0.11911850546477395,-0.002994624,2555.5033019280136,2555.617142210004,-4.8,3.1194,9.8,3.094583644694839,long_nclose,30.326919718009425,0.011867298193326188,1.0
1710484440000.0,1212406,1710484440000.0,0.07941233697651598,-0.0019964160000000004,2555.58071784899,2555.747805794004,-3.2,3.1194,6.6,3.094583644694839,long_nclose,20.424252054985935,0.007992019939865898,3.0
1710484560000.0,1212408,1710484560000.0,0.05459598167135474,-0.0013725360000000004,2555.6339412946613,2555.750173258004,-2.2,3.1194,4.4,3.094583644694839,long_nclose,13.616168036657292,0.00532790233242851,2.0
1710484680000.0,1212410,1710484680000.0,0.034742897427225736,-0.000873432,2555.6678107600887,2555.753059826004,-1.4,3.1194,3.0,3.094583644694839,long_nclose,9.283750934084516,0.003632612538686477,2.0
1710485700000.0,1212427,1710485700000.0,0.024816355305161242,-0.00062388,2555.6920032353937,2555.738235946004,-1.0,3.1194,2.0,3.094583644694839,long_nclose,6.189167289389678,0.0024217187679714397,17.0
1710485760000.0,1212428,1710485760000.0,0.014889813183096744,-0.000374328,2555.7065187205767,2555.739301618004,-0.6,3.1194,1.4,3.094583644694839,long_nclose,4.332417102572774,0.0016951935094416256,1.0
1710485880000.0,1212430,1710485880000.0,0.009926542122064497,-0.00024955200000000005,2555.716195710699,2555.7399120660043,-0.4,3.1194,1.0,3.094583644694839,long_nclose,3.094583644694839,0.0012108479219596175,2.0
1710485940000.0,1212431,1710485940000.0,0.007444906591548372,-0.000187164,2555.7234534532904,2555.7410349020042,-0.3,3.1194,0.7,3.094583644694839,long_nclose,2.166208551286387,0.0008475911383758711,1.0
1710488160000.0,1212468,1710488160000.0,0.004963271061032249,-0.00012477600000000003,2555.7282919483514,2555.7419501260038,-0.2,3.1194,0.5,3.094583644694839,long_nclose,1.5472918223474195,0.0006054210955139705,37.0
1710488280000.0,1212470,1710488280000.0,0.0024816355305161244,-6.238800000000001e-05,2555.7307111958817,2555.7436377380036,-0.1,3.1194,0.4,3.094583644694839,long_nclose,1.2378334578779357,0.0004843364179392463,2.0
1710488580000.0,1212475,1710488580000.0,0.0024816355305161244,-6.238800000000001e-05,2555.733130443412,2555.7411453500035,-0.1,3.1194,0.3,3.094583644694839,long_nclose,0.9283750934084516,0.000363251969601138,5.0
1710491280000.0,1212520,1710491280000.0,0.0,-0.020249918000000002,2555.712880525412,2555.8691754320034,33.1,3.0589,33.4,3.0592205117786966,long_ientry_partial,102.17796509340846,0.03998022073293397,45.0
1710492720000.0,1212544,1710492720000.0,0.0,-0.020448288,2555.692432237412,2553.1070371440037,34.3,2.9808,67.7,3.019488996948426,long_rentry,204.41940509340844,0.07998591791205759,24.0
1710493740000.0,1212561,1710493740000.0,0.0,-0.020481552000000004,2555.671950685412,2548.9693855920036,35.1,2.9176,102.8,2.984700049546775,long_rentry,306.82716509340844,0.12005733561035473,17.0
1710495480000.0,1212590,1710495480000.0,0.8173783055002994,-0.020578824000000003,2556.4687501669123,2558.6776667680037,-34.2,3.0086,68.6,2.984700049546775,long_nclose,204.75042339890874,0.08009111137601058,29.0
1710496380000.0,1212605,1710496380000.0,1.7424383005456192,-0.020823529999999996,2558.1903649374576,2559.939663238003,-34.3,3.0355,34.3,2.984700049546775,long_nclose,102.37521169945437,0.0400186057701602,15.0
1710496560000.0,1212608,1710496560000.0,0.8686791527501484,-0.010381410000000002,2559.048662680208,2559.8261018280036,-17.1,3.0355,17.2,2.984700049546775,long_nclose,51.336840852204524,0.02006090841525347,3.0
1710496740000.0,1212611,1710496740000.0,0.4368795738977354,-0.00522106,2559.4803211941057,2559.9301007680033,-8.6,3.0355,8.6,2.984700049546775,long_nclose,25.668420426102262,0.010028762563068607,3.0
1710496920000.0,1212614,1710496920000.0,0.2184397869488677,-0.00261053,2559.6961504510546,2559.9657602380034,-4.3,3.0355,4.3,2.984700049546775,long_nclose,12.834210213051131,0.005013958477372231,3.0
1710497400000.0,1212622,1710497400000.0,0.0,-0.017901972,2559.6782484790547,2559.6537782660034,29.7,3.0138,34.0,3.0101197121485623,long_ientry_partial,102.34407021305113,0.03998317768018826,8.0
1710498060000.0,1212633,1710498060000.0,0.27323725272124566,-0.006857518000000001,2559.944628213776,2560.5275707480037,-11.3,3.0343,22.7,3.0101197121485623,long_nclose,68.32971746577236,0.02669187321971492,11.0
1710498240000.0,1212636,1710498240000.0,0.1813521588857825,-0.00455145,2560.121428922662,2560.5512892980037,-7.5,3.0343,15.2,3.0101197121485623,long_nclose,45.75381962465814,0.017871738077639563,3.0
1710498900000.0,1212647,1710498900000.0,0.12090143925718833,-0.0030343,2560.239296061919,2560.4961349980035,-5.0,3.0343,10.2,3.0101197121485623,long_nclose,30.703221063915333,0.011992324745246304,11.0
1710499620000.0,1212659,1710499620000.0,0.08221297869488806,-0.002063324,2560.3194457166137,2560.4723116740033,-3.4,3.0343,6.8,3.0101197121485623,long_nclose,20.468814042610223,0.007994632887257222,12.0
1710499680000.0,1212660,1710499680000.0,0.05319663327316287,-0.0013350920000000002,2560.371307257887,2560.474256582004,-2.2,3.0343,4.6,3.0101197121485623,long_nclose,13.846550675883385,0.0054080244676358285,1.0
1710500700000.0,1212677,1710500700000.0,0.0,-0.01769941,2560.353607847887,2560.2315771720037,29.5,2.9999,34.1,3.0012786121959936,long_ientry_partial,102.34360067588338,0.03997244769714001,17.0
1710502980000.0,1212715,1710502980000.0,0.2725716821852712,-0.006837404000000001,2560.619342126072,2561.080389768003,-11.3,3.0254,22.8,3.0012786121959936,long_nclose,68.42915235806865,0.026723672367971806,38.0
1710503160000.0,1212718,1710503160000.0,0.18332254731044786,-0.004598608,2560.7980660653825,2561.189031160003,-7.6,3.0254,15.2,3.0012786121959936,long_nclose,45.6194349053791,0.01781453817460605,3.0
1710503280000.0,1212720,1710503280000.0,0.1206069390200315,-0.0030254,2560.9156476044027,2561.1657657600035,-5.0,3.0254,10.2,3.0012786121959936,long_nclose,30.61304184439913,0.011953943845450734,2.0
1710503460000.0,1212723,1710503460000.0,0.08201271853362142,-0.0020572719999999997,2560.995603050936,2561.1535084880034,-3.4,3.0254,6.8,3.0012786121959936,long_nclose,20.408694562932755,0.007969047091927726,3.0
1710503520000.0,1212724,1710503520000.0,0.05306705316881386,-0.001331176,2561.047338928105,2561.1707173120035,-2.2,3.0254,4.6,3.0012786121959936,long_nclose,13.80588161610157,0.0053907170735390825,1.0
1710504060000.0,1212733,1710504060000.0,0.03618208170600945,-0.00090762,2561.0826133898113,2561.1589396920035,-1.5,3.0254,3.1,3.0012786121959936,long_nclose,9.30396369780758,0.0036328245130261495,9.0
1710504360000.0,1212738,1710504360000.0,0.0241213878040063,-0.00060508,2561.1061296976154,2561.162034612004,-1.0,3.0254,2.1,3.0012786121959936,long_nclose,6.302685085611587,0.0024609230412313025,5.0
1710504540000.0,1212741,1710504540000.0,0.016884971462804408,-0.00042355599999999995,2561.122591113078,2561.1581810560037,-0.7,3.0254,1.4,3.0012786121959936,long_nclose,4.2017900570743905,0.001640604815893748,3.0
1710504660000.0,1212743,1710504660000.0,0.009648555121602521,-0.00024203200000000004,2561.1319976361997,2561.1577190240037,-0.4,3.0254,1.0,3.0012786121959936,long_nclose,3.0012786121959936,0.0011718562787728347,2.0
1710504840000.0,1212746,1710504840000.0,0.0072364163412018895,-0.000181524,2561.139052528541,2561.1595775000037,-0.3,3.0254,0.7,3.0012786121959936,long_nclose,2.1008950285371952,0.0008202971355510902,3.0
1710505140000.0,1212751,1710505140000.0,0.0048242775608012605,-0.00012101600000000002,2561.1437557901017,2561.1539164840037,-0.2,3.0254,0.5,3.0012786121959936,long_nclose,1.5006393060979968,0.0005859254494033881,5.0
1710505200000.0,1212752,1710505200000.0,0.0024121387804006303,-6.050800000000001e-05,2561.1461074208823,2561.157355976004,-0.1,3.0254,0.4,3.0012786121959936,long_nclose,1.2005114448783976,0.000468739929127797,1.0
1710505980000.0,1212765,1710505980000.0,0.010224277560801288,-0.000122096,2561.156209602443,2561.166853880004,-0.2,3.0524,0.2,3.0012786121959936,long_nclose,0.6002557224391988,0.0002343690401189445,13.0
1710506160000.0,1212768,1710506160000.0,0.005112138780400644,-6.1048e-05,2561.1612606932235,2561.165362832004,-0.1,3.0524,0.1,3.0012786121959936,long_nclose,0.3001278612195994,0.00011718428894960113,3.0
1710506820000.0,1212779,1710506820000.0,0.0024121387804006303,-6.050800000000001e-05,2561.163612324004,2561.163612324004,-0.1,3.0254,0.0,3.0012786121959936,long_nclose,0.0,0.0,11.0
1710593580000.0,1214225,1710593580000.0,0.0,-0.020470064,2561.143142260004,2560.991782260004,34.4,2.9753,34.4,2.9753,long_ientry_normal,102.35032,0.039962748786342345,1446.0
1710609960000.0,1214498,1710609960000.0,0.0,-0.02046694,2561.122675320004,2558.762815320004,35.3,2.899,69.7,2.9366573888091816,long_rentry,204.68501999999995,0.0799200374009516,273.0
1710612660000.0,1214543,1710612660000.0,0.0,-0.020487472000000003,2561.102187848004,2554.536447848004,36.1,2.8376,105.8,2.902858034026465,long_rentry,307.12237999999996,0.11991804991508875,45.0
1710615300000.0,1214587,1710615300000.0,0.0,-0.030539772,2561.0716480760043,2548.0928280760045,54.9,2.7814,160.7,2.8613642812694464,long_rentry,459.82124,0.17954251312939215,44.0
1710617820000.0,1214629,1710617820000.0,1.2270609520846212,-0.030862010000000006,2562.267847018089,2564.5979160660045,-53.5,2.8843,107.2,2.8613642812694464,long_nclose,306.7382509520847,0.11971357768433925,42.0
1710621780000.0,1214695,1710621780000.0,0.818805158680766,-0.020593902000000004,2563.0660582747696,2564.7703121640043,-35.7,2.8843,71.5,2.8613642812694464,long_nclose,204.58754611076543,0.07982140977219906,66.0
1710621900000.0,1214697,1710621900000.0,0.5458701057871773,-0.013729268000000003,2563.598199112557,2564.8639528960043,-23.8,2.8843,47.7,2.8613642812694464,long_nclose,136.4870762165526,0.053240432242385116,2.0
1710622920000.0,1214714,1710622920000.0,0.3646779278158033,-0.009172074,2563.9537049663722,2564.6894208220037,-15.9,2.8843,31.8,2.8613642812694464,long_nclose,90.9913841443684,0.035488700115028714,17.0
1710629460000.0,1214823,1710629460000.0,0.24311861854386888,-0.006114716,2564.1907088689163,2564.064266106004,-10.6,2.8843,21.2,2.8613642812694464,long_nclose,60.660922762912264,0.023656946635482606,109.0
1710630600000.0,1214842,1710630600000.0,0.0,-0.008594316000000001,2564.182114552916,2563.070811790004,15.3,2.8086,36.5,2.839246651038692,long_ientry_partial,103.63250276291225,0.04041542220217121,19.0
1710632700000.0,1214877,1710632700000.0,0.27531552243182794,-0.0069260400000000005,2564.450504035348,2564.891005750004,-12.1,2.862,24.4,2.839246651038692,long_nclose,69.27761828534408,0.027014605341897122,35.0
1710633000000.0,1214882,1710633000000.0,0.18430212658659556,-0.0046364399999999995,2564.6301697219346,2564.961929310004,-8.1,2.862,16.3,2.839246651038692,long_nclose,46.27972041193068,0.01804537783198132,5.0
1710633120000.0,1214884,1710633120000.0,0.12286808439106373,-0.0030909600000000007,2564.7499468463257,2564.944548350004,-5.4,2.862,10.9,2.839246651038692,long_nclose,30.947788496321746,0.012066590949490356,2.0
1710633480000.0,1214890,1710633480000.0,0.08191205626070915,-0.0020606400000000003,2564.8297982625863,2565.0010077100037,-3.6,2.862,7.3,2.839246651038692,long_nclose,20.72650055258245,0.008081043259331502,6.0
1710633600000.0,1214892,1710633600000.0,0.054608037507139426,-0.0013737600000000001,2564.883032540093,2565.0582239500036,-2.4,2.862,4.9,2.839246651038692,long_nclose,13.912308590089593,0.005424149332966559,2.0
1710633960000.0,1214898,1710633960000.0,0.11604803750713905,-0.001386048,2564.9976945296003,2565.1173279020036,-2.4,2.8876,2.5,2.839246651038692,long_nclose,7.09811662759673,0.002767299418137866,6.0
1710634020000.0,1214899,1710634020000.0,0.05802401875356952,-0.000693024,2565.055025524354,2565.1159348780034,-1.2,2.8876,1.3,2.839246651038692,long_nclose,3.6910206463503,0.0014389635347474754,1.0
1710634080000.0,1214900,1710634080000.0,0.02901200937678476,-0.000346512,2565.083691021731,2565.118238366004,-0.6,2.8876,0.7,2.839246651038692,long_nclose,1.9874726557270843,0.0007748178598162733,1.0
1710634260000.0,1214903,1710634260000.0,0.01450600468839238,-0.000173256,2565.0980237704193,2565.111565110004,-0.3,2.8876,0.4,2.839246651038692,long_nclose,1.1356986604154768,0.00044275058882393953,3.0
1710634620000.0,1214909,1710634620000.0,0.00967066979226159,-0.00011550400000000001,2565.1075789362117,2565.116529606004,-0.2,2.8876,0.2,2.839246651038692,long_nclose,0.5678493302077384,0.0002213744697769105,6.0
1710634680000.0,1214910,1710634680000.0,0.004835334896130795,-5.7752000000000005e-05,2565.112356519108,2565.117871854004,-0.1,2.8876,0.1,2.839246651038692,long_nclose,0.2839246651038692,0.00011068702873084235,1.0
1710636060000.0,1214933,1710636060000.0,0.0022753348961308097,-5.724000000000001e-05,2565.114574614004,2565.114574614004,-0.1,2.862,0.0,2.839246651038692,long_nclose,0.0,0.0,23.0
1710658800000.0,1215312,1710658800000.0,0.0,-0.020518236000000002,2565.094056378004,2565.3693063780042,36.7,2.7954,36.7,2.7954,long_ientry_normal,102.59118000000001,0.03999509481724895,379.0
1710660120000.0,1215334,1710660120000.0,0.0,-0.020536698000000003,2565.073519680004,2562.5314096800043,37.7,2.7237,74.4,2.75906814516129,long_rentry,205.27467000000001,0.0800268173309934,22.0
1710661620000.0,1215359,1710661620000.0,0.5488700000000065,-0.013794752,2565.608594928004,2566.840254928004,-24.8,2.7812,49.6,2.75906814516129,long_nclose,136.84978,0.05334008479334716,25.0
1710661860000.0,1215363,1710661860000.0,1.1663899999999991,-0.013918256,2566.761066672004,2567.848096672004,-24.8,2.8061,24.8,2.75906814516129,long_nclose,68.42489,0.02665806758893922,4.0
1710661980000.0,1215365,1710661980000.0,0.5831949999999996,-0.006959128,2567.337302544004,2567.965137544004,-12.4,2.8061,12.4,2.75906814516129,long_nclose,34.212445,0.01332604210833477,2.0
1710662280000.0,1215370,1710662280000.0,0.2915974999999998,-0.003479564,2567.6254204800043,2567.9306579800045,-6.2,2.8061,6.2,2.75906814516129,long_nclose,17.1062225,0.006662273384410597,5.0
1710663120000.0,1215384,1710663120000.0,0.1457987499999999,-0.001739782,2567.769479448004,2567.898228198004,-3.1,2.8061,3.1,2.75906814516129,long_nclose,8.55311125,0.003330949806225858,14.0
1710663300000.0,1215387,1710663300000.0,0.07054778225806446,-0.0008418299999999999,2567.839185400262,2567.923236368004,-1.5,2.8061,1.6,2.75906814516129,long_nclose,4.4145090322580645,0.0017191532309956369,3.0
1710663420000.0,1215389,1710663420000.0,0.037625483870967716,-0.00044897599999999996,2567.8763619081333,2567.913187392004,-0.8,2.8061,0.8,2.75906814516129,long_nclose,2.2072545161290322,0.0008595641709513106,2.0
1710663480000.0,1215390,1710663480000.0,0.018812741935483858,-0.00022448799999999998,2567.8949501620687,2567.916002904004,-0.4,2.8061,0.4,2.75906814516129,long_nclose,1.1036272580645161,0.00042977897440659026,1.0
1710663780000.0,1215395,1710663780000.0,0.02873274193548401,-0.00022647200000000002,2567.923456432004,2567.923456432004,-0.4,2.8309,0.0,2.75906814516129,long_nclose,0.0,0.0,5.0
1710769620000.0,1217159,1710769620000.0,0.0,-0.020536152,2567.902920280004,2567.866520280004,36.4,2.8209,36.4,2.8209,long_ientry_normal,102.68075999999999,0.03998623125083081,1764.0
1710769860000.0,1217163,1710769860000.0,0.2734600000000021,-0.006881270000000001,2568.1694990100036,2568.6433490100035,-12.1,2.8435,24.3,2.8209,long_nclose,68.54787,0.026691334051909085,4.0
1710769920000.0,1217164,1710769920000.0,0.18306000000000142,-0.0046064700000000005,2568.3479525400035,2568.7124525400036,-8.1,2.8435,16.2,2.8209,long_nclose,45.69858,0.01779298632601776,1.0
1710769980000.0,1217165,1710769980000.0,0.12204000000000095,-0.0030709800000000005,2568.466921560004,2568.7056015600037,-5.4,2.8435,10.8,2.8209,long_nclose,30.46572,0.011861441447529372,1.0
1710770040000.0,1217166,1710770040000.0,0.08136000000000064,-0.0020473200000000005,2568.5462342400037,2568.671514240004,-3.6,2.8435,7.2,2.8209,long_nclose,20.310480000000002,0.00790738345654486,1.0
1710770520000.0,1217174,1710770520000.0,0.0,-0.016511136000000003,2568.5297231040036,2568.4548631040034,29.3,2.8176,36.5,2.81825095890411,long_ientry_partial,102.86616000000001,0.04004865471273925,8.0
1710771120000.0,1217184,1710771120000.0,0.274053397260271,-0.006874978,2568.796901523264,2569.4154181260037,-12.1,2.8409,24.4,2.81825095890411,long_nclose,68.76532339726027,0.02676946681011773,10.0
1710772260000.0,1217203,1710772260000.0,0.0,-0.006858596000000001,2568.790042927264,2568.5264995300035,12.2,2.8109,36.6,2.8158006392694066,long_ientry_partial,103.05830339726029,0.040119395386561146,19.0
1710778560000.0,1217308,1710778560000.0,0.27571220091323984,-0.006925695999999999,2569.0588294321774,2569.6151338340037,-12.2,2.8384,24.4,2.8158006392694066,long_nclose,68.70553559817351,0.026743465276487677,105.0
1710778920000.0,1217314,1710778920000.0,0.18305482191780678,-0.0045982079999999995,2569.237286046095,2569.6708556260037,-8.1,2.8384,16.3,2.8158006392694066,long_nclose,45.89755042009133,0.017864270719317232,6.0
1710780000000.0,1217332,1710780000000.0,0.12203654794520453,-0.003065472,2569.3562571220405,2569.590600154004,-5.4,2.8384,10.9,2.8158006392694066,long_nclose,30.692226968036532,0.011945492915962997,18.0
1710780060000.0,1217333,1710780060000.0,0.08135769863013635,-0.002043648,2569.4355711726707,2569.604196506004,-3.6,2.8384,7.3,2.8158006392694066,long_nclose,20.555344666666667,0.007999945551187868,1.0
1710780180000.0,1217335,1710780180000.0,0.05423846575342423,-0.001362432,2569.488447206424,2569.603104074004,-2.4,2.8384,4.9,2.8158006392694066,long_nclose,13.797423132420093,0.005369715963276971,2.0
1710781380000.0,1217355,1710781380000.0,0.0,-0.017830266,2569.470616940424,2569.2597638080038,32.1,2.7773,37.0,2.7823987333086513,long_ientry_partial,102.9487531324201,0.04006613364390424,20.0
1710790140000.0,1217501,1710790140000.0,0.27430558030358887,-0.006899562000000001,2569.7380229587275,2570.278984246004,-12.3,2.8047,24.7,2.7823987333086513,long_nclose,68.72524871272368,0.026744068110723315,146.0
1710790200000.0,1217502,1710790200000.0,0.1828703868690592,-0.004599708,2569.9162936375965,2570.2578645380036,-8.2,2.8047,16.5,2.7823987333086513,long_nclose,45.90957909959275,0.017864231303273262,1.0
1710790320000.0,1217504,1710790320000.0,0.12265696680241778,-0.0030851700000000004,2570.035865434399,2570.282279368004,-5.5,2.8047,11.0,2.7823987333086513,long_nclose,30.606386066395164,0.011908933442538528,2.0
1710790440000.0,1217506,1710790440000.0,0.08028456008885528,-0.0020193840000000004,2570.114130610488,2570.2821199840037,-3.6,2.8047,7.4,2.7823987333086513,long_nclose,20.58975062648402,0.008011220350589359,2.0
1710791100000.0,1217517,1710791100000.0,0.053523040059236845,-0.001346256,2570.166307394547,2570.2818137280037,-2.4,2.8047,5.0,2.7823987333086513,long_nclose,13.911993666543257,0.005412876834669214,11.0
1710791280000.0,1217520,1710791280000.0,0.0356820267061579,-0.000897504,2570.201091917253,2570.2524362240038,-1.6,2.8047,3.4,2.7823987333086513,long_nclose,9.460155693249414,0.0036807064330490065,3.0
1710792300000.0,1217537,1710792300000.0,0.024531393360483558,-0.000617034,2570.225006276614,2570.268939190004,-1.1,2.8047,2.3,2.7823987333086513,long_nclose,6.399517086609897,0.00248986647899774,17.0
1710792360000.0,1217538,1710792360000.0,0.01561088668394408,-0.000392658,2570.240224505298,2570.2818265320043,-0.7,2.8047,1.6,2.7823987333086513,long_nclose,4.451837973293842,0.0017320707733265287,1.0
1710795900000.0,1217597,1710795900000.0,0.03792101335307905,-0.00045276800000000004,2570.2776927506516,2570.317053764005,-0.8,2.8298,0.8,2.7823987333086513,long_nclose,2.225918986646921,0.0008660227620249057,59.0
1710797160000.0,1217618,1710797160000.0,0.057921013353078976,-0.00045676800000000003,2570.335156996005,2570.335156996005,-0.8,2.8548,0.0,2.7823987333086513,long_nclose,0.0,0.0,21.0
1710810420000.0,1217839,1710810420000.0,0.0,-0.020546064,2570.314610932005,2570.393150932005,37.4,2.7468,37.4,2.7468,long_ientry_normal,102.73031999999999,0.03996799440934961,221.0
1710818760000.0,1217978,1710818760000.0,0.0,-0.020554752,2570.294056180005,2567.7293161800053,38.4,2.6764,75.8,2.7111356200527705,long_rentry,205.50408,0.07995352886020445,139.0
1710827040000.0,1218116,1710827040000.0,0.0,-0.020590841999999998,2570.2734653380053,2563.7685153380053,39.3,2.6197,115.1,2.679915638575152,long_rentry,308.45829,0.12000991106969079,138.0
1710832440000.0,1218206,1710832440000.0,0.0,-0.030658338,2570.242807000005,2557.0471070000053,59.7,2.5677,174.8,2.641590274599542,long_rentry,461.74998,0.17965227983225285,90.0
1710850260000.0,1218503,1710850260000.0,1.2344060183066403,-0.030994992000000002,2571.4462180263117,2574.245752008005,-58.2,2.6628,116.6,2.641590274599542,long_nclose,308.0094260183066,0.11978062144916887,297.0
1710851520000.0,1218524,1710851520000.0,0.8229373455377601,-0.020663327999999998,2572.2484920438496,2572.9494486800054,-38.8,2.6628,77.8,2.641590274599542,long_nclose,205.51572336384436,0.07989730541179024,21.0
1710851640000.0,1218526,1710851640000.0,0.5493318878718553,-0.013793303999999998,2572.784030627721,2573.988615376005,-25.9,2.6628,51.9,2.641590274599542,long_nclose,137.09853525171624,0.05328800770668116,2.0
1710852120000.0,1218534,1710852120000.0,1.1657518878718565,-0.013916587999999999,2573.935865927593,2575.106118788005,-25.9,2.6866,26.0,2.641590274599542,long_nclose,68.6813471395881,0.026683394892916948,8.0
1710852180000.0,1218535,1710852180000.0,0.5851264302059511,-0.00698516,2574.514007197799,2575.169333628005,-13.0,2.6866,13.0,2.641590274599542,long_nclose,34.34067356979405,0.013338701391324637,1.0
1710852780000.0,1218545,1710852780000.0,0.29256321510297556,-0.00349258,2574.803077832902,2575.101491048005,-6.5,2.6866,6.5,2.641590274599542,long_nclose,17.170336784897025,0.006668601934152005,10.0
1710854640000.0,1218576,1710854640000.0,0.04454042334096125,-0.001118376,2574.8464998802433,2574.9239826720054,-2.1,2.6628,4.4,2.641590274599542,long_nclose,11.622997208237987,0.004514054414031506,31.0
1710854760000.0,1218578,1710854760000.0,0.02969361556064083,-0.000745584,2574.875447911804,2574.926477088005,-1.4,2.6628,3.0,2.641590274599542,long_nclose,7.924770823798626,0.003077729771444102,2.0
1710854820000.0,1218579,1710854820000.0,0.021209725400457735,-0.00053256,2574.896125077204,2574.931344528005,-1.0,2.6628,2.0,2.641590274599542,long_nclose,5.283180549199084,0.0020518033709187693,1.0
1710854880000.0,1218580,1710854880000.0,0.01272583524027464,-0.000319536,2574.9085313764444,2574.935144992005,-0.6,2.6628,1.4,2.641590274599542,long_nclose,3.6982263844393586,0.0014362554395135863,1.0
1710854940000.0,1218581,1710854940000.0,0.008483890160183095,-0.00021302400000000003,2574.9168022426047,2574.939811968005,-0.4,2.6628,1.0,2.641590274599542,long_nclose,2.641590274599542,0.00102589344723638,1.0
1710862380000.0,1218705,1710862380000.0,0.00636291762013732,-0.000159768,2574.923005392225,2574.9382022000054,-0.3,2.6628,0.7,2.641590274599542,long_nclose,1.8491131922196793,0.0007181236830566952,124.0
1710862500000.0,1218707,1710862500000.0,0.0042419450800915475,-0.00010651200000000001,2574.9271408253053,2574.9400456880057,-0.2,2.6628,0.5,2.641590274599542,long_nclose,1.320795137299771,0.0005129446640872468,2.0
1710862920000.0,1218714,1710862920000.0,0.009001945080091556,-0.00010746400000000001,2574.9360353063853,2574.949898224005,-0.2,2.6866,0.3,2.641590274599542,long_nclose,0.7924770823798626,0.0003077657353478948,7.0
1710863280000.0,1218720,1710863280000.0,0.004500972540045778,-5.373200000000001e-05,2574.940482546925,2574.951104492005,-0.1,2.6866,0.2,2.641590274599542,long_nclose,0.5283180549199085,0.00020517680253228165,6.0
1710864060000.0,1218733,1710864060000.0,0.013761945080091565,-0.000108416,2574.9541360760054,2574.9541360760054,-0.2,2.7104,0.0,2.641590274599542,long_nclose,0.0,0.0,13.0
1710886320000.0,1219104,1710886320000.0,0.0,-0.020623356000000002,2574.933512720005,2576.0530527200053,39.7,2.5974,39.7,2.5974,long_ientry_normal,103.11678,0.040046385466113894,371.0
1710886800000.0,1219112,1710886800000.0,0.2745599999999991,-0.006912047999999999,2575.2011606720052,2575.755010672005,-13.2,2.6182,26.5,2.5974,long_nclose,68.83109999999999,0.02672843622905107,8.0
1710886980000.0,1219115,1710886980000.0,0.1830399999999994,-0.004608032000000001,2575.3795926400053,2575.7619126400054,-8.8,2.6182,17.7,2.5974,long_nclose,45.97398,0.017851341266889656,3.0
1710887040000.0,1219116,1710887040000.0,0.0,-0.011418880000000003,2575.3681737600054,2575.4205437600053,22.0,2.5952,39.7,2.5961808564231736,long_ientry_partial,103.06838,0.04002083315704001,1.0
1710887520000.0,1219124,1710887520000.0,0.2748126952141078,-0.006908879999999999,2575.6360775752196,2576.0844348800056,-13.2,2.617,26.5,2.5961808564231736,long_nclose,68.7987926952141,0.026711379489599063,8.0
1710887580000.0,1219125,1710887580000.0,0.1832084634760719,-0.00460592,2575.814680118696,2576.1176889600056,-8.8,2.617,17.7,2.5961808564231736,long_nclose,45.95240115869017,0.01783994846887535,1.0
1710887820000.0,1219129,1710887820000.0,0.0,-0.01140744,2575.803272678696,2575.890751520006,22.0,2.5926,39.7,2.5941965027377876,long_ientry_partial,102.98960115869018,0.03998348874352759,4.0
1710890640000.0,1219176,1710890640000.0,0.0,-0.020626032,2575.782646646696,2573.5291354880055,40.8,2.5277,80.5,2.5604939274371445,long_rentry,206.11976115869012,0.08002218720862525,47.0
1710891720000.0,1219194,1710891720000.0,0.5495627446845252,-0.01383416,2576.3183752313803,2577.4356613280056,-26.8,2.581,53.7,2.5604939274371445,long_nclose,137.49852390337466,0.05337016000245927,18.0
1710891960000.0,1219198,1710891960000.0,0.3670586988751119,-0.009239979999999998,2576.6761939502553,2577.7110313480057,-17.9,2.581,35.8,2.5604939274371445,long_nclose,91.66568260224977,0.03557516571832753,4.0
1710892560000.0,1219208,1710892560000.0,0.24402226349797945,-0.0061427800000000005,2576.914073433753,2577.4137285680054,-11.9,2.581,23.9,2.5604939274371445,long_nclose,61.19580486574775,0.023747708740712487,10.0
1710892740000.0,1219211,1710892740000.0,0.1619979732465578,-0.00407798,2577.071993426999,2577.4096905880047,-7.9,2.581,16.0,2.5604939274371445,long_nclose,40.96790283899431,0.01589707347853913,3.0
1710893100000.0,1219217,1710893100000.0,0.1086821845831337,-0.00273586,2577.1779397515825,2577.419824728005,-5.3,2.581,10.7,2.5604939274371445,long_nclose,27.397285023577446,0.010630730847485954,6.0
1710893220000.0,1219219,1710893220000.0,0.0,-0.01514058,2577.1627991715823,2577.256014148005,29.5,2.5662,40.2,2.564681219491976,long_ientry_partial,103.10018502357744,0.04000530546875756,2.0
1710893400000.0,1219222,1710893400000.0,0.27629165880752476,-0.0069286040000000005,2577.4321622263897,2578.027625544005,-13.4,2.5853,26.8,2.564681219491976,long_nclose,68.73345668238495,0.026667416388182607,3.0
1710893520000.0,1219224,1710893520000.0,0.18350714652141573,-0.004601834000000001,2577.6110675389114,2578.089333710005,-8.9,2.5853,17.9,2.564681219491976,long_nclose,45.907793828906364,0.017810209774098647,2.0
1710893880000.0,1219230,1710893880000.0,0.121650804997343,-0.0030506540000000007,2577.7296676899086,2578.082693056005,-5.9,2.5853,12.0,2.564681219491976,long_nclose,30.77617463390371,0.011939256090218522,6.0
1710894300000.0,1219237,1710894300000.0,0.2623126830481448,-0.0031300800000000004,2577.9888502929566,2578.2391629760045,-6.0,2.6084,6.0,2.564681219491976,long_nclose,15.388087316951855,0.005969027878147413,7.0
1710894360000.0,1219238,1710894360000.0,0.1311563415240724,-0.0015650400000000002,2578.118441594481,2578.249897936005,-3.0,2.6084,3.0,2.564681219491976,long_nclose,7.694043658475928,0.0029843639199591686,1.0
1710894720000.0,1219244,1710894720000.0,0.020618780508024237,-0.0005170600000000001,2578.1385433149885,2578.1653808760047,-1.0,2.5853,2.0,2.564681219491976,long_nclose,5.129362438983952,0.001989560433935634,6.0
1710894900000.0,1219247,1710894900000.0,0.012371268304814541,-0.00031023600000000003,2578.150604347293,2578.1815706400043,-0.6,2.5853,1.4,2.564681219491976,long_nclose,3.590553707288766,0.0013926857885006223,3.0
1710896040000.0,1219266,1710896040000.0,0.03060314635561689,-0.000365176,2578.180842317649,2578.2114454640046,-0.7,2.6084,0.7,2.564681219491976,long_nclose,1.795276853644383,0.0006963347272530827,19.0
1710896100000.0,1219267,1710896100000.0,0.01311563415240724,-0.00015650400000000002,2578.193801447801,2578.215328960004,-0.3,2.6084,0.4,2.564681219491976,long_nclose,1.0258724877967904,0.00039790355838289007,1.0
1710896280000.0,1219270,1710896280000.0,0.026727512203209614,-0.00021052,2578.220318440004,2578.220318440004,-0.4,2.6315,0.0,2.564681219491976,long_nclose,0.0,0.0,3.0
1710897900000.0,1219297,1710897900000.0,0.0,-0.020641168,2578.199677272004,2578.518837272004,40.4,2.5546,40.4,2.5546,long_ientry_normal,103.20584000000001,0.040030196617355185,27.0
1710898140000.0,1219301,1710898140000.0,0.27469999999999656,-0.006901268,2578.467476004004,2579.261276004004,-13.4,2.5751,27.0,2.5546,long_nclose,68.97420000000001,0.02675007563286903,4.0
1710898620000.0,1219309,1710898620000.0,0.18449999999999767,-0.00463518,2578.6473408240035,2578.8741408240035,-9.0,2.5751,18.0,2.5546,long_nclose,45.982800000000005,0.017832139847904233,8.0
1710898860000.0,1219313,1710898860000.0,0.0,-0.011432511999999999,2578.6359083120037,2578.6034683120038,22.4,2.5519,40.4,2.5531029702970294,long_ientry_partial,103.14535999999998,0.039999970398116334,4.0
1710899400000.0,1219322,1710899400000.0,0.2746601980198049,-0.006897248000000001,2578.9036712620236,2579.567791064004,-13.4,2.5736,27.0,2.5531029702970294,long_nclose,68.93378019801979,0.02672987788034985,9.0
1710899580000.0,1219325,1710899580000.0,0.18447326732673464,-0.00463248,2579.0835120493502,2579.5118585840037,-9.0,2.5736,18.0,2.5531029702970294,long_nclose,45.95585346534653,0.01781867599503586,3.0
1710900060000.0,1219333,1710900060000.0,0.0,-0.0114642,2579.0720478493504,2579.1511943840037,22.5,2.5476,40.5,2.5500457645764576,long_ientry_partial,103.27685346534653,0.040044190914118725,8.0
1710900180000.0,1219335,1710900180000.0,0.27613217821782254,-0.00694035,2579.341239677568,2579.8854040340034,-13.5,2.5705,27.0,2.5500457645764576,long_nclose,68.85123564356435,0.026693341146350663,2.0
1710900240000.0,1219336,1710900240000.0,0.1840881188118817,-0.0046269,2579.52070089638,2579.9068771340035,-9.0,2.5705,18.0,2.5500457645764576,long_nclose,45.900823762376234,0.01779432269972703,1.0
1710900360000.0,1219338,1710900360000.0,0.12272541254125446,-0.0030846000000000003,2579.640341708921,2579.9157925340032,-6.0,2.5705,12.0,2.5500457645764576,long_nclose,30.60054917491749,0.011862331612726177,2.0
1710900540000.0,1219341,1710900540000.0,0.08181694169416964,-0.0020564,2579.720102250615,2579.9269361340034,-4.0,2.5705,8.0,2.5500457645764576,long_nclose,20.40036611661166,0.007907976566455348,3.0
1710901080000.0,1219350,1710901080000.0,0.17381694169417017,-0.0020748000000000003,2579.891844392309,2580.0588613340033,-4.0,2.5935,4.0,2.5500457645764576,long_nclose,10.20018305830583,0.003953725068156287,9.0
1710901140000.0,1219351,1710901140000.0,0.08690847084708508,-0.0010374000000000002,2579.977715463156,2580.068023934003,-2.0,2.5935,2.0,2.5500457645764576,long_nclose,5.100091529152915,0.0019767967368808648,1.0
1710901560000.0,1219358,1710901560000.0,0.04345423542354254,-0.0005187000000000001,2580.0206509985796,2580.062205234003,-1.0,2.5935,1.0,2.5500457645764576,long_nclose,2.5500457645764576,0.000988381919962338,7.0
1710901680000.0,1219360,1710901680000.0,0.02172711771177127,-0.00025935000000000004,2580.0421187662914,2580.064795884003,-0.5,2.5935,0.5,2.5500457645764576,long_nclose,1.2750228822882288,0.0004941868479642927,2.0
1710901920000.0,1219364,1710901920000.0,0.008690847084708509,-0.00010374000000000002,2580.050705873376,2580.063592144003,-0.2,2.5935,0.3,2.5500457645764576,long_nclose,0.7650137293729372,0.0002965111219060214,4.0
1710901980000.0,1219365,1710901980000.0,0.0043454235423542546,-5.187000000000001e-05,2580.0549994269186,2580.0622902740033,-0.1,2.5935,0.2,2.5500457645764576,long_nclose,0.5100091529152916,0.0001976737523148052,1.0
1710902400000.0,1219372,1710902400000.0,0.0043454235423542546,-5.187000000000001e-05,2580.059292980461,2580.0632584040036,-0.1,2.5935,0.1,2.5500457645764576,long_nclose,0.2550045764576458,9.883671168001214e-05,7.0
1710902520000.0,1219374,1710902520000.0,0.0043454235423542546,-5.187000000000001e-05,2580.0635865340037,2580.0635865340037,-0.1,2.5935,0.0,2.5500457645764576,long_nclose,0.0,0.0,2.0
1710909000000.0,1219482,1710909000000.0,0.0,-0.020632458,2580.0429540760038,2579.778404076004,40.7,2.5347,40.7,2.5347,long_ientry_normal,103.16229,0.039984718020691146,108.0
1710915600000.0,1219592,1710915600000.0,0.2740500000000028,-0.0068985,2580.310105576004,2580.840505576004,-13.5,2.555,27.2,2.5347,long_nclose,68.94384,0.02671920706391592,110.0
1710915660000.0,1219593,1710915660000.0,0.18270000000000186,-0.004599000000000001,2580.488206576004,2580.8958865760037,-9.0,2.555,18.2,2.5347,long_nclose,46.131539999999994,0.017877059031868616,1.0
1710916740000.0,1219611,1710916740000.0,0.12180000000000124,-0.0030660000000000006,2580.6069405760036,2580.8424005760035,-6.0,2.555,12.2,2.5347,long_nclose,30.923339999999996,0.011982971724123846,18.0
1710916800000.0,1219612,1710916800000.0,0.08120000000000083,-0.0020440000000000002,2580.686096576004,2580.838616576004,-4.0,2.555,8.2,2.5347,long_nclose,20.784539999999996,0.008053881495923296,1.0
1710916860000.0,1219613,1710916860000.0,0.05481000000000056,-0.0013797000000000002,2580.7395268760038,2580.8709768760036,-2.7,2.555,5.5,2.5347,long_nclose,13.94085,0.005401881846199124,1.0
1710917280000.0,1219620,1710917280000.0,0.03654000000000037,-0.0009198000000000001,2580.775147076004,2580.862837076004,-1.8,2.555,3.7,2.5347,long_nclose,9.37839,0.0036339430851330206,7.0
1710918120000.0,1219634,1710918120000.0,0.07776000000000023,-0.000928044,2580.8519790320042,2580.938049032004,-1.8,2.5779,1.9,2.5347,long_nclose,4.81593,0.0018660233283918524,14.0
1710918240000.0,1219636,1710918240000.0,0.038880000000000116,-0.000464022,2580.8903950100043,2580.9378950100045,-0.9,2.5779,1.0,2.5347,long_nclose,2.5347,0.000982102922658277,2.0
1710918840000.0,1219646,1710918840000.0,0.06599999999999984,-0.00052014,2580.955874870004,2580.955874870004,-1.0,2.6007,0.0,2.5347,long_nclose,0.0,0.0,10.0
1710952200000.0,1220202,1710952200000.0,0.0,-0.020650698000000002,2580.9352241720044,2580.9151741720043,40.1,2.5749,40.1,2.5749,long_ientry_normal,103.25349,0.040006230700007195,556.0
1710952620000.0,1220209,1710952620000.0,0.27531000000000216,-0.006904296000000001,2581.2036298760045,2581.8200298760044,-13.3,2.5956,26.8,2.5749,long_nclose,69.00732,0.02673455096733882,7.0
1710952920000.0,1220214,1710952920000.0,0.5882599999999977,-0.007018383999999999,2581.7848714920046,2582.3557114920045,-13.4,2.6188,13.4,2.5749,long_nclose,34.50366,0.013364266086221373,5.0
1710952980000.0,1220215,1710952980000.0,0.29412999999999884,-0.0035091919999999995,2582.075492300005,2582.345502300005,-6.7,2.6188,6.7,2.5749,long_nclose,17.25183,0.006681380947786616,1.0
1710953160000.0,1220218,1710953160000.0,0.14486999999999942,-0.001728408,2582.218633892005,2582.408693892005,-3.3,2.6188,3.4,2.5749,long_nclose,8.75466,0.0033903635753742075,3.0
1710953460000.0,1220223,1710953460000.0,0.07462999999999971,-0.0008903919999999999,2582.292373500005,2582.367683500005,-1.7,2.6188,1.7,2.5749,long_nclose,4.37733,0.0016951333802945887,5.0
1710953700000.0,1220227,1710953700000.0,0.1140699999999999,-0.00089828,2582.405545220005,2582.405545220005,-1.7,2.642,0.0,2.5749,long_nclose,0.0,0.0,4.0
1711108500000.0,1222807,1711108500000.0,0.0,-0.020657516,2582.384887704005,2582.325047704005,37.4,2.7617,37.4,2.7617,long_ientry_normal,103.28757999999999,0.039996973530863886,2580.0
1711109280000.0,1222820,1711109280000.0,0.27528000000000274,-0.006904072000000001,2582.653263632005,2583.203263632005,-12.4,2.7839,25.0,2.7617,long_nclose,69.04249999999999,0.026733166612890574,13.0
1711109340000.0,1222821,1711109340000.0,0.18426000000000184,-0.004621274000000001,2582.832902358005,2583.181932358005,-8.3,2.7839,16.7,2.7617,long_nclose,46.12038999999999,0.017856513271878427,1.0
1711109400000.0,1222822,1711109400000.0,0.12210000000000121,-0.00306229,2582.951940068005,2583.208420068005,-5.5,2.7839,11.2,2.7617,long_nclose,30.931039999999996,0.011975073759671126,1.0
1711109520000.0,1222824,1711109520000.0,0.08214000000000081,-0.002060086,2583.0320199820053,2583.2157699820054,-3.7,2.7839,7.5,2.7617,long_nclose,20.71275,0.00801877399883889,2.0
1711109700000.0,1222827,1711109700000.0,0.05550000000000055,-0.00139195,2583.086128032005,2583.193628032005,-2.5,2.7839,5.0,2.7617,long_nclose,13.808499999999999,0.005345737352753462,3.0
1711109760000.0,1222828,1711109760000.0,0.03552000000000035,-0.0008908480000000001,2583.120757184005,2583.202017184005,-1.6,2.7839,3.4,2.7617,long_nclose,9.38978,0.003635052667935002,1.0
1711109940000.0,1222831,1711109940000.0,0.024420000000000244,-0.0006124580000000001,2583.1445647260052,2583.206434726005,-1.1,2.7839,2.3,2.7617,long_nclose,6.351909999999999,0.0024589835531228766,3.0
1711110720000.0,1222844,1711110720000.0,0.015540000000000153,-0.000389746,2583.159714980005,2583.195394980005,-0.7,2.7839,1.6,2.7617,long_nclose,4.4187199999999995,0.001710587221678704,13.0
1711111440000.0,1222856,1711111440000.0,0.01110000000000011,-0.00027839,2583.170536590005,2583.1933065900052,-0.5,2.7839,1.1,2.7617,long_nclose,3.03787,0.0011760237881972108,12.0
1711112760000.0,1222878,1711112760000.0,0.0,-0.02004799,2583.1504886000052,2583.0771486000053,36.5,2.7463,37.6,2.7467505319148935,long_ientry_partial,103.27782,0.03998134079132713,22.0
1711143360000.0,1223388,1711143360000.0,0.0,-0.020821614000000002,2583.1296669860053,2579.868726986005,38.9,2.6763,76.5,2.7109266666666665,long_rentry,207.38589,0.08028473856752912,510.0
1711151580000.0,1223525,1711151580000.0,0.5552200000000023,-0.01393677,2583.6709502160056,2584.7150902160056,-25.5,2.7327,51.0,2.7109266666666665,long_nclose,138.25726,0.05351194585689835,137.0
1711151640000.0,1223526,1711151640000.0,0.3701466666666682,-0.00929118,2584.031805702672,2584.7618990360056,-17.0,2.7327,34.0,2.7109266666666665,long_nclose,92.17150666666666,0.03566964867199171,1.0
1711151760000.0,1223528,1711151760000.0,0.24603866666666768,-0.0061759020000000005,2584.2716684673387,2584.7863531340054,-11.3,2.7327,22.7,2.7109266666666665,long_nclose,61.538035333333326,0.023812525627319153,2.0
1711152180000.0,1223535,1711152180000.0,0.16330000000000067,-0.00409905,2584.4308694173387,2584.8089440840054,-7.5,2.7327,15.2,2.7109266666666665,long_nclose,41.20608533333333,0.01594396887180939,7.0
1711153920000.0,1223564,1711153920000.0,0.3509173333333338,-0.004190792,2584.777595958672,2585.1573932920055,-7.6,2.7571,7.6,2.7109266666666665,long_nclose,20.603042666666664,0.007970915060111843,29.0
1711154280000.0,1223570,1711154280000.0,0.1754586666666669,-0.002095396,2584.9509592293384,2585.110077896005,-3.8,2.7571,3.8,2.7109266666666665,long_nclose,10.301521333333332,0.003985190239897071,6.0
1711154400000.0,1223572,1711154400000.0,0.08772933333333345,-0.001047698,2585.0376408646716,2585.137530198005,-1.9,2.7571,1.9,2.7109266666666665,long_nclose,5.150760666666666,0.0019925283041309153,2.0
1711155240000.0,1223586,1711155240000.0,0.13408933333333342,-0.00105697,2585.170673228005,2585.170673228005,-1.9,2.7815,0.0,2.7109266666666665,long_nclose,0.0,0.0,14.0
1711463520000.0,1228724,1711463520000.0,0.0,-0.020705320000000003,2585.149967908005,2585.241767908005,34.0,3.0449,34.0,3.0449,long_ientry_normal,103.5266,0.04004665156187338,5138.0
1711463640000.0,1228726,1711463640000.0,0.27571999999999974,-0.006936618000000002,2585.418751290005,2585.7524412900048,-11.3,3.0693,22.7,3.0449,long_nclose,69.11923,0.026734249515871535,2.0
1711463700000.0,1228727,1711463700000.0,0.18299999999999983,-0.004603950000000001,2585.597147340005,2586.068347340005,-7.5,3.0693,15.2,3.0449,long_nclose,46.28248,0.017900112570751484,1.0
1711464060000.0,1228733,1711464060000.0,0.12199999999999989,-0.0030693000000000005,2585.716078040005,2585.974138040005,-5.0,3.0693,10.2,3.0449,long_nclose,31.05798,0.012011365154809347,6.0
1711464420000.0,1228739,1711464420000.0,0.26468999999999915,-0.0031587359999999997,2585.977609304005,2586.240259304005,-5.1,3.0968,5.1,3.0449,long_nclose,15.52899,0.006005075196370127,6.0
1711464480000.0,1228740,1711464480000.0,0.1297499999999996,-0.0015484000000000001,2586.105810904005,2586.239710904005,-2.5,3.0968,2.6,3.0449,long_nclose,7.916740000000001,0.003061259120419596,1.0
1711464600000.0,1228742,1711464600000.0,0.0674699999999998,-0.0008051680000000001,2586.172475736005,2586.237865736005,-1.3,3.0968,1.3,3.0449,long_nclose,3.9583700000000004,0.0015305901045418399,2.0
1711464660000.0,1228743,1711464660000.0,0.0311399999999999,-0.000371616,2586.203244120005,2586.2413941200048,-0.6,3.0968,0.7,3.0449,long_nclose,2.13143,0.0008241540972644056,1.0
1711465020000.0,1228749,1711465020000.0,0.01556999999999995,-0.000185808,2586.218628312005,2586.2405083120047,-0.3,3.0968,0.4,3.0449,long_nclose,1.2179600000000002,0.00047094239700645437,6.0
1711465740000.0,1228761,1711465740000.0,0.0024399999999999977,-6.138600000000001e-05,2586.221006926005,2586.227756926005,-0.1,3.0693,0.3,3.0449,long_nclose,0.91347,0.0003532064729014613,12.0
1711465800000.0,1228762,1711465800000.0,0.0024399999999999977,-6.138600000000001e-05,2586.223385540005,2586.229365540005,-0.1,3.0693,0.2,3.0449,long_nclose,0.6089800000000001,0.00023547076536578634,1.0
1711466940000.0,1228781,1711466940000.0,0.0024399999999999977,-6.138600000000001e-05,2586.225764154005,2586.228404154005,-0.1,3.0693,0.1,3.0449,long_nclose,0.30449000000000004,0.00011773527439883172,19.0
1711467120000.0,1228784,1711467120000.0,0.0024399999999999977,-6.138600000000001e-05,2586.228142768005,2586.228142768005,-0.1,3.0693,0.0,3.0449,long_nclose,0.0,0.0,3.0
1711470120000.0,1228834,1711470120000.0,0.0,-0.020700746000000003,2586.207442022005,2586.1733420220053,34.1,3.0353,34.1,3.0353,long_ientry_normal,103.50373,0.04002143382553894,50.0
1711470780000.0,1228845,1711470780000.0,0.2745900000000024,-0.006914696000000001,2586.475117326005,2586.933397326005,-11.3,3.0596,22.8,3.0353,long_nclose,69.20484,0.0267564298362733,11.0
1711470960000.0,1228848,1711470960000.0,0.0,-0.006856162000000001,2586.468261164005,2586.544311164005,11.3,3.0337,34.1,3.0347697947214076,long_ientry_partial,103.48565,0.04001040784216996,3.0
1711473900000.0,1228897,1711473900000.0,0.27493131964809314,-0.006913566,2586.736278917653,2587.279607598005,-11.3,3.0591,22.8,3.0347697947214076,long_nclose,69.1927513196481,0.026749055125402984,49.0
1711473960000.0,1228898,1711473960000.0,0.18490956011730153,-0.0046498320000000004,2586.9165386457707,2587.2589977660055,-7.6,3.0591,15.2,3.0347697947214076,long_nclose,46.12850087976539,0.01783146081083593,1.0
1711474020000.0,1228899,1711474020000.0,0.12165102639296155,-0.0030591000000000004,2587.035130572164,2587.3271586660053,-5.0,3.0591,10.2,3.0347697947214076,long_nclose,30.954651906158354,0.011965300177161584,1.0
1711474260000.0,1228903,1711474260000.0,0.08272269794721385,-0.002080188,2587.115773082111,2587.2941384780056,-3.4,3.0591,6.8,3.0347697947214076,long_nclose,20.63643460410557,0.007976618139326926,4.0
1711474560000.0,1228908,1711474560000.0,0.053526451612903085,-0.0013460040000000003,2587.167953529724,2587.2835524740053,-2.2,3.0591,4.6,3.0347697947214076,long_nclose,13.959941055718474,0.005395838734270287,5.0
1711480260000.0,1229003,1711480260000.0,0.0,-0.017954352,2587.149999177724,2587.4185481220056,29.9,3.0024,34.5,3.0067159726295207,long_ientry_partial,103.73170105571846,0.040094969788642944,95.0
1711500660000.0,1229343,1711500660000.0,0.2769663147605135,-0.00697084,2587.4199946524845,2587.9578272820054,-11.5,3.0308,23.0,3.0067159726295207,long_nclose,69.15446737047898,0.026727190604309718,340.0
1711500720000.0,1229344,1711500720000.0,0.18303860801564367,-0.004606816,2587.5984264445,2587.9924204660056,-7.6,3.0308,15.4,3.0067159726295207,long_nclose,46.30342597849462,0.017894363169063305,1.0
1711501680000.0,1229360,1711501680000.0,0.1228285395894451,-0.003091416,2587.7181635680895,2587.9868290500053,-5.1,3.0308,10.3,3.0067159726295207,long_nclose,30.969174518084067,0.011967754044506165,16.0
1711502820000.0,1229379,1711502820000.0,0.08188569305963007,-0.002060944,2587.7979883171492,2587.9676181060054,-3.4,3.0308,6.9,3.0067159726295207,long_nclose,20.746340211143693,0.008016985987625364,19.0
1711503360000.0,1229388,1711503360000.0,0.055393262952102694,-0.001394168,2587.8519874121016,2587.9719739380057,-2.3,3.0308,4.6,3.0067159726295207,long_nclose,13.830893474095793,0.005344545801449384,9.0
1711503780000.0,1229395,1711503780000.0,0.03612604105571915,-0.0009092400000000002,2587.8872042131575,2587.958144698006,-1.5,3.0308,3.1,3.0067159726295207,long_nclose,9.320819515151515,0.0036017101131675844,7.0
1711503840000.0,1229396,1711503840000.0,0.024084027370479433,-0.00060616,2587.9106820805277,2587.9595785380056,-1.0,3.0308,2.1,3.0067159726295207,long_nclose,6.314103542521994,0.0024398460063721466,1.0
1711503900000.0,1229397,1711503900000.0,0.0168588191593356,-0.00042431200000000004,2587.927116587687,2587.960974226006,-0.7,3.0308,1.4,3.0067159726295207,long_nclose,4.209402361681328,0.0016265536748313214,1.0
1711530240000.0,1229836,1711530240000.0,0.0,-0.019868148000000002,2587.907248439687,2587.7430660780055,34.2,2.9047,35.6,2.9087118640921723,long_ientry_partial,103.55014236168134,0.0400130810036234,439.0
1711531080000.0,1229850,1711531080000.0,0.27480000371236607,-0.00691952,2588.1751289233994,2588.7460465580057,-11.8,2.932,23.8,2.9087118640921723,long_nclose,69.2273423653937,0.026747549496076845,14.0
1711531200000.0,1229852,1711531200000.0,0.1839762736718383,-0.00463256,2588.354472637071,2588.8122039980053,-7.9,2.932,15.9,2.9087118640921723,long_nclose,46.24851863906554,0.017867923087036282,2.0
1711531920000.0,1229864,1711531920000.0,0.12342712031148646,-0.0031079199999999997,2588.474791837383,2588.718466078006,-5.3,2.932,10.6,2.9087118640921723,long_nclose,30.832345759377027,0.01191139502559777,12.0
1711532100000.0,1229867,1711532100000.0,0.08150847567739672,-0.0020524000000000002,2588.55424791306,2588.7345036780057,-3.5,2.932,7.1,2.9087118640921723,long_nclose,20.651854235054422,0.007978142336288423,3.0
1711533660000.0,1229893,1711533660000.0,0.1732084756773975,-0.00207074,2588.7253856487373,2588.9060629380056,-3.5,2.9582,3.6,2.9087118640921723,long_nclose,10.471362710731821,0.0040449878418091405,26.0
1711533780000.0,1229895,1711533780000.0,0.08907864463409014,-0.001064952,2588.813399341371,2588.902297986005,-1.8,2.9582,1.8,2.9087118640921723,long_nclose,5.2356813553659105,0.002022425160769771,2.0
1711533900000.0,1229897,1711533900000.0,0.04453932231704507,-0.000532476,2588.8574061876884,2588.9065355100056,-0.9,2.9582,0.9,2.9087118640921723,long_nclose,2.6178406776829553,0.001011195391227803,2.0
1711536720000.0,1229944,1711536720000.0,0.019795254363131145,-0.00023665600000000005,2588.8769647860513,2588.902958854005,-0.4,2.9582,0.5,2.9087118640921723,long_nclose,1.4543559320460862,0.0005617709732166729,47.0
1711537500000.0,1229957,1711537500000.0,0.009897627181565572,-0.00011832800000000002,2588.8867440852327,2588.9023105260053,-0.2,2.9582,0.3,2.9087118640921723,long_nclose,0.8726135592276517,0.0003370613107048004,13.0
1711537620000.0,1229959,1711537620000.0,0.004948813590782786,-5.916400000000001e-05,2588.8916337348237,2588.901551362005,-0.1,2.9582,0.2,2.9087118640921723,long_nclose,0.5817423728184344,0.00022470711606387053,2.0
1711537740000.0,1229961,1711537740000.0,0.004948813590782786,-5.916400000000001e-05,2588.8965233844146,2588.9015121980055,-0.1,2.9582,0.1,2.9087118640921723,long_nclose,0.2908711864092172,0.00011235334582973865,2.0
1711539360000.0,1229988,1711539360000.0,0.007568813590782764,-5.9688e-05,2588.9040325100054,2588.9040325100054,-0.1,2.9844,0.0,2.9087118640921723,long_nclose,0.0,0.0,27.0
1711548600000.0,1230142,1711548600000.0,0.0,-0.020710998,2588.8833215120053,2588.8012115120055,35.7,2.9007,35.7,2.9007,long_ientry_normal,103.55499,0.03999986756433658,154.0
1711549020000.0,1230149,1711549020000.0,0.2772699999999985,-0.00695912,2589.1536323920054,2589.6748523920055,-11.9,2.924,23.8,2.9007,long_nclose,69.03666,0.02666379435206402,7.0
1711549080000.0,1230150,1711549080000.0,0.18406999999999904,-0.00461992,2589.333082472005,2589.803722472005,-7.9,2.924,15.9,2.9007,long_nclose,46.12113,0.017811972631952284,1.0
1711550160000.0,1230168,1711550160000.0,0.39025999999999916,-0.004661158,2589.718681314005,2590.076281314005,-7.9,2.9501,8.0,2.9007,long_nclose,23.2056,0.008960664402446077,18.0
1711550220000.0,1230169,1711550220000.0,0.19759999999999955,-0.00236008,2589.913921234005,2590.109521234005,-4.0,2.9501,4.0,2.9007,long_nclose,11.6028,0.0044799944526618335,1.0
1711550280000.0,1230170,1711550280000.0,0.09879999999999978,-0.00118004,2590.0115411940055,2590.1145411940056,-2.0,2.9501,2.0,2.9007,long_nclose,5.8014,0.00223991279873816,1.0
1711550760000.0,1230178,1711550760000.0,0.04939999999999989,-0.00059002,2590.0603511740055,2590.1012511740055,-1.0,2.9501,1.0,2.9007,long_nclose,2.9007,0.0011199352936641766,8.0
1711553640000.0,1230226,1711553640000.0,0.006989999999999962,-0.00017544000000000001,2590.0671657340054,2590.0849457340055,-0.3,2.924,0.7,2.9007,long_nclose,2.03049,0.0007839526429518574,48.0
1711555980000.0,1230265,1711555980000.0,0.0,-0.020322916,2590.046842818005,2589.908972818005,35.3,2.8786,36.0,2.879029722222222,long_ientry_partial,103.64506999999999,0.04001667780156161,39.0
1711556400000.0,1230272,1711556400000.0,0.2768433333333338,-0.00696504,2590.3167211113387,2590.8368077780056,-12.0,2.9021,24.0,2.879029722222222,long_nclose,69.09671333333333,0.02667500571269461,7.0
1711556460000.0,1230273,1711556460000.0,0.18456222222222252,-0.00464336,2590.496639973561,2590.780964418005,-8.0,2.9021,16.0,2.879029722222222,long_nclose,46.06447555555555,0.01778210202813685,1.0
1711556640000.0,1230276,1711556640000.0,0.12227247222222241,-0.003076226,2590.6158362197834,2590.8680381920058,-5.3,2.9021,10.7,2.879029722222222,long_nclose,30.805618027777776,0.011891233581251172,3.0
1711556820000.0,1230279,1711556820000.0,0.08074597222222235,-0.00203147,2590.6945507220057,2590.888016722006,-3.5,2.9021,7.2,2.879029722222222,long_nclose,20.729014,0.008001334620564586,3.0
1711557240000.0,1230286,1711557240000.0,0.05536866666666675,-0.0013930079999999998,2590.7485263806725,2590.8770237140056,-2.4,2.9021,4.8,2.879029722222222,long_nclose,13.819342666666666,0.005334111947164769,7.0
1711558380000.0,1230305,1711558380000.0,0.036912444444444505,-0.0009286720000000001,2590.784510153117,2590.870815042006,-1.6,2.9021,3.2,2.879029722222222,long_nclose,9.212895111111111,0.0035560252406197316,19.0
1711559520000.0,1230324,1711559520000.0,0.0785124444444449,-0.0009369920000000001,2590.862085605562,2590.942678050006,-1.6,2.9281,1.6,2.879029722222222,long_nclose,4.6064475555555555,0.0017779593831521493,19.0
1711559940000.0,1230331,1711559940000.0,0.03925622222222245,-0.00046849600000000005,2590.900873331784,2590.9415695540065,-0.8,2.9281,0.8,2.879029722222222,long_nclose,2.3032237777777778,0.0008889663828843956,7.0
1711560060000.0,1230333,1711560060000.0,0.019628111111111225,-0.00023424800000000002,2590.920267194895,2590.939815306006,-0.4,2.9281,0.4,2.879029722222222,long_nclose,1.1516118888888889,0.00044447986434399293,2.0
1711560720000.0,1230344,1711560720000.0,0.009814055555555612,-0.00011712400000000001,2590.9299641264506,2590.940018182006,-0.2,2.9281,0.2,2.879029722222222,long_nclose,0.5758059444444444,0.00022223910040678437,11.0
1711560840000.0,1230346,1711560840000.0,0.004907027777777806,-5.8562000000000006e-05,2590.9348125922284,2590.939899620006,-0.1,2.9281,0.1,2.879029722222222,long_nclose,0.2879029722222222,0.00011111934226325652,2.0
1711561200000.0,1230352,1711561200000.0,0.004907027777777806,-5.8562000000000006e-05,2590.939661058006,2590.939661058006,-0.1,2.9281,0.0,2.879029722222222,long_nclose,0.0,0.0,6.0
1711950480000.0,1236840,1711950480000.0,0.0,-0.020712384,2590.918948674006,2590.060068674006,35.2,2.9421,35.2,2.9421,long_ientry_normal,103.56192,0.03997111528826537,6488.0
1711953840000.0,1236896,1711953840000.0,0.27612000000000075,-0.006939738,2591.1881289360063,2591.700428936006,-11.7,2.9657,23.5,2.9421,long_nclose,69.13935,0.026682489483459464,56.0
1711955280000.0,1236920,1711955280000.0,0.1840800000000005,-0.004626492,2591.367582444006,2591.7271124440063,-7.8,2.9657,15.7,2.9421,long_nclose,46.19097,0.017824939353619503,24.0
1711956480000.0,1236940,1711956480000.0,0.12272000000000034,-0.0030843280000000003,2591.487218116006,2591.7234681160057,-5.2,2.9657,10.5,2.9421,long_nclose,30.892049999999998,0.011920587446485002,20.0
1711956540000.0,1236941,1711956540000.0,0.08260000000000023,-0.00207599,2591.567742126006,2591.769342126006,-3.5,2.9657,7.0,2.9421,long_nclose,20.5947,0.007946811370288562,1.0
1711956960000.0,1236948,1711956960000.0,0.05428000000000015,-0.0013642219999999998,2591.620657904006,2591.7339279040057,-2.3,2.9657,4.7,2.9421,long_nclose,13.82787,0.005335607260972909,7.0
1711957500000.0,1236957,1711957500000.0,0.0354000000000001,-0.00088971,2591.655168194006,2591.742848194006,-1.5,2.9657,3.2,2.9421,long_nclose,9.41472,0.003632705506327312,9.0
1711958700000.0,1236977,1711958700000.0,0.023600000000000065,-0.00059314,2591.678175054006,2591.730535054006,-1.0,2.9657,2.2,2.9421,long_nclose,6.47262,0.0024974628649118914,20.0
1711979460000.0,1237323,1711979460000.0,0.016520000000000045,-0.00041519800000000003,2591.694279856006,2591.726529856006,-0.7,2.9657,1.5,2.9421,long_nclose,4.41315,0.001702805008407548,346.0
1711983960000.0,1237398,1711983960000.0,0.0,-0.019888199999999998,2591.674391656006,2591.300651656006,34.8,2.8575,36.3,2.860995867768595,long_ientry_partial,103.85414999999999,0.04007222139261104,75.0
1711985340000.0,1237421,1711985340000.0,0.27714000000000016,-0.006979038,2591.944552618006,2592.421392618006,-12.1,2.8839,24.2,2.860995867768595,long_nclose,69.23610000000001,0.026712029750045288,23.0
1711987140000.0,1237451,1711987140000.0,0.0,-0.006996240000000001,2591.9375563780063,2591.668606378006,12.3,2.844,36.5,2.855268493150685,long_ientry_partial,104.2173,0.040208260319987824,30.0
1712001300000.0,1237687,1712001300000.0,0.27747123287671416,-0.006965244,2592.208062366883,2592.7187911340066,-12.1,2.8782,24.4,2.855268493150685,long_nclose,69.66855123287671,0.026876141712661762,236.0
1712001420000.0,1237689,1712001420000.0,0.18574520547945328,-0.004662684,2592.389144888363,2592.7645584500065,-8.1,2.8782,16.3,2.855268493150685,long_nclose,46.540876438356165,0.01795288972341395,2.0
1712001600000.0,1237692,1712001600000.0,0.1238301369863022,-0.0031084560000000003,2592.509866569349,2592.7064099940067,-5.4,2.8782,10.9,2.855268493150685,long_nclose,31.122426575342466,0.012004747591000132,3.0
1712001720000.0,1237694,1712001720000.0,0.08255342465753479,-0.002072304,2592.590347690006,2592.7898676900063,-3.6,2.8782,7.3,2.855268493150685,long_nclose,20.84346,0.008039627247155144,2.0
1712001900000.0,1237697,1712001900000.0,0.05503561643835653,-0.001381536,2592.644001770445,2592.7499961540066,-2.4,2.8782,4.9,2.855268493150685,long_nclose,13.990815616438358,0.005396350446449423,3.0
1712001960000.0,1237698,1712001960000.0,0.03669041095890435,-0.0009210240000000001,2592.6797711574036,2592.7577551300064,-1.6,2.8782,3.3,2.855268493150685,long_nclose,9.422386027397259,0.003634226691710173,1.0
1712002320000.0,1237704,1712002320000.0,0.025224657534246745,-0.0006332040000000002,2592.7043626109376,2592.757451926006,-1.1,2.8782,2.2,2.855268493150685,long_nclose,6.2815906849315075,0.0024227948143712543,6.0
1712003400000.0,1237722,1712003400000.0,0.016052054794520654,-0.000402948,2592.720011717732,2592.7548589780063,-0.7,2.8782,1.5,2.855268493150685,long_nclose,4.282902739726027,0.001651895584702381,18.0
1712003580000.0,1237725,1712003580000.0,0.01146575342465761,-0.00028782000000000005,2592.731189651157,2592.755121158006,-0.5,2.8782,1.0,2.855268493150685,long_nclose,2.855268493150685,0.001101258975302739,3.0
1712013840000.0,1237896,1712013840000.0,0.024315753424657638,-0.00029039,2592.7552150145816,2592.778830768006,-0.5,2.9039,0.5,2.855268493150685,long_nclose,1.4276342465753424,0.0005506243853287605,171.0
1712013900000.0,1237897,1712013900000.0,0.009726301369863057,-0.00011615600000000002,2592.7648251599517,2592.7794146120063,-0.2,2.9039,0.3,2.855268493150685,long_nclose,0.8565805479452054,0.0003303734066557161,1.0
1712014320000.0,1237904,1712014320000.0,0.004863150684931528,-5.807800000000001e-05,2592.7696302326362,2592.780296534006,-0.1,2.9039,0.2,2.855268493150685,long_nclose,0.571053698630137,0.00022024852959223347,7.0
1712014800000.0,1237912,1712014800000.0,0.004863150684931528,-5.807800000000001e-05,2592.774435305321,2592.779338456006,-0.1,2.9039,0.1,2.855268493150685,long_nclose,0.2855268493150685,0.00011012406070775121,8.0
1712019120000.0,1237984,1712019120000.0,0.002293150684931522,-5.7564000000000007e-05,2592.7766708920058,2592.7766708920058,-0.1,2.8782,0.0,2.855268493150685,long_nclose,0.0,0.0,72.0
1712025360000.0,1238088,1712025360000.0,0.0,-0.020724802,2592.7559460900056,2592.8301460900057,37.1,2.7931,37.1,2.7931,long_ientry_normal,103.62401,0.0399667427843603,104.0
1712025540000.0,1238091,1712025540000.0,0.0,-0.020737830000000002,2592.7352082600055,2590.2066882600056,38.1,2.7215,75.2,2.7568239361702127,long_rentry,207.31316,0.0799592489582184,3.0
1712026080000.0,1238100,1712026080000.0,0.551901595744686,-0.0138945,2593.2732153557504,2593.5681937600057,-25.0,2.7789,50.2,2.7568239361702127,long_nclose,138.3925615957447,0.053365978091421316,9.0
1712026560000.0,1238108,1712026560000.0,0.3686702659574502,-0.009281526,2593.632604095708,2594.492752234006,-16.7,2.7789,33.5,2.7568239361702127,long_nclose,92.35360186170213,0.0356078195947502,8.0
1712026860000.0,1238113,1712026860000.0,0.24504430851064057,-0.006169158,2593.8714792462188,2594.545183076006,-11.1,2.7789,22.4,2.7568239361702127,long_nclose,61.75285617021276,0.023807215069945636,5.0
1712026920000.0,1238114,1712026920000.0,0.0,-0.008293638,2593.863185608219,2594.149639438006,14.9,2.7831,37.3,2.76732027265986,long_ientry_partial,103.22104617021276,0.03979432945535603,1.0
1712047800000.0,1238462,1712047800000.0,0.0,-0.020763049999999998,2593.842422558219,2591.041646388006,38.5,2.6965,75.8,2.731349553696738,long_rentry,207.03629617021272,0.07981837846804118,348.0
1712054580000.0,1238575,1712054580000.0,0.0,-0.020744897999999998,2593.821677660219,2586.6371414900063,39.3,2.6393,115.1,2.699919949350241,long_rentry,310.7607861702127,0.11980807657160819,113.0
1712104560000.0,1239408,1712104560000.0,0.0,-0.030888780000000005,2593.7907888802188,2581.0209427100062,59.7,2.587,174.8,2.661354039875359,long_rentry,465.20468617021277,0.17935320310511593,833.0
1712108700000.0,1239477,1712108700000.0,1.2423348792541233,-0.031226628000000006,2595.001897131473,2597.852296082006,-58.2,2.6827,116.6,2.661354039875359,long_nclose,310.31388104946683,0.11958136962924351,69.0
1712111040000.0,1239516,1712111040000.0,2.643669475266589,-0.031560122,2597.6140064847395,2600.315975960006,-58.3,2.7067,58.3,2.661354039875359,long_nclose,155.15694052473341,0.059730560482579895,39.0
1712111640000.0,1239526,1712111640000.0,1.3195674396270622,-0.015752994000000003,2598.9178209303664,2600.195202966006,-29.1,2.7067,29.2,2.661354039875359,long_nclose,77.71153796436047,0.029901498746328626,10.0
1712111700000.0,1239527,1712111700000.0,0.6620510178197632,-0.007903564,2599.571968384186,2600.269059402006,-14.6,2.7067,14.6,2.661354039875359,long_nclose,38.85576898218024,0.014946987217411714,1.0
1712111940000.0,1239531,1712111940000.0,0.3310255089098816,-0.003951782,2599.899042111096,2600.214737620006,-7.3,2.7067,7.3,2.661354039875359,long_nclose,19.42788449109012,0.007472553424734078,4.0
1712112000000.0,1239532,1712112000000.0,0.16324545644870875,-0.0019488240000000003,2600.060338743545,2600.264748796006,-3.6,2.7067,3.7,2.661354039875359,long_nclose,9.847009947538828,0.0037872236273937027,1.0
1712114280000.0,1239570,1712114280000.0,0.25658005246117294,-0.0020207180000000003,2600.314898078006,2600.314898078006,-3.7,2.7307,0.0,2.661354039875359,long_nclose,0.0,0.0,38.0
1712285160000.0,1242418,1712285160000.0,0.0,-0.020777749999999998,2600.294120328006,2600.355400328006,38.3,2.7125,38.3,2.7125,long_ientry_normal,103.88874999999999,0.03995269196197516,2848.0
1712286900000.0,1242447,1712286900000.0,0.2768600000000033,-0.006945122000000001,2600.564035206006,2601.0734752060057,-12.7,2.7343,25.6,2.7125,long_nclose,69.44,0.026701899687887998,29.0
1712287020000.0,1242449,1712287020000.0,0.18530000000000224,-0.00464831,2600.744686896006,2601.190996896006,-8.5,2.7343,17.1,2.7125,long_nclose,46.38375,0.01783479563899796,2.0
1712287260000.0,1242453,1712287260000.0,0.12426000000000151,-0.0031171020000000005,2600.865829794006,2601.092689794006,-5.7,2.7343,11.4,2.7125,long_nclose,30.9225,0.011889309954312071,4.0
1712287320000.0,1242454,1712287320000.0,0.082840000000001,-0.002078068,2600.946591726006,2601.157871726006,-3.8,2.7343,7.6,2.7125,long_nclose,20.615,0.007925960519750521,1.0
1712288400000.0,1242472,1712288400000.0,0.1755600000000009,-0.0020966120000000003,2601.120055114006,2601.285355114006,-3.8,2.7587,3.8,2.7125,long_nclose,10.3075,0.003962715976809547,18.0
1712288580000.0,1242475,1712288580000.0,0.08778000000000045,-0.0010483060000000002,2601.2067868080057,2601.2955168080057,-1.9,2.7587,1.9,2.7125,long_nclose,5.15375,0.0019812919242473115,3.0
1712289060000.0,1242483,1712289060000.0,0.04158000000000022,-0.000496566,2601.247870242006,2601.2932702420057,-0.9,2.7587,1.0,2.7125,long_nclose,2.7125,0.0010427687538087803,8.0
1712289120000.0,1242484,1712289120000.0,0.02310000000000012,-0.00027587000000000005,2601.2706943720054,2601.2940943720055,-0.5,2.7587,0.5,2.7125,long_nclose,1.35625,0.0005213798021614293,1.0
1712289420000.0,1242489,1712289420000.0,0.009240000000000049,-0.00011034800000000001,2601.2798240240054,2601.2943140240054,-0.2,2.7587,0.3,2.7125,long_nclose,0.81375,0.0003128267833720339,5.0
1712289540000.0,1242491,1712289540000.0,0.004620000000000024,-5.5174000000000004e-05,2601.2843888500056,2601.2940488500058,-0.1,2.7587,0.2,2.7125,long_nclose,0.5425,0.00020855082294167469,2.0
1712289720000.0,1242494,1712289720000.0,0.004620000000000024,-5.5174000000000004e-05,2601.288953676006,2601.2936036760057,-0.1,2.7587,0.1,2.7125,long_nclose,0.27125,0.00010427522848497229,3.0
1712289960000.0,1242498,1712289960000.0,0.004620000000000024,-5.5174000000000004e-05,2601.293518502006,2601.293518502006,-0.1,2.7587,0.0,2.7125,long_nclose,0.0,0.0,4.0
1712294280000.0,1242570,1712294280000.0,0.0,-0.020802024000000002,2601.272716478006,2601.272716478006,38.7,2.6876,38.7,2.6876,long_ientry_normal,104.01012000000001,0.03998431972977618,72.0
1712298780000.0,1242645,1712298780000.0,0.27863999999999794,-0.006989736000000001,2601.544366742006,2602.114546742006,-12.9,2.7092,25.8,2.6876,long_nclose,69.34008,0.026653429742133024,75.0
1712305320000.0,1242754,1712305320000.0,0.18575999999999862,-0.004659824,2601.7254669180056,2602.1193469180057,-8.6,2.7092,17.2,2.6876,long_nclose,46.22672,0.01776771630511808,109.0
1712309100000.0,1242817,1712309100000.0,0.0,-0.011734032,2601.713732886006,2601.2701928860056,22.2,2.6428,39.4,2.6623573604060917,long_ientry_partial,104.89688000000001,0.04031837887239075,63.0
1712318580000.0,1242975,1712318580000.0,0.0,-0.020803078000000003,2601.692929808006,2598.9241598080057,40.1,2.5939,79.5,2.627827295597484,long_rentry,208.91226999999998,0.08029858850998871,158.0
1712321820000.0,1243029,1712321820000.0,0.5584266666666642,-0.01403917,2602.237317304672,2603.3488706380053,-26.5,2.6489,53.0,2.627827295597484,long_nclose,139.27484666666666,0.05352119337483171,54.0
1712321940000.0,1243031,1712321940000.0,0.3708795974842751,-0.009324128000000001,2602.5988727741565,2603.3306865100053,-17.6,2.6489,35.4,2.627827295597484,long_nclose,93.02508626415094,0.03574315167707494,2.0
1712322000000.0,1243032,1712322000000.0,0.24865791194968445,-0.006251404,2602.841279282106,2603.1545151060054,-11.8,2.6489,23.6,2.627827295597484,long_nclose,62.01672417610063,0.023826548575872276,1.0
1712324520000.0,1243074,1712324520000.0,0.1643670943396219,-0.004132284,2603.001514092445,2603.337622822005,-7.8,2.6489,15.8,2.627827295597484,long_nclose,41.51967127044025,0.015950690403234886,42.0
1712325960000.0,1243098,1712325960000.0,0.10957806289308128,-0.002754856,2603.108337299338,2603.318987966005,-5.2,2.6489,10.6,2.627827295597484,long_nclose,27.854969333333333,0.010700656954689865,24.0
1712326200000.0,1243102,1712326200000.0,0.0737544654088047,-0.00185423,2603.180237534747,2603.364643736005,-3.5,2.6489,7.1,2.627827295597484,long_nclose,18.65757379874214,0.007167223202497556,4.0
1712327640000.0,1243126,1712327640000.0,0.04846722012578594,-0.0012184939999999999,2603.227486260873,2603.3435152420047,-2.3,2.6489,4.8,2.627827295597484,long_nclose,12.613571018867924,0.0048453587269798445,24.0
1712328300000.0,1243137,1712328300000.0,0.10745449056603817,-0.001282848,2603.333657903439,2603.441352394005,-2.4,2.6726,2.4,2.627827295597484,long_nclose,6.306785509433962,0.0024225805594635342,11.0
1712329560000.0,1243158,1712329560000.0,0.05372724528301909,-0.000641424,2603.386743724722,2603.4421509700046,-1.2,2.6726,1.2,2.627827295597484,long_nclose,3.153392754716981,0.0012112655802362096,21.0
1712329680000.0,1243160,1712329680000.0,0.026863622641509544,-0.000320712,2603.4132866353634,2603.438470258005,-0.6,2.6726,0.6,2.627827295597484,long_nclose,1.5766963773584906,0.0006056266154330817,2.0
1712329740000.0,1243161,1712329740000.0,0.013431811320754772,-0.000160356,2603.4265580906845,2603.4401699020054,-0.3,2.6726,0.3,2.627827295597484,long_nclose,0.7883481886792453,0.0003028117640688925,1.0
1712329980000.0,1243165,1712329980000.0,0.004477270440251591,-5.3452e-05,2603.430981909125,2603.4400764500056,-0.1,2.6726,0.2,2.627827295597484,long_nclose,0.5255654591194968,0.00020187416634878249,4.0
1712331180000.0,1243185,1712331180000.0,0.004477270440251591,-5.3452e-05,2603.4354057275655,2603.439922998006,-0.1,2.6726,0.1,2.627827295597484,long_nclose,0.2627827295597484,0.00010093691165973453,20.0
1712332740000.0,1243211,1712332740000.0,0.006847270440251574,-5.3926e-05,2603.4421990720057,2603.4421990720057,-0.1,2.6963,0.0,2.627827295597484,long_nclose,0.0,0.0,26.0
1712650080000.0,1248500,1712650080000.0,0.0,-0.020853640000000003,2603.4213454320056,2603.3377454320057,38.0,2.7439,38.0,2.7439,long_ientry_normal,104.26820000000001,0.04005045137351672,5289.0
1712650620000.0,1248509,1712650620000.0,0.27719999999999745,-0.006970067999999999,2603.6915753640055,2604.0954353640054,-12.6,2.7659,25.4,2.7439,long_nclose,69.69506,0.026767786422728035,9.0
1712650740000.0,1248511,1712650740000.0,0.1847999999999983,-0.004646712000000001,2603.8717286520055,2604.2491286520053,-8.4,2.7659,17.0,2.7439,long_nclose,46.6463,0.0179142080950924,2.0
1712650980000.0,1248515,1712650980000.0,0.12319999999999885,-0.0030978079999999996,2603.9918308440056,2604.2620108440055,-5.6,2.7659,11.4,2.7439,long_nclose,31.28046,0.012012503122892433,4.0
1712651100000.0,1248517,1712651100000.0,0.08359999999999923,-0.0021020839999999997,2604.0733287600056,2604.2481287600053,-3.8,2.7659,7.6,2.7439,long_nclose,20.85364,0.008008084783822114,2.0
1712651220000.0,1248519,1712651220000.0,0.054999999999999494,-0.00138295,2604.1269458100055,2604.2422058100055,-2.5,2.7659,5.1,2.7439,long_nclose,13.993889999999999,0.0053737357245643965,2.0
1712651520000.0,1248524,1712651520000.0,0.037399999999999656,-0.000940406,2604.1634054040055,2604.2388854040055,-1.7,2.7659,3.4,2.7439,long_nclose,9.32926,0.0035824403263790866,5.0
1712652960000.0,1248548,1712652960000.0,0.07938999999999993,-0.000948804,2604.2418466000054,2604.3127366000053,-1.7,2.7906,1.7,2.7439,long_nclose,4.66463,0.0017911662106535747,24.0
1712653380000.0,1248555,1712653380000.0,0.03735999999999997,-0.00044649600000000006,2604.278760104005,2604.321870104005,-0.8,2.7906,0.9,2.7439,long_nclose,2.46951,0.0009482510235967893,7.0
1712653560000.0,1248558,1712653560000.0,0.018679999999999985,-0.00022324800000000003,2604.297216856005,2604.319616856005,-0.4,2.7906,0.5,2.7439,long_nclose,1.37195,0.0005268023907256884,3.0
1712653620000.0,1248559,1712653620000.0,0.009339999999999992,-0.00011162400000000001,2604.306445232005,2604.320965232005,-0.2,2.7906,0.3,2.7439,long_nclose,0.82317,0.0003160803143988947,1.0
1712653800000.0,1248562,1712653800000.0,0.004669999999999996,-5.581200000000001e-05,2604.3110594200048,2604.321679420005,-0.1,2.7906,0.2,2.7439,long_nclose,0.54878,0.0002107198362557415,3.0
1712655960000.0,1248598,1712655960000.0,0.004669999999999996,-5.581200000000001e-05,2604.3156736080045,2604.3203136080047,-0.1,2.7906,0.1,2.7439,long_nclose,0.27439,0.00010535973145677138,36.0
1712656860000.0,1248613,1712656860000.0,0.004669999999999996,-5.581200000000001e-05,2604.3202877960043,2604.3202877960043,-0.1,2.7906,0.0,2.7439,long_nclose,0.0,0.0,15.0
1712673060000.0,1248883,1712673060000.0,0.0,-0.020828928,2604.2994588680044,2604.4837788680043,38.4,2.7121,38.4,2.7121,long_ientry_normal,104.14464,0.039989502607072666,270.0
1712681400000.0,1249022,1712681400000.0,0.0,-0.020823688,2604.2786351800046,2601.6954151800046,39.4,2.6426,77.8,2.676903341902314,long_rentry,208.26308,0.07996958435501857,139.0
1712751900000.0,1250197,1712751900000.0,0.0,-0.021106655999999998,2604.2575285240046,2597.1489085240046,40.8,2.5866,118.6,2.6458377740303543,long_rentry,313.79636,0.12049359810350553,1175.0
1712752680000.0,1250210,1712752680000.0,0.0,-0.031178040000000004,2604.2263504840043,2591.3454304840043,61.5,2.5348,180.1,2.607920932815103,long_rentry,469.68656000000004,0.18035550554686125,13.0
1712767920000.0,1250464,1712767920000.0,1.2527440310938243,-0.0315456,2605.447548915098,2607.4627148840045,-60.0,2.6288,120.1,2.607920932815103,long_nclose,313.21130403109385,0.12021401243003885,254.0
1712767980000.0,1250465,1712767980000.0,0.8351626873958828,-0.0210304,2606.261681202494,2608.134344484004,-40.0,2.6288,80.1,2.607920932815103,long_nclose,208.89446671848972,0.08015099490013936,1.0
1712768100000.0,1250467,1712768100000.0,0.5574710938367518,-0.014037792,2606.8051145043305,2607.989476692004,-26.7,2.6288,53.4,2.607920932815103,long_nclose,139.26297781232648,0.05342285736569401,2.0
1712768520000.0,1250474,1712768520000.0,0.37164739589116785,-0.009358528000000001,2607.1674033722215,2607.924938164004,-17.8,2.6288,35.6,2.607920932815103,long_nclose,92.84198520821766,0.03561028919283506,7.0
1712769000000.0,1250482,1712769000000.0,0.24637299278178545,-0.006203968000000001,2607.407572397003,2607.868794196004,-11.8,2.6288,23.8,2.607920932815103,long_nclose,62.06851820099945,0.02380468587192893,8.0
1712769060000.0,1250483,1712769060000.0,0.16494463076068686,-0.004153504000000001,2607.5683635237638,2607.8828506920036,-7.9,2.6288,15.9,2.607920932815103,long_nclose,41.46594283176014,0.015902149838834798,1.0
1712769240000.0,1250486,1712769240000.0,0.11065905607995448,-0.002786528,2607.6762360518437,2607.9134541640037,-5.3,2.6288,10.6,2.607920932815103,long_nclose,27.643961887840092,0.010600994673209307,3.0
1712771400000.0,1250522,1712771400000.0,0.07307673514713975,-0.0018401600000000002,2607.7474726269907,2607.9333440040036,-3.5,2.6288,7.1,2.607920932815103,long_nclose,18.51623862298723,0.007100472272468299,36.0
1712772000000.0,1250532,1712772000000.0,0.04802185452526326,-0.0012092479999999998,2607.794285233516,2607.8666647560035,-2.3,2.6288,4.8,2.607920932815103,long_nclose,12.518020477512493,0.004800233112095942,10.0
1712787480000.0,1250790,1712787480000.0,0.03340650749583531,-0.0008412160000000001,2607.8268505250117,2607.899103540003,-1.6,2.6288,3.2,2.607920932815103,long_nclose,8.34534698500833,0.003200115446057407,258.0
1712811900000.0,1251197,1712811900000.0,0.02087906718489707,-0.00052576,2607.8472038321966,2607.895117780003,-1.0,2.6288,2.2,2.607920932815103,long_nclose,5.737426052193227,0.002200062198338214,407.0
1712812620000.0,1251209,1712812620000.0,0.014615347029427949,-0.00036803199999999996,2607.861451147226,2607.8960697480034,-0.7,2.6288,1.5,2.607920932815103,long_nclose,3.911881399222654,0.0015000342128995295,12.0
1712813700000.0,1251227,1712813700000.0,0.010439533592448536,-0.00026288,2607.8716278008187,2607.8927068680036,-0.5,2.6288,1.0,2.607920932815103,long_nclose,2.607920932815103,0.0010000189062274994,18.0
1712814000000.0,1251232,1712814000000.0,0.0062637201554691215,-0.00015772800000000002,2607.877733792974,2607.8925591400034,-0.3,2.6288,0.7,2.607920932815103,long_nclose,1.825544652970572,0.0007000115953731642,5.0
1712814180000.0,1251235,1712814180000.0,0.004175813436979414,-0.00010515200000000001,2607.8818044544114,2607.8916939880037,-0.2,2.6288,0.5,2.607920932815103,long_nclose,1.3039604664075515,0.0005000075019428842,3.0
1712814300000.0,1251237,1712814300000.0,0.002087906718489707,-5.2576000000000006e-05,2607.8838397851296,2607.8928714120034,-0.1,2.6288,0.4,2.607920932815103,long_nclose,1.0431683731260413,0.00040000568936843087,2.0
1712814540000.0,1251241,1712814540000.0,0.002087906718489707,-5.2576000000000006e-05,2607.8858751158477,2607.892648836003,-0.1,2.6288,0.3,2.607920932815103,long_nclose,0.7823762798445308,0.0003000040328872812,4.0
1712817900000.0,1251297,1712817900000.0,0.004437906718489692,-5.304600000000001e-05,2607.890259976566,2607.899395790003,-0.1,2.6523,0.2,2.607920932815103,long_nclose,0.5215841865630206,0.00020000235231052533,56.0
1712820180000.0,1251335,1712820180000.0,0.013575813436979445,-0.00010703200000000001,2607.903728758003,2607.903728758003,-0.2,2.6758,0.0,2.607920932815103,long_nclose,0.0,0.0,38.0
1712928000000.0,1253132,1712928000000.0,0.0,-0.020861172,2607.882867586003,2607.866107586003,41.9,2.4894,41.9,2.4894,long_ientry_normal,104.30586,0.03999637456744793,1797.0
1712935020000.0,1253249,1712935020000.0,0.0,-0.020860160000000003,2607.862007426003,2605.061437426003,43.0,2.4256,84.9,2.4570866902237922,long_rentry,208.60665999999998,0.0799914487062518,117.0
1712938740000.0,1253311,1712938740000.0,0.0,-0.020892960000000002,2607.841114466003,2601.951244466003,44.0,2.3742,128.9,2.4287933281613654,long_rentry,313.07146,0.1200500514633946,62.0
1712942700000.0,1253377,1712942700000.0,0.0,-0.031090056,2607.8100244100033,2594.1537944100032,66.8,2.3271,195.7,2.394081451200818,long_rentry,468.52174,0.17966099355952872,66.0
1712942880000.0,1253380,1712942880000.0,0.0,-0.04597747,2607.7640469400035,2573.151156940003,101.5,2.2649,297.2,2.3499632907133248,long_rentry,698.4090900000001,0.26781912681844267,3.0
1712946720000.0,1253444,1712946720000.0,0.0,-0.06722458399999999,2607.6968223560034,2507.9876323560034,154.1,2.1812,451.3,2.292337713272768,long_rentry,1034.5320100000001,0.3967225028350192,64.0
1712946780000.0,1253445,1712946780000.0,0.0,-0.096814396,2607.6000079600035,2553.9014379600035,234.1,2.0678,685.4,2.2156463233148527,long_rentry,1518.60399,0.5823761256957678,1.0
1712946900000.0,1253447,1712946900000.0,0.0,-0.13617072000000002,2607.4638372400036,2345.953867240004,355.5,1.9152,1040.9,2.1130344797771157,long_rentry,2199.45759,0.8435237177931957,2.0
1712949480000.0,1253490,1712949480000.0,5.885338965318536,-0.1477794,2613.201396805322,2623.032267840004,-346.9,2.13,694.0,2.1130344797771157,long_nclose,1466.4459289653182,0.5611683549373846,43.0
1712949540000.0,1253491,1712949540000.0,3.924124827553121,-0.0985338,2617.026987832875,2625.3396340400036,-231.3,2.13,462.7,2.1130344797771157,long_nclose,977.7010537928714,0.3735922702893074,1.0
1712949660000.0,1253493,1712949660000.0,2.616083218368747,-0.0656892,2619.5773818512434,2626.230344840003,-154.2,2.13,308.5,2.1130344797771157,long_nclose,651.8711370112402,0.2488459174855777,2.0
1712950200000.0,1253502,1712950200000.0,1.744055478912498,-0.04379279999999999,2621.2776445301556,2625.569682040003,-102.8,2.13,205.7,2.1130344797771157,long_nclose,434.65119249015265,0.16581654118065034,9.0
1712950260000.0,1253503,1712950260000.0,3.697255478912511,-0.044183440000000004,2624.9307165690684,2628.5080886000032,-102.8,2.149,102.9,2.1130344797771157,long_nclose,217.43124796906523,0.08283313787925803,1.0
1712950320000.0,1253504,1712950320000.0,1.8486277394562556,-0.022091720000000002,2626.757252588525,2628.7794268800035,-51.4,2.149,51.5,2.1130344797771157,long_nclose,108.82127570852145,0.04142799095778039,1.0
1712950440000.0,1253506,1712950440000.0,0.9243138697281278,-0.011045860000000001,2627.6705205982526,2628.244971020003,-25.7,2.149,25.8,2.1130344797771157,long_nclose,54.516289578249584,0.02074700353446049,2.0
1712950500000.0,1253507,1712950500000.0,0.0,-0.009993203999999999,2627.6605273942528,2627.664257816003,23.4,2.1353,49.2,2.123624178419707,long_ientry_partial,104.48230957824958,0.039762483962059045,1.0
1712952240000.0,1253536,1712952240000.0,0.2800434739168029,-0.0070214959999999995,2627.9335493721696,2628.6904363200033,-16.4,2.1407,32.8,2.123624178419707,long_nclose,69.65487305216638,0.026505568631599297,29.0
1712952300000.0,1253537,1712952300000.0,0.0,-0.0069553079999999995,2627.9265940641694,2628.516881012003,16.2,2.1467,49.0,2.131253327595232,long_ientry_partial,104.43141305216636,0.03973909061541173,1.0
1712952360000.0,1253538,1712952360000.0,0.27949076019772157,-0.007003784000000001,2628.199081040367,2628.887307228003,-16.3,2.1484,32.7,2.131253327595232,long_nclose,69.69198381236409,0.026517010950622758,1.0
1712952420000.0,1253539,1712952420000.0,0.0,-0.006930406000000001,2628.1921506343674,2629.036536822003,16.1,2.1523,48.8,2.1381970043517233,long_ientry_partial,104.3440138123641,0.03970182080757625,1.0
1712952960000.0,1253548,1712952960000.0,0.8882330938179475,-0.010612047999999999,2629.0697716801856,2629.9604447740035,-24.4,2.1746,24.4,2.1381970043517233,long_nclose,52.17200690618205,0.019844283886326825,9.0
1712953020000.0,1253549,1712953020000.0,0.0,-0.010438560000000001,2629.059333120186,2629.6886462140037,24.0,2.1747,48.4,2.156297663350869,long_ientry_partial,104.36480690618205,0.0396966343023994,1.0
1712953140000.0,1253551,1712953140000.0,0.2785676200510118,-0.006998992000000002,2629.330901748237,2630.041577222004,-16.1,2.1736,32.3,2.156297663350869,long_nclose,69.64841452623305,0.02648902596471367,2.0
1712953200000.0,1253552,1712953200000.0,0.0,-0.006970560000000001,2629.323931188237,2630.068416662004,16.0,2.1783,48.3,2.1635862220752187,long_ientry_partial,104.50121452623306,0.0397445188425327,1.0
1712953260000.0,1253553,1712953260000.0,0.2803618245889803,-0.007022820000000001,2629.597270192826,2630.1805338420036,-16.1,2.181,32.2,2.1635862220752187,long_nclose,69.66747635082204,0.02649359167676402,1.0
1712953320000.0,1253554,1712953320000.0,0.0,-0.006981440000000001,2629.590288752826,2630.048232402004,16.0,2.1817,48.2,2.1695990944153953,long_ientry_partial,104.57467635082206,0.03976842962879218,1.0
1712953440000.0,1253556,1712953440000.0,0.27841448935367197,-0.0069984,2629.8617048421793,2630.4252340020034,-16.0,2.187,32.2,2.1695990944153953,long_nclose,69.86109084017573,0.026564549273273733,2.0
1712953500000.0,1253557,1712953500000.0,0.0,-0.0069549780000000005,2629.854749864179,2630.3124590240036,15.9,2.1871,48.1,2.1753842170514703,long_ientry_partial,104.63598084017572,0.039787741450580005,1.0
1712953680000.0,1253560,1712953680000.0,0.27865252717647593,-0.007016960000000001,2630.1263854313556,2630.7400020640034,-16.0,2.1928,32.1,2.1753842170514703,long_nclose,69.8298333673522,0.026549991572325033,3.0
1712953740000.0,1253561,1712953740000.0,0.0,-0.006934620000000002,2630.119450811356,2630.8767674440037,15.8,2.1945,47.9,2.1816896318862673,long_ientry_partial,104.5029333673522,0.03973315103050338,1.0
1712953800000.0,1253562,1712953800000.0,0.2784148530083471,-0.0069934559999999995,2630.390872208364,2630.218403988003,-15.9,2.1992,32.0,2.1816896318862673,long_nclose,69.81406822036055,0.026541328499116803,1.0
1712953860000.0,1253563,1712953860000.0,0.0,-0.007094738,2630.383777470364,2630.1726692500033,16.3,2.1763,48.3,2.179870770607879,long_ientry_partial,105.28775822036056,0.04002752720806986,1.0
1712959740000.0,1253661,1712959740000.0,0.28222059321314785,-0.0070756280000000005,2630.6589224355766,2631.274883622003,-16.1,2.1974,32.2,2.179870770607879,long_nclose,70.19183881357371,0.02668222710855541,98.0
1712959800000.0,1253662,1712959800000.0,0.0,-0.00690486,2630.652017575577,2631.085958762003,15.7,2.199,47.9,2.1861406850432923,long_ientry_partial,104.71613881357369,0.03980615380291942,1.0
1712960100000.0,1253667,1712960100000.0,0.2791931078116525,-0.0070077659999999995,2630.924202917389,2631.4797009960034,-15.9,2.2037,32.0,2.1861406850432923,long_nclose,69.95650192138535,0.026590086420510226,5.0
1712960160000.0,1253668,1712960160000.0,0.0,-0.00696306,2630.9172398573887,2631.5444379360033,15.8,2.2035,47.8,2.1918787012842125,long_ientry_partial,104.77180192138535,0.03982329825284227,1.0
1712960160000.0,1253668,1712960160000.0,0.12530576638734772,-0.0046718440000000005,2631.0378737797764,2631.5259860920037,-10.6,2.2037,37.2,2.1918787012842125,long_nclose,81.53788768777271,0.03099076927031633,0.0
1712960340000.0,1253671,1712960340000.0,0.0,-0.0046305,2631.0332432797763,2631.5213555920036,10.5,2.205,47.7,2.1947670374795116,long_ientry_partial,104.69038768777271,0.039790598600445065,3.0
1712960640000.0,1253676,1712960640000.0,0.2803641040757674,-0.007035432,2631.306571951852,2631.8323201600037,-15.9,2.2124,31.8,2.1947670374795116,long_nclose,69.79359179184847,0.026524310217519404,5.0
1712960760000.0,1253678,1712960760000.0,0.0,-0.007018896,2631.2995530558524,2631.742621264004,15.9,2.2072,47.7,2.198911358319674,long_ientry_partial,104.88807179184846,0.03986169939110011,2.0
1712964900000.0,1253747,1712964900000.0,0.281249402717182,-0.007048788000000001,2631.5737536705697,2632.148972476004,-15.9,2.2166,31.8,2.198911358319674,long_nclose,69.92538119456565,0.026571697295974462,69.0
1712966940000.0,1253781,1712966940000.0,0.0,-0.007128642000000001,2631.5666250285694,2631.298553834004,16.3,2.1867,48.1,2.194773205708225,long_ientry_partial,105.56859119456564,0.040116252497851744,34.0
1712968320000.0,1253804,1712968320000.0,0.282028708668399,-0.0070796800000000005,2631.8415740572377,2632.0318241540035,-16.0,2.2124,32.1,2.194773205708225,long_nclose,70.45221990323404,0.026769172049602188,23.0
1712970060000.0,1253833,1712970060000.0,0.0,-0.007096368000000001,2631.8344776892377,2631.2817377860038,16.3,2.1768,48.4,2.188720245934588,long_ientry_partial,105.93405990323404,0.040251034326537365,29.0
1712973000000.0,1253882,1712973000000.0,0.0,-0.021069099999999997,2631.8134085892375,2628.9554286860034,49.4,2.1325,97.8,2.160322698397076,long_rentry,211.27955990323403,0.08027908027738515,49.0
1713011700000.0,1254527,1713011700000.0,0.5665000322553279,-0.014198604000000004,2632.365710017493,2633.7138700820033,-32.6,2.1777,65.2,2.160322698397076,long_nclose,140.85303993548936,0.05350815785187893,645.0
1713011820000.0,1254529,1713011820000.0,0.3770874447834544,-0.009451218,2632.733346244276,2633.4327088640034,-21.7,2.1777,43.5,2.160322698397076,long_nclose,93.9740373802728,0.03569447605255253,2.0
1713011880000.0,1254530,1713011880000.0,0.2519708732424004,-0.006315330000000001,2632.979001787519,2633.4452435340036,-14.5,2.1777,29.0,2.160322698397076,long_nclose,62.6493582535152,0.02379409718458932,1.0
1713012900000.0,1254547,1713012900000.0,0.166822095388072,-0.004181184000000001,2633.1416426989067,2633.5505423500035,-9.6,2.1777,19.4,2.160322698397076,long_nclose,41.91026034890327,0.015916447360555305,17.0
1713013080000.0,1254550,1713013080000.0,0.11121473025871467,-0.0027874560000000002,2633.2500699731654,2633.4551748940034,-6.4,2.1777,13.0,2.160322698397076,long_nclose,28.084195079161987,0.010665221430886806,3.0
1713013500000.0,1254557,1713013500000.0,0.07472239689257391,-0.0018728220000000001,2633.3229195480576,2633.459312072003,-4.3,2.1777,8.7,2.160322698397076,long_nclose,18.79480747605456,0.00713729688696144,7.0
1713013560000.0,1254558,1713013560000.0,0.05039417464848008,-0.0012630660000000002,2633.372050656706,2633.471679006003,-2.9,2.1777,5.8,2.160322698397076,long_nclose,12.52987165070304,0.004758109150424969,1.0
1713013740000.0,1254561,1713013740000.0,0.033016873045555915,-0.0008275260000000002,2633.4042400037515,2633.478251480003,-1.9,2.1777,3.9,2.160322698397076,long_nclose,8.425258523748596,0.0031993791138335047,3.0
1713014040000.0,1254566,1713014040000.0,0.022590492083801417,-0.0005662020000000001,2633.4262642938356,2633.4740452780034,-1.3,2.1777,2.6,2.160322698397076,long_nclose,5.616839015832398,0.0021329015708509225,5.0
1713026700000.0,1254777,1713026700000.0,0.0,-0.01999346,2633.4062708338356,2633.4277318180034,47.9,2.087,50.5,2.0907750300164833,long_ientry_partial,105.5841390158324,0.04009413214558819,211.0
1713028560000.0,1254808,1713028560000.0,0.0,-0.021063614,2633.3852072198356,2632.238278204003,51.7,2.0371,102.2,2.06362239741519,long_rentry,210.90220901583243,0.08008786881524632,31.0
1713029940000.0,1254831,1713029940000.0,0.0,-0.02113534,2633.3640718798356,2626.300522864003,53.0,1.9939,155.2,2.039812558091704,long_rentry,316.57890901583244,0.12021843557311145,23.0
1713034560000.0,1254908,1713034560000.0,0.8472307466589089,-0.021261108000000004,2634.1900415184946,2636.2380417560034,-51.7,2.0562,103.5,2.039812558091704,long_nclose,211.12059976249137,0.080146305480978,77.0
1713035280000.0,1254920,1713035280000.0,0.5653667458362157,-0.014187780000000002,2634.741220484331,2635.361353976003,-34.5,2.0562,69.0,2.039812558091704,long_nclose,140.74706650832758,0.053419692763016315,12.0
1713037740000.0,1254961,1713037740000.0,0.0,-0.021088480000000003,2634.720132004331,2630.156725496003,53.2,1.982,122.2,2.0146437521139737,long_rentry,246.1894665083276,0.09344046205053361,41.0
1713037980000.0,1254965,1713037980000.0,0.0,-0.024613148,2634.695518856331,2624.0566323480034,63.4,1.9411,185.6,1.9895215867905582,long_rentry,369.2552065083276,0.14015099804345282,4.0
1713038160000.0,1254968,1713038160000.0,0.0,-0.036557406,2634.658961450331,2609.7133449420035,96.3,1.8981,281.9,1.958291012800027,long_rentry,552.0422365083276,0.209530813887365,3.0
1713038160000.0,1254968,1713038160000.0,0.0,-0.053824992,2634.605136458331,2613.8993199500032,146.2,1.8408,428.1,1.9181667753056004,long_rentry,821.1671965083276,0.31168511180093317,0.0
1713038820000.0,1254979,1713038820000.0,0.0,-0.07829052,2634.526845938331,2570.8287794300036,222.0,1.7633,650.1,1.8652819512510805,long_rentry,1212.6197965083275,0.46027991644034,11.0
1713038940000.0,1254981,1713038940000.0,0.0,-0.11184924000000002,2634.414996698331,2569.9856201900034,337.2,1.6585,987.3,1.794658155077816,long_rentry,1771.8659965083277,0.672584235486428,2.0
1713040500000.0,1255007,1713040500000.0,4.752811163890729,-0.119074962,2639.0487329002217,2641.0508752280034,-329.1,1.8091,658.2,1.794658155077816,long_nclose,1181.2439976722185,0.4476021920118439,26.0
1713040560000.0,1255008,1713040560000.0,3.1685407759271524,-0.079383308,2642.137890368149,2648.694371920003,-219.4,1.8091,438.8,1.794658155077816,long_nclose,787.4959984481457,0.29805257375814626,1.0
1713040680000.0,1255010,1713040680000.0,6.700880775927153,-0.080089776,2648.758681368076,2652.0369221440033,-219.4,1.8252,219.4,1.794658155077816,long_nclose,393.7479992240728,0.1486537833717276,2.0
1713040740000.0,1255011,1713040740000.0,3.3504403879635767,-0.040044888,2652.0690768680397,2654.3993072560033,-109.7,1.8252,109.7,1.794658155077816,long_nclose,196.8739996120364,0.07423411453691647,1.0
1713040860000.0,1255013,1713040860000.0,1.673693101735679,-0.020004191999999997,2653.7227657777753,2655.7398930640034,-54.8,1.8252,54.9,1.794658155077816,long_nclose,98.52673271377209,0.03712774144472286,2.0
1713041040000.0,1255016,1713041040000.0,0.8368465508678395,-0.010002095999999999,2654.5496102326433,2655.1392609680033,-27.4,1.8252,27.5,1.794658155077816,long_nclose,49.35309926463994,0.018591891850276876,3.0
1713041100000.0,1255017,1713041100000.0,0.0,-0.01125982,2654.5383504126435,2654.4143011480037,31.0,1.8161,58.5,1.8060205002502554,long_ientry_partial,105.65219926463995,0.03980059253927015,1.0
1713041400000.0,1255022,1713041400000.0,0.0,-0.021223188,2654.5171272246434,2651.3023879600037,60.3,1.7598,118.8,1.7825600948202016,long_rentry,211.76813926463996,0.07977652021633337,5.0
1713042180000.0,1255035,1713042180000.0,0.5678602451200139,-0.014231448,2655.0707560217634,2655.7075165120036,-39.6,1.7969,79.2,1.7825600948202016,long_nclose,141.17875950975997,0.05317325694223523,13.0
1713042240000.0,1255036,1713042240000.0,0.37857349674667584,-0.009487632,2655.4398418865103,2656.2973088800036,-26.4,1.7969,52.8,1.7825600948202016,long_nclose,94.11917300650664,0.03544391084365193,1.0
1713043620000.0,1255059,1713043620000.0,0.0,-0.021244469999999998,2655.4185974165102,2652.0215644100035,61.1,1.7385,113.9,1.7589246971598476,long_rentry,200.34152300650663,0.07544630560372718,23.0
1713043740000.0,1255061,1713043740000.0,0.0,-0.021230976000000002,2655.3973664405103,2648.7872634340038,62.4,1.7012,176.3,1.7384934940811494,long_rentry,306.4964030065067,0.1154239312277985,2.0
1713043920000.0,1255064,1713043920000.0,0.8221818974365276,-0.02057435,2656.198973987947,2657.563899084004,-58.7,1.7525,117.6,1.7384934940811494,long_nclose,204.44683490394317,0.07696969877109473,3.0
1713043980000.0,1255065,1713043980000.0,0.5490550320189418,-0.013739600000000003,2656.734289419966,2657.9264794840037,-39.2,1.7525,78.4,1.7384934940811494,long_nclose,136.29788993596213,0.051302793237075844,1.0
1713044100000.0,1255067,1713044100000.0,1.160575032018944,-0.013861904000000001,2657.881002547985,2659.370857580004,-39.2,1.7681,39.2,1.7384934940811494,long_nclose,68.14894496798107,0.025640329609433184,2.0
1713044160000.0,1255068,1713044160000.0,0.0,-0.007319180000000001,2657.873683367985,2659.943598400004,20.6,1.7765,59.8,1.751586036253864,long_ientry_partial,104.74484496798107,0.03940926373718832,1.0
1713044160000.0,1255068,1713044160000.0,1.2627873788485333,-0.013984992000000003,2659.122485754833,2659.8355334080034,-39.2,1.7838,20.6,1.751586036253864,long_nclose,36.082672346829604,0.01356939085737037,0.0
1713044220000.0,1255069,1713044220000.0,0.0,-0.013896636000000002,2659.108589118833,2659.6252867720036,38.9,1.7862,59.5,1.774216005829069,long_ientry_partial,105.5658523468296,0.039699714700937305,1.0
1713044640000.0,1255076,1713044640000.0,0.282823084584433,-0.0070824600000000005,2659.3843297434173,2659.9911043120032,-19.8,1.7885,39.7,1.774216005829069,long_nclose,70.43637543141405,0.02648597069766516,7.0
1713044700000.0,1255077,1713044700000.0,0.0,-0.00705063,2659.3772791134174,2660.1325536820036,19.7,1.7895,59.4,1.7792849399227952,long_ientry_partial,105.68952543141404,0.03974220817087254,1.0
1713044820000.0,1255079,1713044820000.0,0.2834381895286559,-0.007102656000000001,2659.653614646946,2660.2719710260035,-19.8,1.7936,39.6,1.7792849399227952,long_nclose,70.4596836209427,0.02649205266163798,2.0
1713044880000.0,1255080,1713044880000.0,0.0,-0.007071906,2659.646542740946,2660.6384891200037,19.7,1.7949,59.3,1.784472405074919,long_ientry_partial,105.81921362094269,0.039786946092426556,1.0
1713045180000.0,1255085,1713045180000.0,0.9006568097823964,-0.010744208000000002,2660.536455342729,2661.502524912004,-29.6,1.8149,29.7,1.784472405074919,long_nclose,52.99883043072509,0.019920354905979973,5.0
1713045300000.0,1255087,1713045300000.0,1.3818695692749046,-0.01087614,2661.9074487720036,2661.9074487720036,-29.7,1.831,0.0,1.784472405074919,long_nclose,0.0,0.0,2.0
1713045420000.0,1255089,1713045420000.0,0.0,-0.021296988,2661.8861517840037,2662.504611784004,57.8,1.8423,57.8,1.8423,long_ientry_normal,106.48494,0.040003566617089724,2.0
1713045480000.0,1255090,1713045480000.0,0.2841599999999985,-0.007131264000000001,2662.163180520004,2662.807800520004,-19.2,1.8571,38.6,1.8423,long_nclose,71.11278,0.02671240460402936,1.0
1713045540000.0,1255091,1713045540000.0,0.0,-0.00695266,2662.156227860004,2663.1045378600043,18.7,1.859,57.3,1.847750087260035,long_ientry_partial,105.87608,0.039770798908037544,1.0
1713046500000.0,1255107,1713046500000.0,0.28363333333333257,-0.0071151320000000014,2662.4327460613376,2663.435492728004,-19.1,1.8626,38.2,1.847750087260035,long_nclose,70.58405333333334,0.026511112229126412,16.0
1713046560000.0,1255108,1713046560000.0,0.6006933333333316,-0.007178544000000001,2663.026260850671,2663.6632441840043,-19.1,1.8792,19.1,1.847750087260035,long_nclose,35.29202666666667,0.013252601818276125,1.0
1713046620000.0,1255109,1713046620000.0,0.0,-0.014108250000000001,2663.012152600671,2663.5529159340044,37.5,1.8811,56.6,1.8698458775029445,long_ientry_partial,105.83327666666666,0.0397419428083762,1.0
1713046800000.0,1255112,1713046800000.0,0.2830175029446436,-0.0070872240000000005,2663.288082879616,2664.117948710005,-18.8,1.8849,37.8,1.8698458775029445,long_nclose,70.68017416961129,0.02653868900775843,3.0
1713046860000.0,1255113,1713046860000.0,0.0,-0.00699966,2663.281083219616,2664.7302490500047,18.5,1.8918,56.3,1.877059931964677,long_ientry_partial,105.6784741696113,0.03967980504778623,1.0
1713046860000.0,1255113,1713046860000.0,0.4656972858676033,-0.007188426,2663.7395920794834,2664.7022706240045,-18.9,1.9017,37.4,1.877059931964677,long_nclose,70.20204145547892,0.026354693853791755,0.0
1713046920000.0,1255114,1713046920000.0,0.0,-0.0070784160000000014,2663.7325136634836,2664.5887922080046,18.6,1.9028,56.0,1.8856093117049806,long_ientry_partial,105.59412145547891,0.03964141328524509,1.0
1713047340000.0,1255121,1713047340000.0,0.8985392722605425,-0.01073912,2664.6203138157443,2665.6868530880047,-28.0,1.9177,28.0,1.8856093117049806,long_nclose,52.797060727739456,0.01981410276503293,7.0
1713047340000.0,1255121,1713047340000.0,1.374539272260546,-0.010834320000000001,2665.9840187680047,2665.9840187680047,-28.0,1.9347,0.0,1.8856093117049806,long_nclose,0.0,0.0,0.0
1713115260000.0,1256253,1713115260000.0,0.0,-0.021310236,2665.962708532005,2666.089668532005,52.9,2.0142,52.9,2.0142,long_ientry_normal,106.55118,0.03996724322474553,1132.0
1713115800000.0,1256262,1713115800000.0,0.2851199999999999,-0.007147008000000002,2666.2406815240047,2666.9961015240046,-17.6,2.0304,35.3,2.0142,long_nclose,71.10126,0.026667232441806046,9.0
1713115800000.0,1256262,1713115800000.0,0.60368,-0.007210720000000002,2666.837150804005,2667.215930804005,-17.6,2.0485,17.7,2.0142,long_nclose,35.651340000000005,0.013368397837585151,0.0
1713115860000.0,1256263,1713115860000.0,0.30184,-0.003605360000000001,2667.135385444005,2667.4326454440047,-8.8,2.0485,8.9,2.0142,long_nclose,17.92638,0.006721211115803839,1.0
1713115920000.0,1256264,1713115920000.0,0.15092,-0.0018026800000000005,2667.284502764005,2667.466302764005,-4.4,2.0485,4.5,2.0142,long_nclose,9.0639,0.00339817518176536,1.0
1713116160000.0,1256268,1713116160000.0,0.07546,-0.0009013400000000003,2667.359061424005,2667.4335814240053,-2.2,2.0485,2.3,2.0142,long_nclose,4.6326600000000004,0.0017367965441918395,4.0
1713116220000.0,1256269,1713116220000.0,0.03773,-0.00045067000000000013,2667.396340754005,2667.452620754005,-1.1,2.0485,1.2,2.0142,long_nclose,2.41704,0.0009061420543588076,1.0
1713116220000.0,1256269,1713116220000.0,0.06299999999999972,-0.0004960079999999999,2667.458844746005,2667.458844746005,-1.2,2.0667,0.0,2.0142,long_nclose,0.0,0.0,0.0
1713197760000.0,1257628,1713197760000.0,0.0,-0.02133223,2667.437512516005,2667.346972516005,50.3,2.1205,50.3,2.1205,long_ientry_normal,106.66114999999999,0.03998637250152266,1359.0
1713201900000.0,1257697,1713201900000.0,0.0,-0.021322152,2667.416190364005,2663.3042203640052,51.6,2.0661,101.9,2.0929529931305195,long_rentry,213.27190999999996,0.07995449332970275,69.0
1713205020000.0,1257749,1713205020000.0,0.0,-0.021355488000000002,2667.394834876005,2659.746664876005,52.8,2.0223,154.7,2.068838720103426,long_rentry,320.04935,0.11998574257375648,52.0
1713207720000.0,1257794,1713207720000.0,0.0,-0.031794488,2667.363040388005,2654.523790388005,80.2,1.9822,234.9,2.0392583652618135,long_rentry,479.02179,0.1795862740642607,45.0
1713211560000.0,1257858,1713211560000.0,1.279550000000012,-0.032190696000000005,2668.6103996920056,2671.2634596920057,-78.3,2.0556,156.6,2.0392583652618135,long_nclose,319.34785999999997,0.11966822134728139,64.0
1713216240000.0,1257936,1713216240000.0,0.0,-0.031732960000000004,2668.5786667320053,2655.3936667320054,81.2,1.954,237.8,2.010145752733389,long_rentry,478.0126599999999,0.17912631392852427,78.0
1713228360000.0,1258138,1713228360000.0,0.0,-0.046900854,2668.5317658780054,2645.3908458780056,123.3,1.9019,361.1,1.9731845195236772,long_rentry,712.5169299999999,0.26700710072513084,202.0
1713252120000.0,1258534,1713252120000.0,1.9026023013016404,-0.04785534,2670.386512839307,2673.4965605380057,-120.3,1.989,240.8,1.9731845195236772,long_nclose,475.1428323013015,0.17793035952540914,396.0
1713252720000.0,1258544,1713252720000.0,1.2684015342010937,-0.031903560000000004,2671.6230108135082,2674.3396369780057,-80.2,1.989,160.6,1.9731845195236772,long_nclose,316.89343383550255,0.11861457718879603,10.0
1713263100000.0,1258717,1713263100000.0,0.0,-0.031505726,2671.5915050875083,2658.2867812520058,83.3,1.8911,243.9,1.9451499132246926,long_rentry,474.4220638355025,0.17758031605208402,173.0
1713275640000.0,1258926,1713275640000.0,0.0,-0.0465773,2671.544927787508,2646.1798039520054,126.5,1.841,370.4,1.9095803559273827,long_rentry,707.3085638355025,0.2647563799053433,209.0
1713304020000.0,1259399,1713304020000.0,1.8904440785609777,-0.047506532000000004,2673.387865334069,2677.5917174200054,-123.4,1.9249,247.0,1.9095803559273827,long_nclose,471.6663479140635,0.1764301970657459,473.0
1713328860000.0,1259813,1713328860000.0,1.2608067071764055,-0.031683854000000004,2674.616988187245,2676.9754335660054,-82.3,1.9249,164.7,1.9095803559273827,long_nclose,314.5078846212399,0.11758987773213896,414.0
1713328920000.0,1259814,1713328920000.0,0.8410484595866909,-0.021135402,2675.436901244832,2677.1189981640055,-54.9,1.9249,109.8,1.9095803559273827,long_nclose,209.67192308082662,0.0783692274645947,1.0
1713328980000.0,1259815,1713328980000.0,0.560698973057794,-0.014090268000000001,2675.9835099498896,2677.397707896005,-36.6,1.9249,73.2,1.9095803559273827,long_nclose,139.7812820538844,0.052235479603722205,1.0
1713329220000.0,1259819,1713329220000.0,0.3737993153718626,-0.009393512,2676.3479157532615,2677.300474384005,-24.4,1.9249,48.8,1.9095803559273827,long_nclose,93.18752136925627,0.034818911555087755,4.0
1713329340000.0,1259821,1713329340000.0,0.2481782339764006,-0.006236676,2676.589857311238,2677.2359777080055,-16.2,1.9249,32.6,1.9095803559273827,long_nclose,62.25231960323268,0.023258071995299306,2.0
1713330060000.0,1259833,1713330060000.0,0.1654521559842671,-0.004157784,2676.7511516832224,2677.0872999240055,-10.8,1.9249,21.8,1.9095803559273827,long_nclose,41.62885175921694,0.015552006667874022,12.0
1713330180000.0,1259835,1713330180000.0,0.11030143732284473,-0.002771856,2676.8586812645453,2677.1159280680054,-7.2,1.9249,14.6,1.9095803559273827,long_nclose,27.879873196539787,0.010415145704804021,2.0
1713330540000.0,1259841,1713330540000.0,0.07353429154856314,-0.0018479040000000003,2676.930367652094,2677.0716801640056,-4.8,1.9249,9.8,1.9095803559273827,long_nclose,18.713887488088353,0.006990800998870246,6.0
1713330600000.0,1259842,1713330600000.0,0.04902286103237544,-0.001231936,2676.9781585771266,2677.068048228006,-3.2,1.9249,6.6,1.9095803559273827,long_nclose,12.603230349120725,0.004708006417138503,1.0
1713330660000.0,1259843,1713330660000.0,0.033703216959758114,-0.0008469560000000002,2677.0110148380863,2677.088541272006,-2.2,1.9249,4.4,1.9095803559273827,long_nclose,8.402153566080484,0.00313863242232071,1.0
1713332040000.0,1259866,1713332040000.0,0.02144750170166425,-0.000538972,2677.031923367788,2677.082082300006,-1.4,1.9249,3.0,1.9095803559273827,long_nclose,5.728741067782148,0.00213995993763691,23.0
1713357720000.0,1260294,1713357720000.0,0.0,-0.020322912000000002,2677.0116004557876,2676.7480793880054,55.6,1.8276,58.6,1.8317969465491835,long_ientry_partial,107.34330106778215,0.04009818300731528,428.0
1713358800000.0,1260312,1713358800000.0,0.28670954229092316,-0.007201350000000001,2677.2911086480785,2677.9559280380054,-19.5,1.8465,39.1,1.8317969465491835,long_nclose,71.62326061007307,0.02675213777788993,18.0
1713359220000.0,1260319,1713359220000.0,0.19113969486061544,-0.0048009,2677.477447442939,2677.8872971380056,-13.0,1.8465,26.1,1.8317969465491835,long_nclose,47.80990030493369,0.017856322319574864,7.0
1713359760000.0,1260328,1713359760000.0,0.12791656502210416,-0.0032129100000000002,2677.6021510979613,2677.9032242280055,-8.7,1.8465,17.4,1.8317969465491835,long_nclose,31.87326686995579,0.01190366046609502,9.0
1713360180000.0,1260335,1713360180000.0,0.08527771001473612,-0.00214194,2677.685286867976,2677.877882288006,-5.8,1.8465,11.6,1.8317969465491835,long_nclose,21.248844579970527,0.00793552725713513,7.0
1713361020000.0,1260349,1713361020000.0,0.18097771001473587,-0.0021610799999999997,2677.864103497991,2678.0543612080055,-5.8,1.863,5.8,1.8317969465491835,long_nclose,10.624422289985263,0.003967498677810793,14.0
1713361140000.0,1260351,1713361140000.0,0.09048885500736793,-0.0010805399999999998,2677.953511812998,2678.064300668005,-2.9,1.863,2.9,1.8317969465491835,long_nclose,5.312211144992632,0.0019836831078505982,2.0
1713361560000.0,1260358,1713361560000.0,0.04368427483114314,-0.00052164,2677.9966744478293,2678.0445290280054,-1.4,1.863,1.5,1.8317969465491835,long_nclose,2.747695419823775,0.0010260264495624578,7.0
1713363480000.0,1260390,1713363480000.0,0.0,-0.0208649,2677.975809547829,2677.4831641280052,57.4,1.8175,58.9,1.817864098808553,long_ientry_partial,107.07219541982377,0.0399825103117353,32.0
1713365160000.0,1260418,1713365160000.0,0.28686366335236074,-0.0071834,2678.2554898111816,2678.9721607280053,-19.6,1.8325,39.3,1.817864098808553,long_nclose,71.44205908317613,0.026674848368634478,28.0
1713366060000.0,1260433,1713366060000.0,0.19173030560795537,-0.00480115,2678.44241896679,2678.7551395780056,-13.1,1.8325,26.2,1.817864098808553,long_nclose,47.62803938878409,0.017781991149601276,15.0
1713366300000.0,1260437,1713366300000.0,0.0,-0.011943360000000002,2678.43047560679,2678.202116218006,33.0,1.8096,59.2,1.8132574221078395,long_ientry_partial,107.3448393887841,0.04007751568181566,4.0
1713370320000.0,1260504,1713370320000.0,0.2864887844755643,-0.007201532000000001,2678.7097628592655,2679.319744686006,-19.7,1.8278,39.5,1.8132574221078395,long_nclose,71.62366817325966,0.02673812189970453,67.0
1713370560000.0,1260508,1713370560000.0,0.19050777038730418,-0.004788836,2678.895481793653,2679.382365850006,-13.1,1.8278,26.4,1.8132574221078395,long_nclose,47.86999594364696,0.017869303326308063,4.0
1713374700000.0,1260577,1713374700000.0,0.1279746854510135,-0.003216928000000001,2679.020239551104,2679.2585889220063,-8.8,1.8278,17.6,1.8132574221078395,long_nclose,31.913330629097977,0.011912314120644854,69.0
1713374820000.0,1260579,1713374820000.0,0.08434695177453162,-0.0021202480000000004,2679.1024662548784,2679.315368674006,-5.8,1.8278,11.8,1.8132574221078395,long_nclose,21.396437580872508,0.00798642002326347,2.0
1713375660000.0,1260593,1713375660000.0,0.18256120956374752,-0.0021761560000000003,2679.282851308442,2679.4766225180056,-5.9,1.8442,5.9,1.8132574221078395,long_nclose,10.698218790436254,0.003992941165286719,14.0
1713375780000.0,1260595,1713375780000.0,0.08973347588726573,-0.0010696360000000001,2679.3715151483293,2679.4655428820056,-2.9,1.8442,3.0,1.8132574221078395,long_nclose,5.439772266323518,0.002030241881563921,2.0
1713375960000.0,1260598,1713375960000.0,0.04641386683824089,-0.0005532600000000001,2679.4173757551675,2679.461689622006,-1.5,1.8442,1.5,1.8132574221078395,long_nclose,2.719886133161759,0.0010151035660859616,3.0
1713376020000.0,1260599,1713376020000.0,0.021659804524512414,-0.000258188,2679.438777371692,2679.463691434006,-0.7,1.8442,0.8,1.8132574221078395,long_nclose,1.4506059376862717,0.0005413842443189526,1.0
1713376440000.0,1260606,1713376440000.0,0.03779406231372846,-0.00029768000000000004,2679.476273754006,2679.476273754006,-0.8,1.8605,0.0,1.8132574221078395,long_nclose,0.0,0.0,7.0
1713399900000.0,1260997,1713399900000.0,0.0,-0.021434888000000003,2679.454838866006,2680.096848866006,58.9,1.8196,58.9,1.8196,long_ientry_normal,107.17444,0.03999859913494873,391.0
1713400980000.0,1261015,1713400980000.0,0.28615999999999897,-0.007190064000000001,2679.733808802006,2680.225058802006,-19.6,1.8342,39.3,1.8196,long_nclose,71.51028,0.026685590846789807,18.0
1713401100000.0,1261017,1713401100000.0,0.1912599999999993,-0.004805604000000001,2679.920263198006,2680.355183198006,-13.1,1.8342,26.2,1.8196,long_nclose,47.67352,0.017789156138216654,2.0
1713401340000.0,1261021,1713401340000.0,0.4060999999999989,-0.004848572000000001,2680.3215146260063,2680.745954626006,-13.1,1.8506,13.1,1.8196,long_nclose,23.83676,0.00889324652655561,4.0
1713401820000.0,1261029,1713401820000.0,0.20149999999999946,-0.00240578,2680.5206088460063,2680.7648088460064,-6.5,1.8506,6.6,1.8196,long_nclose,12.009360000000001,0.004480234160620822,8.0
1713402120000.0,1261034,1713402120000.0,0.31283999999999923,-0.00246444,2680.8309844060063,2680.8309844060063,-6.6,1.867,0.0,1.8196,long_nclose,0.0,0.0,5.0
1713493020000.0,1262549,1713493020000.0,0.0,-0.021447044000000002,2680.8095373620063,2680.8263973620064,56.2,1.9081,56.2,1.9081,long_ientry_normal,107.23522,0.04000105882401573,1515.0
1713495540000.0,1262591,1713495540000.0,0.2861100000000017,-0.007193516,2681.0884538460064,2681.8159538460063,-18.7,1.9234,37.5,1.9081,long_nclose,71.55375,0.02668832126644555,42.0
1713495660000.0,1262593,1713495660000.0,0.6077500000000037,-0.007257844,2681.6889460020066,2682.2134660020065,-18.7,1.9406,18.8,1.9081,long_nclose,35.872279999999996,0.013376749027317338,2.0
1713495900000.0,1262597,1713495900000.0,0.3055000000000018,-0.003648328,2681.9907976740064,2682.2483576740065,-9.4,1.9406,9.4,1.9081,long_nclose,17.936139999999998,0.006687621753048281,4.0
1713495960000.0,1262598,1713495960000.0,0.1527500000000009,-0.001824164,2682.1417235100066,2682.2982335100064,-4.7,1.9406,4.7,1.9081,long_nclose,8.968069999999999,0.0033436227181402856,1.0
1713496380000.0,1262605,1713496380000.0,0.23359000000000038,-0.001840332,2682.3734731780064,2682.3734731780064,-4.7,1.9578,0.0,1.9081,long_nclose,0.0,0.0,7.0
1713968760000.0,1270478,1713968760000.0,0.0,-0.021442368,2682.3520308100065,2682.4355508100066,46.4,2.3106,46.4,2.3106,long_ientry_normal,107.21184,0.039969339881023955,7873.0
1713975960000.0,1270598,1713975960000.0,0.0,-0.021478356,2682.3305524540065,2679.4989824540066,47.7,2.2514,94.1,2.280591073326249,long_rentry,214.60362,0.08000640331359003,120.0
1713999660000.0,1270993,1713999660000.0,0.0,-0.021507136,2682.3090453180066,2674.9212853180065,48.8,2.2036,142.9,2.2542988103568926,long_rentry,322.1393,0.12009775702851873,395.0
1714018140000.0,1271301,1714018140000.0,0.0,-0.032009718,2682.2770356000065,2669.0695456000067,74.1,2.1599,217.0,2.2220640092165898,long_rentry,482.18789,0.17976811626847408,308.0
1714048800000.0,1271812,1714048800000.0,0.0,-0.047297250000000006,2682.2297383500063,2655.868048350006,112.5,2.1021,329.5,2.181105128983308,long_rentry,718.67414,0.26793906939608303,511.0
1714137600000.0,1273292,1714137600000.0,0.0,-0.06919399200000001,2682.1605443580065,2631.8772843580064,170.9,2.0244,500.4,2.127586131095124,long_rentry,1064.6441,0.3969352625962328,1480.0
1714240260000.0,1275003,1714240260000.0,2.8545933333332774,-0.071547192,2684.94359049934,2690.919657166007,-166.8,2.1447,333.6,2.127586131095124,long_nclose,709.7627333333335,0.2643492160672669,1711.0
1714240440000.0,1275006,1714240440000.0,1.9030622222221847,-0.047698128,2686.7989545935625,2691.8727590380067,-111.2,2.1447,222.4,2.127586131095124,long_nclose,473.1751555555556,0.17611111346704159,3.0
1714240620000.0,1275009,1714240620000.0,4.026982222222222,-0.048122912000000004,2690.7778139037846,2694.215436126007,-111.2,2.1638,111.2,2.127586131095124,long_nclose,236.5875777777778,0.08792534878029791,3.0
1714240740000.0,1275011,1714240740000.0,2.013491111111111,-0.024061456000000002,2692.767243558896,2694.7807346700074,-55.6,2.1638,55.6,2.127586131095124,long_nclose,118.2937888888889,0.04393019455054938,2.0
1714240800000.0,1275012,1714240800000.0,1.0067455555555556,-0.012030728000000001,2693.7619583864516,2694.9688639420074,-27.8,2.1638,27.8,2.127586131095124,long_nclose,59.14689444444445,0.02195698631065126,1.0
1714241520000.0,1275024,1714241520000.0,0.157447593924857,-0.003946247999999999,2693.9154597323763,2694.222617694007,-9.2,2.1447,18.6,2.127586131095124,long_nclose,39.57310203836931,0.01468980843307557,12.0
1714241580000.0,1275025,1714241580000.0,0.10610598721022972,-0.0026594279999999997,2694.018906291587,2694.1815182660075,-6.2,2.1447,12.4,2.127586131095124,long_nclose,26.38206802557954,0.009792829576647403,1.0
1714264020000.0,1275399,1714264020000.0,0.07016686250999062,-0.0017586539999999997,2694.0873145000974,2694.2260396120078,-4.1,2.1447,8.3,2.127586131095124,long_nclose,17.658964888089532,0.006554711420467175,374.0
1714264080000.0,1275400,1714264080000.0,0.04620744604316456,-0.001158138,2694.132363808141,2694.2360414740083,-2.7,2.1447,5.6,2.127586131095124,long_nclose,11.914482334132694,0.00442238194907827,1.0
1714265040000.0,1275416,1714265040000.0,0.03080496402877637,-0.0007720919999999999,2694.16239668017,2694.2270493820083,-1.8,2.1447,3.8,2.127586131095124,long_nclose,8.084827298161471,0.003000868584656903,16.0
1714265100000.0,1275417,1714265100000.0,0.020536642685850915,-0.000514728,2694.182418594856,2694.2287346540083,-1.2,2.1447,2.6,2.127586131095124,long_nclose,5.531723940847323,0.00205321061508982,1.0
1714267500000.0,1275457,1714267500000.0,0.047078029576338935,-0.000562588,2694.2289340364323,2694.276402066009,-1.3,2.1638,1.3,2.127586131095124,long_nclose,2.7658619704236616,0.001026587583364681,40.0
1714267680000.0,1275460,1714267680000.0,0.02172832134292566,-0.00025965600000000004,2694.2504027017753,2694.275822410009,-0.6,2.1638,0.7,2.127586131095124,long_nclose,1.4893102917665868,0.0005527735247893503,3.0
1714268280000.0,1275470,1714268280000.0,0.01086416067146283,-0.00012982800000000002,2694.261137034447,2694.275902582009,-0.3,2.1638,0.4,2.127586131095124,long_nclose,0.8510344524380496,0.00031586932711903974,10.0
1714269180000.0,1275485,1714269180000.0,0.022165547561950306,-0.00017464,2694.2831279420093,2694.2831279420093,-0.4,2.183,0.0,2.127586131095124,long_nclose,0.0,0.0,15.0
1714372200000.0,1277202,1714372200000.0,0.0,-0.021553575999999998,2694.2615743660094,2694.1293243660093,52.9,2.0372,52.9,2.0372,long_ientry_normal,107.76787999999999,0.0399990413051706,1717.0
1714398180000.0,1277635,1714398180000.0,0.0,-0.021715900000000003,2694.2398584660095,2691.6936784660097,54.7,1.985,107.6,2.0106633828996285,long_rentry,216.34738000000002,0.08029997007140241,433.0
1714401000000.0,1277682,1714401000000.0,0.5776908921933039,-0.014511888,2694.803037470203,2695.6672665780097,-35.8,2.0268,71.8,2.0106633828996285,long_nclose,144.36563089219334,0.053571867362788524,47.0
1714401240000.0,1277686,1714401240000.0,0.3856651486988817,-0.009688104000000001,2695.179014514902,2696.17229847401,-23.9,2.0268,47.9,2.0106633828996285,long_nclose,96.31077604089221,0.035734463470593225,4.0
1714401780000.0,1277695,1714401780000.0,0.2565722118959088,-0.006445224,2695.4291415027983,2695.97111325001,-15.9,2.0268,32.0,2.0106633828996285,long_nclose,64.34122825278811,0.023870495151252825,9.0
1714402920000.0,1277714,1714402920000.0,0.17104814126393916,-0.004296816000000001,2695.595892828062,2695.92195643401,-10.6,2.0268,21.4,2.0106633828996285,long_nclose,43.028196394052046,0.015962406126427717,19.0
1714403280000.0,1277720,1714403280000.0,0.1145699814126385,-0.0028780560000000004,2695.7075847534747,2695.96979837801,-7.1,2.0268,14.3,2.0106633828996285,long_nclose,28.752486375464688,0.01066602569881263,6.0
1714403460000.0,1277723,1714403460000.0,0.07584210037174662,-0.0019051920000000004,2695.7815216618465,2695.89899318601,-4.7,2.0268,9.6,2.0106633828996285,long_nclose,19.302368475836435,0.007160212472981587,3.0
1714403700000.0,1277727,1714403700000.0,0.051637174721189186,-0.0012971520000000002,2695.8318616845677,2695.94857603401,-3.2,2.0268,6.4,2.0106633828996285,long_nclose,12.868245650557624,0.0047733858455536364,4.0
1714404300000.0,1277737,1714404300000.0,0.0338868959107804,-0.0008512560000000001,2695.8648973244785,2695.94288477801,-2.1,2.0268,4.3,2.0106633828996285,long_nclose,8.645852546468403,0.003207079314341387,10.0
1714404600000.0,1277742,1714404600000.0,0.022591263940520266,-0.000567504,2695.886921084419,2695.9435772740103,-1.4,2.0268,2.9,2.0106633828996285,long_nclose,5.8309238104089225,0.0021628962864894334,5.0
1714405260000.0,1277753,1714405260000.0,0.014522955390334458,-0.00036482400000000003,2695.9010792158097,2695.93355245001,-0.9,2.0268,2.0,2.0106633828996285,long_nclose,4.021326765799257,0.0014916447776225493,11.0
1714405560000.0,1277758,1714405560000.0,0.009681970260222971,-0.000243216,2695.91051797007,2695.9354892340107,-0.6,2.0268,1.4,2.0106633828996285,long_nclose,2.8149287360594797,0.001044147688618028,5.0
1714407720000.0,1277794,1714407720000.0,0.006454646840148648,-0.00016214400000000003,2695.91681047291,2695.9349470900106,-0.4,2.0268,1.0,2.0106633828996285,long_nclose,2.0106633828996285,0.0007458180367764848,36.0
1714408260000.0,1277803,1714408260000.0,0.004840985130111486,-0.000121608,2695.9215298500403,2695.9324054820104,-0.3,2.0268,0.7,2.0106633828996285,long_nclose,1.4074643680297398,0.0005220717118231663,9.0
1714408500000.0,1277807,1714408500000.0,0.003227323420074324,-8.107200000000001e-05,2695.9246761014606,2695.9334944100106,-0.2,2.0268,0.5,2.0106633828996285,long_nclose,1.0053316914498143,0.00037290793038906805,4.0
1714410180000.0,1277835,1714410180000.0,0.001613661710037162,-4.0536000000000006e-05,2695.9262492271705,2695.934263874011,-0.1,2.0268,0.4,2.0106633828996285,long_nclose,0.8042653531598515,0.00029832617023199605,28.0
1714410960000.0,1277848,1714410960000.0,0.001613661710037162,-4.0536000000000006e-05,2695.9278223528804,2695.9338933380104,-0.1,2.0268,0.3,2.0106633828996285,long_nclose,0.6031990148698886,0.0002237444971147056,13.0
1714411260000.0,1277853,1714411260000.0,0.001613661710037162,-4.0536000000000006e-05,2695.9293954785903,2695.9326828020103,-0.1,2.0268,0.2,2.0106633828996285,long_nclose,0.40213267657992574,0.00014916291103704435,5.0
1714415580000.0,1277925,1714415580000.0,0.001613661710037162,-4.0536000000000006e-05,2695.9309686043002,2695.9328322660103,-0.1,2.0268,0.1,2.0106633828996285,long_nclose,0.20106633828996287,7.458141199885995e-05,72.0
1714416000000.0,1277932,1714416000000.0,0.001613661710037162,-4.0536000000000006e-05,2695.93254173001,2695.93254173001,-0.1,2.0268,0.0,2.0106633828996285,long_nclose,0.0,0.0,7.0
1714467360000.0,1278788,1714467360000.0,0.0,-0.021583104000000002,2695.91095862601,2696.1418686260104,53.7,2.0096,53.7,2.0096,long_ientry_normal,107.91552,0.040029333926889,856.0
1714468680000.0,1278810,1714468680000.0,0.288190000000004,-0.007252006,2696.1918966200105,2696.7575366200103,-17.9,2.0257,35.8,2.0096,long_nclose,71.94367999999999,0.026683441965013596,22.0
1714468740000.0,1278811,1714468740000.0,0.19159000000000267,-0.004821166,2696.3786654540104,2696.8040854540104,-11.9,2.0257,23.9,2.0096,long_nclose,48.029439999999994,0.017812572327230197,1.0
1714468980000.0,1278815,1714468980000.0,0.12719000000000177,-0.003200606000000001,2696.5026548480105,2696.7586548480103,-7.9,2.0257,16.0,2.0096,long_nclose,32.1536,0.011924186294492023,4.0
1714469040000.0,1278816,1714469040000.0,0.0853300000000012,-0.002147242,2696.5858376060105,2696.7623876060106,-5.3,2.0257,10.7,2.0096,long_nclose,21.502719999999997,0.00797405359774855,1.0
1714469640000.0,1278826,1714469640000.0,0.0,-0.01725934,2696.5685782660107,2696.652458266011,43.0,2.0069,53.7,2.0074379888268155,long_ientry_partial,107.79942,0.03997651714436235,10.0
1714469700000.0,1278827,1714469700000.0,0.2893000000000045,-0.007244488,2696.8506337780104,2697.4471337780105,-17.9,2.0236,35.8,2.0074379888268155,long_nclose,71.86627999999999,0.026648224080294252,1.0
1714470300000.0,1278837,1714470300000.0,0.19232793296089687,-0.004816168000000001,2697.038145542971,2697.28101761001,-11.9,2.0236,23.9,2.0074379888268155,long_nclose,47.97776793296089,0.017789057975411745,10.0
1714470660000.0,1278843,1714470660000.0,0.12767988826815843,-0.0031972880000000004,2697.162628143239,2697.42922032201,-7.9,2.0236,16.0,2.0074379888268155,long_nclose,32.11900782122905,0.011908443149140094,6.0
1714471260000.0,1278853,1714471260000.0,0.0,-0.015181224000000002,2697.147446919239,2697.0085590980098,37.9,2.0028,53.9,2.004176768482914,long_ientry_partial,108.02512782122906,0.04005162118393584,10.0
1714478760000.0,1278978,1714478760000.0,0.0,-0.021558912000000003,2697.125888007239,2694.0293801860103,55.2,1.9528,109.1,1.9781822898371135,long_rentry,215.81968782122908,0.08001839616788767,125.0
1714480440000.0,1279006,1714480440000.0,0.0,-0.021637048000000002,2697.1042509592394,2689.56975313801,56.6,1.9114,165.7,1.955370717086476,long_rentry,324.00492782122905,0.12013066521473724,28.0
1714482180000.0,1279035,1714482180000.0,0.0,-0.032186730000000004,2697.0720642292395,2683.3299664080105,85.9,1.8735,251.6,1.927418830768001,long_rentry,484.93857782122905,0.1798018615271273,29.0
1714528080000.0,1279800,1714528080000.0,1.2973219816415296,-0.032563004,2698.336823206881,2701.1694834040104,-83.8,1.9429,167.8,1.927418830768001,long_nclose,323.42087980287056,0.11985934336340409,765.0
1714528200000.0,1279802,1714528200000.0,0.865397360068753,-0.021721622,2699.1804989449497,2700.7338017820102,-55.9,1.9429,111.9,1.927418830768001,long_nclose,215.6781671629393,0.07990505534818555,2.0
1714528260000.0,1279803,1714528260000.0,0.5774476123535686,-0.014494034,2699.743452523303,2700.91326774801,-37.3,1.9429,74.6,1.927418830768001,long_nclose,143.78544477529286,0.05325892897004878,1.0
1714528380000.0,1279805,1714528380000.0,0.38393299695357913,-0.009636784,2700.1177487362565,2700.8837309640103,-24.8,1.9429,49.8,1.927418830768001,long_nclose,95.98545777224643,0.03554861924713126,2.0
1714528440000.0,1279806,1714528440000.0,0.25698740925118607,-0.006450428000000001,2700.3682857175077,2700.95198053601,-16.6,1.9429,33.2,1.927418830768001,long_nclose,63.99030518149763,0.02369688072547295,1.0
1714530240000.0,1279836,1714530240000.0,0.17029286155199075,-0.00427438,2700.5343041990595,2700.90018615601,-11.0,1.9429,22.2,1.927418830768001,long_nclose,42.78869804304962,0.01584453046070087,30.0
1714530360000.0,1279838,1714530360000.0,0.11456065231679378,-0.0028754920000000003,2700.6459893593765,2700.88547066401,-7.4,1.9429,14.8,1.927418830768001,long_nclose,28.525798695366415,0.010562583473642561,2.0
1714530600000.0,1279842,1714530600000.0,0.07585772923679589,-0.001904042,2700.719943046613,2700.9068666220096,-4.9,1.9429,9.9,1.927418830768001,long_nclose,19.08144642460321,0.007065318443599124,4.0
1714530960000.0,1279848,1714530960000.0,0.05108785846559722,-0.0012823140000000001,2700.7697485910785,2700.87720430801,-3.3,1.9429,6.6,1.927418830768001,long_nclose,12.720964283068806,0.004710125433575003,6.0
1714531500000.0,1279857,1714531500000.0,0.034058572310398154,-0.0008548760000000002,2700.8029522873885,2700.8781094320093,-2.2,1.9429,4.4,1.927418830768001,long_nclose,8.480642855379205,0.0031400450181664316,9.0
1714531680000.0,1279860,1714531680000.0,0.02167363692479882,-0.0005440120000000001,2700.8240819123134,2700.8663254200096,-1.4,1.9429,3.0,1.927418830768001,long_nclose,5.782256492304002,0.002140923035686903,3.0
1714531860000.0,1279863,1714531860000.0,0.015481169231999159,-0.00038858,2700.839174501545,2700.871336840009,-1.0,1.9429,2.0,1.927418830768001,long_nclose,3.854837661536002,0.0014272740479808219,3.0
1714532160000.0,1279868,1714532160000.0,0.009288701539199496,-0.000233148,2700.8482300550845,2700.8720036920095,-0.6,1.9429,1.4,1.927418830768001,long_nclose,2.698386363075201,0.0009990884837761383,5.0
1714532460000.0,1279873,1714532460000.0,0.006192467692799664,-0.00015543200000000003,2700.8542670907773,2700.8700482600093,-0.4,1.9429,1.0,1.927418830768001,long_nclose,1.927418830768001,0.0007136330361297569,5.0
1714533480000.0,1279890,1714533480000.0,0.004644350769599748,-0.000116574,2700.8587948675467,2700.8704716860093,-0.3,1.9429,0.7,1.927418830768001,long_nclose,1.3491931815376006,0.0004995422878461762,17.0
1714533660000.0,1279893,1714533660000.0,0.003096233846399832,-7.771600000000001e-05,2700.8618133853934,2700.8697539700092,-0.2,1.9429,0.5,1.927418830768001,long_nclose,0.9637094153840005,0.00035681552110807164,3.0
1714534920000.0,1279914,1714534920000.0,0.006576233846399804,-7.841200000000001e-05,2700.8683112072395,2700.880245558009,-0.2,1.9603,0.3,1.927418830768001,long_nclose,0.5782256492304002,0.00021408879760299892,21.0
1714535160000.0,1279918,1714535160000.0,0.003288116923199902,-3.9206000000000004e-05,2700.8715601181625,2700.878056352009,-0.1,1.9603,0.2,1.927418830768001,long_nclose,0.3854837661536002,0.0001427256933820042,4.0
1714535280000.0,1279920,1714535280000.0,0.003288116923199902,-3.9206000000000004e-05,2700.8748090290856,2700.8781371460086,-0.1,1.9603,0.1,1.927418830768001,long_nclose,0.1927418830768001,7.136276084787774e-05,2.0
1714535460000.0,1279923,1714535460000.0,0.003288116923199902,-3.9206000000000004e-05,2700.8780579400086,2700.8780579400086,-0.1,1.9603,0.0,1.927418830768001,long_nclose,0.0,0.0,3.0
1714547340000.0,1280121,1714547340000.0,0.0,-0.02162575,2700.8564321900085,2701.0576821900086,57.5,1.8805,57.5,1.8805,long_ientry_normal,108.12875,0.040034986203366256,198.0
1714547400000.0,1280122,1714547400000.0,0.28840999999999795,-0.007241192000000001,2701.1376009980086,2701.7520009980085,-19.1,1.8956,38.4,1.8805,long_nclose,72.2112,0.0267336251116269,1.0
1714547520000.0,1280124,1714547520000.0,0.19327999999999862,-0.004852736000000001,2701.3260282620085,2701.8661882620086,-12.8,1.8956,25.6,1.8805,long_nclose,48.140800000000006,0.017821173563034542,2.0
1714547760000.0,1280128,1714547760000.0,0.12834999999999908,-0.0032225200000000004,2701.4511557420087,2701.861555742009,-8.5,1.8956,17.1,1.8805,long_nclose,32.15655,0.011903435652223572,4.0
1714548360000.0,1280138,1714548360000.0,0.0,-0.015184744000000002,2701.4359709980085,2701.3004509980087,40.4,1.8793,57.5,1.8796568695652174,long_ientry_partial,108.08027,0.040008451490364666,10.0
1714548600000.0,1280142,1714548600000.0,0.2892337913043488,-0.007238136,2701.717966653313,2702.3916228620087,-19.1,1.8948,38.4,1.8796568695652174,long_nclose,72.17882379130434,0.02671589880298057,4.0
1714548720000.0,1280144,1714548720000.0,0.0,-0.007175488000000002,2701.710791165313,2702.1397773740086,19.1,1.8784,57.5,1.8792393702835537,long_ientry_partial,108.05626379130433,0.03999549624062354,2.0
1714549260000.0,1280153,1714549260000.0,0.2876580275841262,-0.007236226000000001,2701.9912129668974,2702.573381148009,-19.1,1.8943,38.4,1.8792393702835537,long_nclose,72.16279181888846,0.026707263692264473,9.0
1714549500000.0,1280157,1714549500000.0,0.19277606037051387,-0.004849408,2702.1791396192675,2702.6568517400087,-12.8,1.8943,25.6,1.8792393702835537,long_nclose,48.10852787925898,0.01780360419999297,4.0
1714550580000.0,1280175,1714550580000.0,0.0,-0.012035574000000002,2702.1671040452675,2702.2470761660084,32.1,1.8747,57.7,1.8767140013736388,long_ientry_partial,108.28639787925896,0.04007390872205841,18.0
1714554120000.0,1280234,1714554120000.0,0.2896511736261345,-0.007264512,2702.449490706894,2703.188151654009,-19.2,1.8918,38.5,1.8767140013736388,long_nclose,72.25348905288509,0.02673629583137384,59.0
1714554300000.0,1280237,1714554300000.0,0.6141311736261371,-0.007329408,2703.05629247252,2703.6620422460087,-19.2,1.9087,19.3,1.8767140013736388,long_nclose,36.22058022651123,0.013399861603836525,3.0
1714554360000.0,1280238,1714554360000.0,0.30706558681306856,-0.003664704,2703.359693355333,2703.695177542009,-9.6,1.9087,9.7,1.8767140013736388,long_nclose,18.204125813324296,0.006733889632988444,1.0
1714554660000.0,1280243,1714554660000.0,0.15353279340653428,-0.001832352,2703.51139379674,2703.672045190009,-4.8,1.9087,4.9,1.8767140013736388,long_nclose,9.19589860673083,0.003401464712829027,5.0
1714554840000.0,1280246,1714554840000.0,0.07676639670326714,-0.000916176,2703.587244017443,2703.668959014009,-2.4,1.9087,2.5,1.8767140013736388,long_nclose,4.691785003434097,0.0017353924915188815,3.0
1714555020000.0,1280249,1714555020000.0,0.03838319835163357,-0.000458088,2703.625169127795,2703.663500926009,-1.2,1.9087,1.3,1.8767140013736388,long_nclose,2.4397282017857305,0.0009023914371136,3.0
1714555140000.0,1280251,1714555140000.0,0.019191599175816785,-0.000229044,2703.6441316829705,2703.666101882009,-0.6,1.9087,0.7,1.8767140013736388,long_nclose,1.313699800961547,0.00048589967354312723,2.0
1714555200000.0,1280252,1714555200000.0,0.009595799587908392,-0.000114522,2703.6536129605583,2703.666327360009,-0.3,1.9087,0.4,1.8767140013736388,long_nclose,0.7506856005494555,0.00027765598261215085,1.0
1714555260000.0,1280253,1714555260000.0,0.0063971997252722625,-7.634800000000001e-05,2703.6599338122833,2703.6671910120085,-0.2,1.9087,0.2,1.8767140013736388,long_nclose,0.3753428002747278,0.00013882766674190323,1.0
1714556820000.0,1280279,1714556820000.0,0.0015085998626361175,-3.7836e-05,2703.6614045761457,2703.663043176008,-0.1,1.8918,0.1,1.8767140013736388,long_nclose,0.1876714001373639,6.941379561054363e-05,26.0
1714557840000.0,1280296,1714557840000.0,0.0015085998626361175,-3.7836e-05,2703.662875340008,2703.662875340008,-0.1,1.8918,0.0,1.8767140013736388,long_nclose,0.0,0.0,17.0
1714999920000.0,1287664,1714999920000.0,0.0,-0.021648416000000004,2703.641226924008,2703.641226924008,49.6,2.1823,49.6,2.1823,long_ientry_normal,108.24208000000002,0.04003566705599818,7368.0
1715000580000.0,1287675,1715000580000.0,0.2887500000000012,-0.00725934,2703.9227175840083,2704.7138075840085,-16.5,2.1998,33.1,2.1823,long_nclose,72.23413000000001,0.026714568996462365,11.0
1715001240000.0,1287686,1715001240000.0,0.19250000000000078,-0.0048395600000000006,2704.1103780240082,2704.5634280240083,-11.0,2.1998,22.1,2.1823,long_nclose,48.22883000000001,0.01783537772420465,11.0
1715001720000.0,1287694,1715001720000.0,0.1277500000000005,-0.003211708,2704.2349163160084,2704.483556316008,-7.3,2.1998,14.8,2.1823,long_nclose,32.29804,0.01194350380032803,8.0
1715001780000.0,1287695,1715001780000.0,0.08575000000000035,-0.0021558040000000003,2704.3185105120087,2704.450180512009,-4.9,2.1998,9.9,2.1823,long_nclose,21.604770000000002,0.007988988691982724,1.0
1715002440000.0,1287706,1715002440000.0,0.05775000000000023,-0.001451868,2704.3748086440087,2704.5021886440086,-3.3,2.1998,6.6,2.1823,long_nclose,14.40318,0.005325881587849079,11.0
1715004300000.0,1287737,1715004300000.0,0.12275999999999966,-0.00146487,2704.496103774009,2704.625133774009,-3.3,2.2195,3.3,2.1823,long_nclose,7.20159,0.0026628213625268264,31.0
1715004420000.0,1287739,1715004420000.0,0.059519999999999844,-0.0007102400000000001,2704.554913534009,2704.618833534009,-1.6,2.2195,1.7,2.1823,long_nclose,3.7099100000000003,0.001371726631038268,2.0
1715004540000.0,1287741,1715004540000.0,0.029759999999999922,-0.00035512000000000006,2704.5843184140085,2704.6175284140086,-0.8,2.2195,0.9,2.1823,long_nclose,1.9640700000000002,0.0007262003209246395,2.0
1715004780000.0,1287745,1715004780000.0,0.014879999999999961,-0.00017756000000000003,2704.599020854009,2704.6189708540087,-0.4,2.2195,0.5,2.1823,long_nclose,1.09115,0.0004034424295751822,4.0
1715006820000.0,1287779,1715006820000.0,0.0017500000000000072,-4.399600000000001e-05,2704.600726858009,2704.607486858009,-0.1,2.1998,0.4,2.1823,long_nclose,0.8729200000000001,0.00032275374007389605,34.0
1715006880000.0,1287780,1715006880000.0,0.0017500000000000072,-4.399600000000001e-05,2704.6024328620088,2704.607862862009,-0.1,2.1998,0.3,2.1823,long_nclose,0.65469,0.00024206515236592738,1.0
1715007600000.0,1287792,1715007600000.0,0.0,-0.021525408000000003,2704.580907454009,2704.6520374540087,49.6,2.1699,49.9,2.169974549098197,long_ientry_partial,108.28173000000002,0.040036417361953645,12.0
1715008500000.0,1287807,1715008500000.0,0.2892624849699266,-0.007262168,2704.862907770979,2705.4465052860087,-16.6,2.1874,33.3,2.169974549098197,long_nclose,72.26015248496995,0.026714903841288593,15.0
1715009820000.0,1287829,1715009820000.0,0.6129624849699316,-0.007326908000000001,2705.468543347949,2706.056808378009,-16.6,2.2069,16.7,2.169974549098197,long_nclose,36.23857496993989,0.01339456526265708,22.0
1715009880000.0,1287830,1715009880000.0,0.3064812424849658,-0.0036634540000000004,2705.771361136434,2706.097494924009,-8.3,2.2069,8.4,2.169974549098197,long_nclose,18.227786212424856,0.006736632102118606,1.0
1715010840000.0,1287846,1715010840000.0,0.15508689378757304,-0.0018537960000000002,2705.9245942342213,2706.0964811280087,-4.2,2.2069,4.2,2.169974549098197,long_nclose,9.113893106212428,0.0033681253075685453,16.0
1715011380000.0,1287855,1715011380000.0,0.07754344689378652,-0.0009268980000000001,2706.001210783115,2706.0873642300085,-2.1,2.2069,2.1,2.169974549098197,long_nclose,4.556946553106214,0.001684014971962055,9.0
1715011740000.0,1287861,1715011740000.0,0.0369254509018031,-0.00044138000000000006,2706.0376948540165,2706.0802928500084,-1.0,2.2069,1.1,2.169974549098197,long_nclose,2.3869720040080167,0.0008820911876236031,6.0
1715011920000.0,1287864,1715011920000.0,0.01846272545090155,-0.00022069000000000003,2706.0559368894674,2706.0750921600084,-0.5,2.2069,0.6,2.169974549098197,long_nclose,1.3019847294589182,0.00048113740433448383,3.0
1715011980000.0,1287865,1715011980000.0,0.01107763527054093,-0.00013241400000000002,2706.066882110738,2706.0781697460084,-0.3,2.2069,0.3,2.169974549098197,long_nclose,0.6509923647294591,0.00024056772913967435,1.0
1715012160000.0,1287868,1715012160000.0,0.0036925450901803105,-4.413800000000001e-05,2706.070530517828,2706.0777556080084,-0.1,2.2069,0.2,2.169974549098197,long_nclose,0.4339949098196394,0.000160378269865934,3.0
1715012280000.0,1287870,1715012280000.0,0.0036925450901803105,-4.413800000000001e-05,2706.074178924918,2706.0778614700084,-0.1,2.2069,0.1,2.169974549098197,long_nclose,0.2169974549098197,8.018902681966739e-05,2.0
1715012340000.0,1287871,1715012340000.0,0.0036925450901803105,-4.413800000000001e-05,2706.0778273320084,2706.0778273320084,-0.1,2.2069,0.0,2.169974549098197,long_nclose,0.0,0.0,1.0
1715149200000.0,1290152,1715149200000.0,0.0,-0.021643076000000004,2706.0561842560082,2706.051004256008,51.8,2.0891,51.8,2.0891,long_ientry_normal,108.21538000000001,0.039990071392310096,2281.0
1715151720000.0,1290194,1715151720000.0,0.2889599999999987,-0.007244296,2706.337899960008,2706.8741999600084,-17.2,2.1059,34.6,2.0891,long_nclose,72.28286000000001,0.026708734338409163,42.0
1715151780000.0,1290195,1715151780000.0,0.19319999999999915,-0.004843570000000001,2706.5262563900083,2706.8173163900083,-11.5,2.1059,23.1,2.0891,long_nclose,48.258210000000005,0.01783031289131748,1.0
1715178240000.0,1290636,1715178240000.0,0.12935999999999945,-0.0032430860000000005,2706.652373304008,2706.995793304008,-7.7,2.1059,15.4,2.0891,long_nclose,32.172140000000006,0.011886321389963907,441.0
1715178780000.0,1290645,1715178780000.0,0.08567999999999962,-0.0021480180000000002,2706.7359052860083,2706.8924652860082,-5.1,2.1059,10.3,2.0891,long_nclose,21.517730000000004,0.007949696886932279,9.0
1715178840000.0,1290646,1715178840000.0,0.05711999999999975,-0.001432012,2706.7915932740084,2706.9095832740086,-3.4,2.1059,6.9,2.0891,long_nclose,14.414790000000002,0.005325415534693806,1.0
1715179260000.0,1290653,1715179260000.0,0.12103999999999875,-0.001444796,2706.911188478008,2707.044888478008,-3.4,2.1247,3.5,2.0891,long_nclose,7.311850000000001,0.0027011783877960074,7.0
1715180460000.0,1290673,1715180460000.0,0.06051999999999937,-0.000722398,2706.970986080008,2707.035786080008,-1.7,2.1247,1.8,2.0891,long_nclose,3.7603800000000005,0.0013891467693362479,20.0
1715180640000.0,1290676,1715180640000.0,0.03203999999999967,-0.000382446,2707.002643634008,2707.028923634008,-0.9,2.1247,0.9,2.0891,long_nclose,1.8801900000000002,0.0006945652618484127,3.0
1715180940000.0,1290681,1715180940000.0,0.005039999999999978,-0.00012635400000000002,2707.0075572800083,2707.0154772800083,-0.3,2.1059,0.6,2.0891,long_nclose,1.25346,0.00046304266740188646,5.0
1715191980000.0,1290865,1715191980000.0,0.0033599999999999854,-8.423600000000001e-05,2707.0108330440085,2707.0173530440084,-0.2,2.1059,0.4,2.0891,long_nclose,0.8356400000000002,0.00030869473804814103,184.0
1715192040000.0,1290866,1715192040000.0,0.0016799999999999927,-4.2118000000000006e-05,2707.0124709260085,2707.0179909260087,-0.1,2.1059,0.3,2.0891,long_nclose,0.62673,0.00023152091345394124,1.0
1715193720000.0,1290894,1715193720000.0,0.0016799999999999927,-4.2118000000000006e-05,2707.0141088080086,2707.0175688080085,-0.1,2.1059,0.2,2.0891,long_nclose,0.4178200000000001,0.0001543471822479642,28.0
1715271720000.0,1292194,1715271720000.0,0.0016799999999999927,-4.2118000000000006e-05,2707.0157466900087,2707.0173166900086,-0.1,2.1059,0.1,2.0891,long_nclose,0.20891000000000004,7.717354443004028e-05,1300.0
1715271780000.0,1292195,1715271780000.0,0.0016799999999999927,-4.2118000000000006e-05,2707.0173845720087,2707.0173845720087,-0.1,2.1059,0.0,2.0891,long_nclose,0.0,0.0,1.0
1715357100000.0,1293617,1715357100000.0,0.0,-0.021642078,2706.995742494009,2706.593342494009,50.3,2.1513,50.3,2.1513,long_ientry_normal,108.21038999999999,0.03997434805726868,1422.0
1715357340000.0,1293621,1715357340000.0,0.28891000000000155,-0.007243124000000001,2707.277409370009,2707.731009370009,-16.7,2.1686,33.6,2.1513,long_nclose,72.28368,0.026699768464739863,4.0
1715357400000.0,1293622,1715357400000.0,0.19376000000000104,-0.004857664,2707.466311706009,2707.6947917060093,-11.2,2.1686,22.4,2.1513,long_nclose,48.189119999999996,0.01779860373207577,1.0
1715357520000.0,1293624,1715357520000.0,0.1280200000000007,-0.0032095280000000006,2707.5911221780093,2707.889622178009,-7.4,2.1686,15.0,2.1513,long_nclose,32.2695,0.011918158445593565,2.0
1715359560000.0,1293658,1715359560000.0,0.08650000000000047,-0.0021686,2707.675453578009,2707.829453578009,-5.0,2.1686,10.0,2.1513,long_nclose,21.512999999999998,0.00794519150054414,34.0
1715359920000.0,1293664,1715359920000.0,0.05709000000000031,-0.001431276,2707.731112302009,2707.850372302009,-3.3,2.1686,6.7,2.1513,long_nclose,14.41371,0.0053231688828016665,6.0
1715361900000.0,1293697,1715361900000.0,0.038060000000000205,-0.0009541840000000001,2707.768218118009,2707.836168118009,-2.2,2.1686,4.5,2.1513,long_nclose,9.68085,0.0035752136889798196,33.0
1715361960000.0,1293698,1715361960000.0,0.02595000000000014,-0.0006505800000000001,2707.793517538009,2707.856217538009,-1.5,2.1686,3.0,2.1513,long_nclose,6.4539,0.0023834535233942214,1.0
1715362380000.0,1293705,1715362380000.0,0.017300000000000093,-0.00043372,2707.810383818009,2707.846183818009,-1.0,2.1686,2.0,2.1513,long_nclose,4.3026,0.0015889591183018287,7.0
1715362560000.0,1293708,1715362560000.0,0.010380000000000056,-0.00026023200000000005,2707.820503586009,2707.841223586009,-0.6,2.1686,1.4,2.1513,long_nclose,3.0118199999999997,0.0011122672259890932,3.0
1715362680000.0,1293710,1715362680000.0,0.006920000000000037,-0.00017348800000000002,2707.827250098009,2707.843050098009,-0.4,2.1686,1.0,2.1513,long_nclose,2.1513,0.0007944746105654024,2.0
1715362740000.0,1293711,1715362740000.0,0.005190000000000028,-0.00013011600000000003,2707.8323099820086,2707.8441399820085,-0.3,2.1686,0.7,2.1513,long_nclose,1.5059099999999999,0.0005561311882012388,1.0
1715362800000.0,1293712,1715362800000.0,0.0034600000000000186,-8.674400000000001e-05,2707.8356832380086,2707.844983238009,-0.2,2.1686,0.5,2.1513,long_nclose,1.07565,0.0003972360681478819,1.0
1715363400000.0,1293722,1715363400000.0,0.0017300000000000093,-4.3372000000000004e-05,2707.8373698660084,2707.8427298660085,-0.1,2.1686,0.4,2.1513,long_nclose,0.8605200000000001,0.00031778865657747425,10.0
1715363460000.0,1293723,1715363460000.0,0.0017300000000000093,-4.3372000000000004e-05,2707.839056494008,2707.8450864940082,-0.1,2.1686,0.3,2.1513,long_nclose,0.64539,0.00023834134397766714,1.0
1715363640000.0,1293726,1715363640000.0,0.0017300000000000093,-4.3372000000000004e-05,2707.840743122008,2707.844163122008,-0.1,2.1686,0.2,2.1513,long_nclose,0.43026000000000003,0.00015889413034827568,3.0
1715363700000.0,1293727,1715363700000.0,0.0017300000000000093,-4.3372000000000004e-05,2707.842429750008,2707.844299750008,-0.1,2.1686,0.1,2.1513,long_nclose,0.21513000000000002,7.944701568911495e-05,1.0
1715364360000.0,1293738,1715364360000.0,0.0017300000000000093,-4.3372000000000004e-05,2707.8441163780076,2707.8441163780076,-0.1,2.1686,0.0,2.1513,long_nclose,0.0,0.0,11.0
1715566800000.0,1297112,1715566800000.0,0.0,-0.021677292,2707.8224390860078,2707.5373990860076,50.9,2.1294,50.9,2.1294,long_ientry_normal,108.38646,0.040027166639694634,3374.0
1715569380000.0,1297155,1715569380000.0,0.0,-0.021660912000000004,2707.800778174008,2704.949468174008,52.2,2.0748,103.1,2.1017557710960233,long_rentry,216.69101999999998,0.08002472772244511,43.0
1715587200000.0,1297452,1715587200000.0,0.5777570514063947,-0.014533595999999998,2708.3640016294144,2709.557284578008,-34.3,2.1186,68.8,2.1017557710960233,long_nclose,144.6007970514064,0.053390458950278184,297.0
1715587860000.0,1297463,1715587860000.0,0.38573284190106233,-0.009703188,2708.7400312833156,2709.4764613900084,-22.9,2.1186,45.9,2.1017557710960233,long_nclose,96.47058989330746,0.0356145620396073,11.0
1715587920000.0,1297464,1715587920000.0,0.2577167022308408,-0.006482916000000001,2708.9912650695464,2709.601558474008,-15.3,2.1186,30.6,2.1017557710960233,long_nclose,64.31372659553831,0.023740839413111663,1.0
1715588340000.0,1297471,1715588340000.0,0.1718111348205605,-0.0043219439999999994,2709.158754260367,2709.4982965300082,-10.2,2.1186,20.4,2.1017557710960233,long_nclose,42.875817730358875,0.01582624778372004,7.0
1715588400000.0,1297472,1715588400000.0,0.11454075654704034,-0.0028812959999999998,2709.270413720914,2709.525335234008,-6.8,2.1186,13.6,2.1017557710960233,long_nclose,28.583878486905917,0.010550397015427041,1.0
1715589000000.0,1297482,1715589000000.0,0.07579903006789435,-0.00190674,2709.344306010982,2709.5130584940084,-4.5,2.1186,9.1,2.1017557710960233,long_nclose,19.125977516973812,0.007059264293039722,10.0
1715589180000.0,1297485,1715589180000.0,0.050532686711929564,-0.00127116,2709.393567537694,2709.481677334008,-3.0,2.1186,6.1,2.1017557710960233,long_nclose,12.820710203685742,0.00473194826964074,3.0
1715589480000.0,1297490,1715589480000.0,0.03368845780795304,-0.00084744,2709.4264085555014,2709.508589894008,-2.0,2.1186,4.1,2.1017557710960233,long_nclose,8.617198661493696,0.003180451269790292,5.0
1715590500000.0,1297507,1715590500000.0,0.02189749757516948,-0.000550836,2709.4477552170765,2709.4873590580078,-1.3,2.1186,2.8,2.1017557710960233,long_nclose,5.884916159068865,0.0021719983888736677,17.0
1715590800000.0,1297512,1715590800000.0,0.01515980601357887,-0.000381348,2709.4625336750905,2709.494917710008,-0.9,2.1186,1.9,2.1017557710960233,long_nclose,3.9933359650824443,0.0014738480106111374,5.0
1715590920000.0,1297514,1715590920000.0,0.010106537342385912,-0.00025423199999999996,2709.472385980433,2709.4946734780083,-0.6,2.1186,1.3,2.1017557710960233,long_nclose,2.7322825024248303,0.001008418656179123,2.0
1715592840000.0,1297546,1715592840000.0,0.02150653734238599,-0.00025651199999999997,2709.4936360057754,2709.517396966008,-0.6,2.1376,0.7,2.1017557710960233,long_nclose,1.4712290397672163,0.000542990402419266,32.0
1715592960000.0,1297548,1715592960000.0,0.010753268671192995,-0.00012825599999999999,2709.5042610184464,2709.518918710008,-0.3,2.1376,0.4,2.1017557710960233,long_nclose,0.8407023084384093,0.00031027901322524837,2.0
1715593140000.0,1297551,1715593140000.0,0.00716884578079533,-8.5504e-05,2709.511344360227,2709.519133206008,-0.2,2.1376,0.2,2.1017557710960233,long_nclose,0.42035115421920466,0.0001551391010390689,3.0
1715594580000.0,1297575,1715594580000.0,0.003584422890397665,-4.2752e-05,2709.514886031118,2709.5185604540084,-0.1,2.1376,0.1,2.1017557710960233,long_nclose,0.21017557710960233,7.756944912654321e-05,24.0
1715596740000.0,1297611,1715596740000.0,0.0016844228903976522,-4.2372e-05,2709.5165280820083,2709.5165280820083,-0.1,2.1186,0.0,2.1017557710960233,long_nclose,0.0,0.0,36.0
1715667000000.0,1298782,1715667000000.0,0.0,-0.021662720000000003,2709.494865362008,2709.699665362008,51.2,2.1155,51.2,2.1155,long_ientry_normal,108.31360000000001,0.03997556938921474,1171.0
1715695800000.0,1299262,1715695800000.0,0.0,-0.021767328000000002,2709.473098034008,2706.292458034008,52.8,2.0613,104.0,2.087983076923077,long_rentry,217.15024000000003,0.0801448223116015,480.0
1715725680000.0,1299760,1715725680000.0,0.0,-0.021908964,2709.4511890700082,2702.253019070008,54.3,2.0174,158.3,2.063771699305117,long_rentry,326.69506,0.1205761009158961,498.0
1715777040000.0,1300616,1715777040000.0,0.8710414466203272,-0.021926362,2710.3003041546285,2712.3413727080083,-52.7,2.0803,105.6,2.063771699305117,long_nclose,217.93429144662034,0.08040964726770244,856.0
1715777700000.0,1300627,1715777700000.0,1.8547742766898245,-0.022164384,2712.1329140473185,2714.3995283240083,-52.8,2.0989,52.8,2.063771699305117,long_nclose,108.96714572331017,0.04017765691309663,11.0
1715778480000.0,1300640,1715778480000.0,0.9273871383449123,-0.011082192,2713.0492189936635,2713.8314061320084,-26.4,2.0989,26.4,2.063771699305117,long_nclose,54.483572861655084,0.02008204365782364,13.0
1715778780000.0,1300645,1715778780000.0,0.46369356917245613,-0.005541096,2713.507371466836,2714.0634650360084,-13.2,2.0989,13.2,2.063771699305117,long_nclose,27.241786430827542,0.010039326488397006,5.0
1715779020000.0,1300649,1715779020000.0,0.7092135691724584,-0.0055902,2714.2109948360085,2714.2109948360085,-13.2,2.1175,0.0,2.063771699305117,long_nclose,0.0,0.0,4.0
1716382320000.0,1310704,1716382320000.0,0.0,-0.021737886,2714.1892569500083,2714.171296950008,44.9,2.4207,44.9,2.4207,long_ientry_normal,108.68943,0.040044897282563344,10055.0
1716386400000.0,1310772,1716386400000.0,0.28906000000000126,-0.007271498000000001,2714.471045452008,2715.038045452008,-14.9,2.4401,30.0,2.4207,long_nclose,72.62100000000001,0.026753278551883506,68.0
1716386460000.0,1310773,1716386460000.0,0.19400000000000084,-0.004880200000000001,2714.660165252008,2714.972165252008,-10.0,2.4401,20.0,2.4207,long_nclose,48.414,0.017834276503447946,1.0
1716387420000.0,1310789,1716387420000.0,0.12804000000000054,-0.003220932,2714.784984320008,2715.249964320008,-6.6,2.4401,13.4,2.4207,long_nclose,32.437380000000005,0.01194841587357786,16.0
1716387720000.0,1310794,1716387720000.0,0.27603999999999934,-0.003298946,2715.057725374008,2715.370615374008,-6.7,2.4619,6.7,2.4207,long_nclose,16.218690000000002,0.005973607797884233,5.0
1716388620000.0,1310809,1716388620000.0,0.13595999999999966,-0.001624854,2715.192060520008,2715.329420520008,-3.3,2.4619,3.4,2.4207,long_nclose,8.23038,0.0030312330827984724,15.0
1716388680000.0,1310810,1716388680000.0,0.07003999999999984,-0.000837046,2715.261263474008,2715.331303474008,-1.7,2.4619,1.7,2.4207,long_nclose,4.11519,0.001515577913388294,1.0
1716388800000.0,1310812,1716388800000.0,0.03295999999999993,-0.00039390400000000004,2715.2938295700083,2715.3309095700083,-0.8,2.4619,0.9,2.4207,long_nclose,2.17863,0.0008023551544493459,2.0
1716388860000.0,1310813,1716388860000.0,0.016479999999999963,-0.00019695200000000002,2715.310112618008,2715.3308626180083,-0.4,2.4619,0.5,2.4207,long_nclose,1.21035,0.00044575019051250184,1.0
1716389280000.0,1310820,1716389280000.0,0.008239999999999982,-9.847600000000001e-05,2715.3182541420083,2715.331364142008,-0.2,2.4619,0.3,2.4207,long_nclose,0.72621,0.000267449312393574,7.0
1716391140000.0,1310851,1716391140000.0,0.004119999999999991,-4.9238000000000005e-05,2715.3223249040084,2715.3310849040085,-0.1,2.4619,0.2,2.4207,long_nclose,0.48414,0.00017829927429227589,31.0
1716391980000.0,1310865,1716391980000.0,0.012599999999999945,-9.9348e-05,2715.3348255560086,2715.3348255560086,-0.2,2.4837,0.0,2.4207,long_nclose,0.0,0.0,14.0
1716472080000.0,1312200,1716472080000.0,0.0,-0.021744456000000002,2715.3130811000087,2715.748201100009,44.4,2.4487,44.4,2.4487,long_ientry_normal,108.72228,0.04004042139993491,1335.0
1716487800000.0,1312462,1716487800000.0,0.0,-0.02171169,2715.291369410009,2711.747889410009,45.5,2.3859,89.9,2.4169157953281424,long_rentry,217.28073,0.08002114706651602,262.0
1716494400000.0,1312572,1716494400000.0,0.0,-0.021764996,2715.269604414009,2707.645694414009,46.6,2.3353,136.5,2.3890528205128208,long_rentry,326.10571000000004,0.12010067415400467,110.0
1716494400000.0,1312572,1716494400000.0,0.0,-0.03241224,2715.2371921740087,2710.742642174009,70.8,2.289,207.3,2.3548813796430297,long_rentry,488.1669100000001,0.17978794317012856,0.0
1716495420000.0,1312589,1716495420000.0,1.307276666666658,-0.032805916,2716.511662924675,2719.2782362580083,-69.1,2.3738,138.2,2.3548813796430297,long_nclose,325.4446066666667,0.1198023962526572,17.0
1716495540000.0,1312591,1716495540000.0,0.8702565364206407,-0.02183896,2717.3600805010956,2719.122817298008,-46.0,2.3738,92.2,2.3548813796430297,long_nclose,217.12006320308734,0.07990110135240128,2.0
1716495720000.0,1312594,1716495720000.0,0.5808016449589928,-0.014575132,2717.9263070140546,2718.653152166008,-30.7,2.3738,61.5,2.3548813796430297,long_nclose,144.82520484804633,0.05328518454466596,3.0
1716496080000.0,1312600,1716496080000.0,0.38783171731789423,-0.009732580000000001,2718.3044061513724,2719.034969586008,-20.5,2.3738,41.0,2.3548813796430297,long_nclose,96.55013656536421,0.035518515272563514,6.0
1716496500000.0,1312607,1716496500000.0,0.2572932368547981,-0.006456736000000001,2718.555242652227,2719.227052850008,-13.6,2.3738,27.4,2.3548813796430297,long_nclose,64.52374980221902,0.02373457371396637,7.0
1716497040000.0,1312616,1716497040000.0,0.1721594452484311,-0.004320316,2718.7230817814757,2719.063802534008,-9.1,2.3738,18.3,2.3548813796430297,long_nclose,43.09432924746744,0.015850944708656892,9.0
1716497220000.0,1312619,1716497220000.0,0.11540358417751974,-0.0028960360000000003,2718.835589329653,2719.061516498008,-6.1,2.3738,12.2,2.3548813796430297,long_nclose,28.72955283164496,0.010566859189425433,3.0
1716497280000.0,1312620,1716497280000.0,0.0756744814278818,-0.0018990400000000003,2718.909364771081,2719.086637458008,-4.0,2.3738,8.2,2.3548813796430297,long_nclose,19.31002731307284,0.0071021224772230135,1.0
1716498120000.0,1312634,1716498120000.0,0.16448634346357835,-0.0019639,2719.0718872145444,2719.292133558008,-4.1,2.395,4.1,2.3548813796430297,long_nclose,9.65501365653642,0.0035508489870884406,14.0
1716498180000.0,1312635,1716498180000.0,0.2514063434635779,-0.001981284,2719.321312274008,2719.321312274008,-4.1,2.4162,0.0,2.3548813796430297,long_nclose,0.0,0.0,1.0
1716531900000.0,1313197,1716531900000.0,0.0,-0.02174328,2719.299568994008,2719.1247689940083,46.0,2.3634,46.0,2.3634,long_ientry_normal,108.7164,0.03997955989829363,562.0
1716532080000.0,1313200,1716532080000.0,0.29070000000000196,-0.007290144000000001,2719.582978850008,2719.4908788500084,-15.3,2.3824,30.7,2.3634,long_nclose,72.55637999999999,0.026679230074708325,3.0
1716532140000.0,1313201,1716532140000.0,0.0,-0.007270031999999999,2719.575708818008,2719.414458818008,15.4,2.3604,46.1,2.362397830802603,long_ientry_partial,108.90653999999999,0.04004541577823305,1.0
1716562980000.0,1313715,1716562980000.0,0.29073318872018006,-0.007287084000000002,2719.859154922728,2720.475221734008,-15.3,2.3814,30.8,2.362397830802603,long_nclose,72.76185318872017,0.026752066575589775,514.0
1716563100000.0,1313717,1716563100000.0,0.19382212581345337,-0.004858056,2720.0481189925413,2720.4539836780077,-10.2,2.3814,20.6,2.362397830802603,long_nclose,48.66539531453362,0.017891372941063424,2.0
1716564180000.0,1313735,1716564180000.0,0.12921475054230225,-0.0032387040000000002,2720.1740950390836,2720.4266649740075,-6.8,2.3814,13.8,2.362397830802603,long_nclose,32.60109006507592,0.01198492777522297,18.0
1716564240000.0,1313736,1716564240000.0,0.08740997830802799,-0.002190888,2720.259314129392,2720.4267740860078,-4.6,2.3814,9.2,2.362397830802603,long_nclose,21.734060043383945,0.00798970154444259,1.0
1716564660000.0,1313743,1716564660000.0,0.05700650759219217,-0.0014288400000000002,2720.3148917969843,2720.425265246008,-3.0,2.3814,6.2,2.362397830802603,long_nclose,14.646866550976137,0.005384254078505124,7.0
1716564840000.0,1313746,1716564840000.0,0.03800433839479478,-0.0009525600000000001,2720.351943575379,2720.434272686008,-2.0,2.3814,4.2,2.362397830802603,long_nclose,9.922070889370932,0.003647348245804651,3.0
1716564960000.0,1313748,1716564960000.0,0.026603036876356345,-0.000666792,2720.377879820255,2720.434725894008,-1.4,2.3814,2.8,2.362397830802603,long_nclose,6.614713926247288,0.002431542314512697,2.0
1716566400000.0,1313772,1716566400000.0,0.01710195227765765,-0.00042865200000000007,2720.3945531205327,2720.438067242008,-0.9,2.3814,1.9,2.362397830802603,long_nclose,4.488555878524945,0.0016499650292918634,24.0
1716566880000.0,1313780,1716566880000.0,0.011401301518438434,-0.00028576800000000005,2720.405668654051,2720.4245214740076,-0.6,2.3814,1.3,2.362397830802603,long_nclose,3.071117180043384,0.00112891882833153,8.0
1716567000000.0,1313782,1716567000000.0,0.007600867678958956,-0.00019051200000000002,2720.41307900973,2720.428110962008,-0.4,2.3814,0.9,2.362397830802603,long_nclose,2.1261580477223427,0.0007815570598919099,2.0
1716568260000.0,1313803,1716568260000.0,0.005700650759219217,-0.00014288400000000002,2720.418636776489,2720.4295580780076,-0.3,2.3814,0.6,2.362397830802603,long_nclose,1.4174386984815617,0.0005210369754565165,21.0
1716568320000.0,1313804,1716568320000.0,0.003800433839479478,-9.525600000000001e-05,2720.4223419543287,2720.429062822008,-0.2,2.3814,0.4,2.362397830802603,long_nclose,0.9449591323210411,0.00034735751054087814,1.0
1716572880000.0,1313880,1716572880000.0,0.001900216919739739,-4.7628000000000005e-05,2720.424194543248,2720.4300751940073,-0.1,2.3814,0.3,2.362397830802603,long_nclose,0.7087193492407808,0.00026051795549472125,76.0
1716573060000.0,1313883,1716573060000.0,0.001900216919739739,-4.7628000000000005e-05,2720.4260471321677,2720.4304675660073,-0.1,2.3814,0.2,2.362397830802603,long_nclose,0.47247956616052056,0.00017367851872268368,3.0
1716573900000.0,1313897,1716573900000.0,0.004020216919739728,-4.805200000000001e-05,2720.4300192970877,2720.4344395140074,-0.1,2.4026,0.1,2.362397830802603,long_nclose,0.23623978308026028,8.683913256526282e-05,14.0
1716574140000.0,1313901,1716574140000.0,0.0061502169197397375,-4.8478000000000006e-05,2720.4361210360075,2720.4361210360075,-0.1,2.4239,0.0,2.362397830802603,long_nclose,0.0,0.0,4.0
1716861000000.0,1318682,1716861000000.0,0.0,-0.021763134,2720.4143579020074,2720.2602479020074,46.7,2.3301,46.7,2.3301,long_ientry_normal,108.81567,0.03999966758149262,4781.0
1716970080000.0,1320500,1716970080000.0,0.0,-0.021976504000000004,2720.3923813980073,2717.675801398007,48.4,2.2703,95.1,2.2996655099894854,long_rentry,218.69819000000004,0.0803921491235802,1818.0
1717016820000.0,1321279,1717016820000.0,0.0,-0.022085686000000004,2720.370295712007,2712.902395712007,49.7,2.2219,144.8,2.272973895027625,long_rentry,329.1266200000001,0.1209859630208384,779.0
1717050840000.0,1321846,1717050840000.0,0.0,-0.032704548,2720.3375911640073,2705.6628711640074,75.1,2.1774,219.9,2.24033360618463,long_rentry,492.6493600000002,0.18109861129007893,567.0
1717072200000.0,1322202,1717072200000.0,1.3169366666666222,-0.033106678,2721.621421152674,2724.4751944860072,-73.3,2.2583,146.6,2.24033360618463,long_nclose,328.4329066666668,0.1206754562240208,356.0
1717072320000.0,1322204,1717072320000.0,0.8767600181900569,-0.022041008,2722.476140162864,2723.949633478007,-48.8,2.2583,97.8,2.24033360618463,long_nclose,219.1046266848568,0.08047990704217872,2.0
1717073340000.0,1322221,1717073340000.0,0.5857044383810627,-0.014724116,2723.047120485245,2724.035969362007,-32.6,2.2583,65.2,2.24033360618463,long_nclose,146.0697511232379,0.05364202111097085,17.0
1717074000000.0,1322232,1717074000000.0,0.38987074579352937,-0.009801022000000001,2723.4271902090386,2724.204378340007,-21.7,2.2583,43.5,2.24033360618463,long_nclose,97.4545118690314,0.035783777227233755,11.0
1717074120000.0,1322234,1717074120000.0,0.26051271032286527,-0.006549070000000001,2723.6811538493616,2724.161579270007,-14.5,2.2583,29.0,2.24033360618463,long_nclose,64.96967457935428,0.023853627098580552,2.0
1717074960000.0,1322248,1717074960000.0,0.17247738062755216,-0.004335936,2723.849295293989,2724.1086033340075,-9.6,2.2583,19.4,2.24033360618463,long_nclose,43.46247195998182,0.015956268959179273,14.0
1717075080000.0,1322250,1717075080000.0,0.11498492041836812,-0.0028906240000000005,2723.9613895904076,2724.1780527100073,-6.4,2.2583,13.0,2.24033360618463,long_nclose,29.124336880400193,0.01069190517593185,2.0
1717075380000.0,1322255,1717075380000.0,0.07725549340609107,-0.001942138,2724.036702945814,2724.2112805720076,-4.3,2.2583,8.7,2.24033360618463,long_nclose,19.490902373806282,0.007155154096392508,5.0
1717076760000.0,1322278,1717076760000.0,0.05210254206457305,-0.001309814,2724.0874956738785,2724.2079407580077,-2.9,2.2583,5.8,2.24033360618463,long_nclose,12.993934915870854,0.00477001378865639,23.0
1717078080000.0,1322300,1717078080000.0,0.03413614824920303,-0.0008581540000000001,2724.1207736681276,2724.1924026040074,-1.9,2.2583,3.9,2.24033360618463,long_nclose,8.737301064120057,0.0032073838827472263,22.0
1717090080000.0,1322500,1717090080000.0,0.023356311959981026,-0.0005871580000000001,2724.1435428220875,2724.1941554460077,-1.3,2.2583,2.6,2.24033360618463,long_nclose,5.8248673760800385,0.002138238049690195,200.0
1717090200000.0,1322502,1717090200000.0,0.014373115052296015,-0.00036132800000000006,2724.15755460914,2724.1992541180075,-0.8,2.2583,1.8,2.24033360618463,long_nclose,4.032600491132334,0.001480311035721621,2.0
1717090500000.0,1322507,1717090500000.0,0.01077983628922201,-0.000270996,2724.168063449429,2724.1916631220074,-0.6,2.2583,1.2,2.24033360618463,long_nclose,2.688400327421556,0.0009868702168167325,5.0
1717091160000.0,1322518,1717091160000.0,0.007186557526148008,-0.00018066400000000003,2724.1750693429553,2724.1902424580076,-0.4,2.2583,0.8,2.24033360618463,long_nclose,1.7922668849477041,0.0006579117858897305,11.0
1717091280000.0,1322520,1717091280000.0,0.003593278763074004,-9.033200000000002e-05,2724.1785722897184,2724.1892321260075,-0.2,2.2583,0.6,2.24033360618463,long_nclose,1.344200163710778,0.0004934332049242113,2.0
1717091340000.0,1322521,1717091340000.0,0.003593278763074004,-9.033200000000002e-05,2724.1820752364815,2724.188781794008,-0.2,2.2583,0.4,2.24033360618463,long_nclose,0.8961334424738521,0.00032895504695517106,1.0
1717091400000.0,1322522,1717091400000.0,0.001796639381537002,-4.516600000000001e-05,2724.1838267098633,2724.189486628008,-0.1,2.2583,0.3,2.24033360618463,long_nclose,0.672100081855389,0.0002467161265938205,1.0
1717091580000.0,1322525,1717091580000.0,0.001796639381537002,-4.516600000000001e-05,2724.185578183245,2724.189231462008,-0.1,2.2583,0.2,2.24033360618463,long_nclose,0.44806672123692604,0.0001644773119809778,3.0
1717091880000.0,1322530,1717091880000.0,0.001796639381537002,-4.516600000000001e-05,2724.187329656627,2724.1889962960086,-0.1,2.2583,0.1,2.24033360618463,long_nclose,0.22403336061846302,8.223860311643896e-05,5.0
1717092060000.0,1322533,1717092060000.0,0.001796639381537002,-4.516600000000001e-05,2724.1890811300086,2724.1890811300086,-0.1,2.2583,0.0,2.24033360618463,long_nclose,0.0,0.0,3.0
1717374960000.0,1327248,1717374960000.0,0.0,-0.021787648000000003,2724.1672934820085,2724.5308134820084,51.2,2.1277,51.2,2.1277,long_ientry_normal,108.93824000000001,0.039989555803217954,4715.0
1717375680000.0,1327260,1717375680000.0,0.29070000000000196,-0.0072923200000000014,2724.4507011620085,2725.0492011620086,-17.0,2.1448,34.2,2.1277,long_nclose,72.76734,0.026708994943077487,12.0
1717377060000.0,1327283,1717377060000.0,0.6190200000000002,-0.007400538000000001,2725.0623206240084,2725.7617106240086,-17.1,2.1639,17.1,2.1277,long_nclose,36.38367,0.013351500156395893,23.0
1717377180000.0,1327285,1717377180000.0,0.9473400000000021,-0.007466202000000002,2726.0021944220084,2726.0021944220084,-17.1,2.1831,0.0,2.1277,long_nclose,0.0,0.0,2.0
1717783080000.0,1334050,1717783080000.0,0.0,-0.02179632,2725.9803981020086,2725.7059481020087,49.9,2.184,49.9,2.184,long_ientry_normal,108.9816,0.039978864145860896,6765.0
1717783200000.0,1334052,1717783200000.0,0.0,-0.021790720000000003,2725.9586073820087,2722.5879373820085,51.2,2.128,101.1,2.155639960435213,long_rentry,217.9352,0.07994809584042196,2.0
1717783260000.0,1334053,1717783260000.0,0.0,-0.021828792,2725.9367785900085,2717.0170685900084,52.4,2.0829,153.5,2.1308088599348536,long_rentry,327.07916,0.11998780109976791,1.0
1717783260000.0,1334053,1717783260000.0,0.0,-0.03250227199999999,2725.9042763180087,2719.460126318009,79.6,2.0416,233.1,2.1003454311454313,long_rentry,489.59052,0.1796066443907965,0.0
1717783440000.0,1334056,1717783440000.0,0.0,-0.048045660000000004,2725.856230658009,2683.6116106580084,120.9,1.987,354.0,2.061635084745763,long_rentry,729.8188200000002,0.2677392929941229,3.0
1717784040000.0,1334066,1717784040000.0,0.0,-0.070267392,2725.785963266009,2677.359783266009,183.6,1.9136,537.6,2.011078459821429,long_rentry,1081.1557800000003,0.3966400130348351,10.0
1717784460000.0,1334073,1717784460000.0,2.8889799999999695,-0.07265484800000001,2728.602288418009,2735.527128418009,-179.2,2.0272,358.4,2.011078459821429,long_nclose,720.77052,0.26415374752833215,7.0
1717785180000.0,1334085,1717785180000.0,6.13249999999997,-0.07330355200000001,2734.661484866009,2740.220544866009,-179.2,2.0453,179.2,2.011078459821429,long_nclose,360.38526,0.13178423069707948,12.0
1717785240000.0,1334086,1717785240000.0,3.066249999999985,-0.036651776000000004,2737.6910830900088,2740.6946130900087,-89.6,2.0453,89.6,2.011078459821429,long_nclose,180.19263,0.06581919746643515,1.0
1717785300000.0,1334087,1717785300000.0,1.5331249999999925,-0.018325888000000002,2739.2058822020085,2741.0302072020086,-44.8,2.0453,44.8,2.011078459821429,long_nclose,90.096315,0.03289139950574758,1.0
1717785420000.0,1334089,1717785420000.0,0.7665624999999963,-0.009162944000000001,2739.9632817580086,2740.7679242580084,-22.4,2.0453,22.4,2.011078459821429,long_nclose,45.0481575,0.01644115371907331,2.0
1717785480000.0,1334090,1717785480000.0,0.0,-0.012732340000000003,2739.9505494180084,2740.7551919180087,31.1,2.047,53.5,2.031959953271028,long_ientry_partial,108.7098575,0.039675846530548155,1.0
1717785540000.0,1334091,1717785540000.0,0.2908528317756985,-0.0072919479999999995,2740.2341103017843,2740.821019970009,-17.8,2.0483,35.7,2.031959953271028,long_nclose,72.54097033177571,0.026472544830772403,1.0
1717785600000.0,1334092,1717785600000.0,0.0,-0.007292304,2740.226817997784,2740.9046776660084,17.8,2.0484,53.5,2.0374297258275833,long_ientry_partial,109.0024903317757,0.0397786378907937,1.0
1717785660000.0,1334093,1717785660000.0,0.2913908802690145,-0.007311528,2740.510897350053,2741.170286138008,-17.8,2.0538,35.7,2.0374297258275833,long_nclose,72.73624121204473,0.026541124606502136,1.0
1717785720000.0,1334094,1717785720000.0,0.0,-0.007236768000000001,2740.503660582053,2741.2003593700083,17.6,2.0559,53.3,2.0435287281809518,long_ientry_partial,108.92008121204472,0.03974454870420107,1.0
1717785780000.0,1334095,1717785780000.0,0.2897715111971509,-0.007292045999999999,2740.78614004725,2741.429477324008,-17.7,2.0599,35.6,2.0435287281809518,long_nclose,72.74962272324188,0.02654334158373543,1.0
1717785840000.0,1334096,1717785840000.0,0.0,-0.007256832,2740.7788832152496,2741.7467404920076,17.6,2.0616,53.2,2.0495071940459,long_ientry_partial,109.03378272324188,0.039782042758346375,1.0
1717786020000.0,1334099,1717786020000.0,0.9281486383790614,-0.011089008000000001,2741.6959428456285,2742.6560114840076,-26.6,2.0844,26.6,2.0495071940459,long_nclose,54.51689136162094,0.01988436810576355,3.0
1717786080000.0,1334100,1717786080000.0,0.0,-0.01084512,2741.6850977256286,2742.950246364008,26.0,2.0856,52.6,2.0673477445175084,long_ientry_partial,108.74249136162095,0.03966264814723928,1.0
1717786320000.0,1334104,1717786320000.0,0.927134319189525,-0.011059676,2742.601172368818,2743.5230466880075,-26.3,2.1026,26.3,2.0673477445175084,long_nclose,54.371245680810475,0.019824700079833106,4.0
1717786380000.0,1334105,1717786380000.0,0.0,-0.010890431999999999,2742.590281936818,2743.3607762560077,25.9,2.1024,52.2,2.084739572429319,long_ientry_partial,108.82340568081045,0.03967906048436784,1.0
1717786380000.0,1334105,1717786380000.0,0.23397160117591911,-0.005508812,2742.8187447259943,2743.395877444008,-13.1,2.1026,39.1,2.084739572429319,long_nclose,81.51331728198637,0.029718812968856787,0.0
1717786440000.0,1334106,1717786440000.0,0.0,-0.0055426799999999995,2742.8132020459943,2743.9604047640078,13.2,2.0995,52.3,2.0884649575905616,long_ientry_partial,109.22671728198637,0.039822878641720474,1.0
1717786440000.0,1334106,1717786440000.0,0.16945555132270096,-0.005463900000000001,2742.977193697317,2743.839240864008,-13.0,2.1015,39.3,2.0884649575905616,long_nclose,82.07667283330906,0.029922477307467575,0.0
1717786500000.0,1334107,1717786500000.0,0.0,-0.005360416,2742.9718332813172,2743.277480448008,12.7,2.1104,52.0,2.093822169871328,long_ientry_partial,108.87875283330905,0.0396937188753635,1.0
1717788540000.0,1334141,1717788540000.0,0.29025646122602294,-0.007302676,2743.254787066543,2743.753697772008,-17.3,2.1106,34.7,2.093822169871328,long_nclose,72.65562929453509,0.02648519183747721,34.0
1717788600000.0,1334142,1717788600000.0,0.0,-0.007294372,2743.247492694543,2743.730803400008,17.3,2.1082,52.0,2.098605563356444,long_ientry_partial,109.1274892945351,0.03978040245553823,1.0
1717788780000.0,1334145,1717788780000.0,0.292273753933514,-0.00731963,2743.5324468184763,2744.0943937700076,-17.3,2.1155,34.7,2.098605563356444,long_nclose,72.82161304846862,0.026543011413229626,3.0
1717788840000.0,1334146,1717788840000.0,0.0,-0.007274912,2743.5251719064763,2744.3154788580077,17.2,2.1148,51.9,2.1039725057508405,long_ientry_partial,109.19617304846862,0.03980141103374247,1.0
1717788840000.0,1334146,1717788840000.0,0.1325661838653336,-0.00486565,2743.652872440342,2744.2680632080082,-11.5,2.1155,40.4,2.1039725057508405,long_nclose,85.00048923233395,0.030980773874914526,0.0
1717788900000.0,1334147,1717788900000.0,0.0,-0.004831776000000001,2743.648040664342,2744.237331432008,11.4,2.1192,51.8,2.1073237303539374,long_ientry_partial,109.15936923233394,0.03978621441761251,1.0
1717788900000.0,1334147,1717788900000.0,0.18192201325723617,-0.0056840120000000004,2743.824278665599,2744.261127420008,-13.4,2.1209,38.4,2.1073237303539374,long_nclose,80.92123124559119,0.029492133251676565,0.0
1717788960000.0,1334148,1717788960000.0,0.0,-0.005678116,2743.818600549599,2744.131129304008,13.4,2.1187,51.8,2.1102666263627645,long_ientry_partial,109.3118112455912,0.03983929958915489,1.0
1717798620000.0,1334309,1717798620000.0,0.29125402656045374,-0.007317568,2744.1025370081597,2744.660751736008,-17.2,2.1272,34.6,2.1102666263627645,long_nclose,73.01522527215165,0.02660805282872509,161.0
1717798680000.0,1334310,1717798680000.0,0.19473379682821035,-0.004892560000000001,2744.292378244988,2744.628099176008,-11.5,2.1272,23.1,2.1102666263627645,long_nclose,48.74715906897986,0.017763106969000995,1.0
1717798740000.0,1334311,1717798740000.0,0.13038697700671475,-0.0032758880000000007,2744.4194893339945,2744.678723288008,-7.7,2.1272,15.4,2.1102666263627645,long_nclose,32.498106045986574,0.011841522832893558,1.0
1717798800000.0,1334312,1717798800000.0,0.08636020554990198,-0.002169744,2744.503679795544,2744.6986935440077,-5.1,2.1272,10.3,2.1102666263627645,long_nclose,21.735746251536476,0.007919736603579891,1.0
1717798980000.0,1334315,1717798980000.0,0.05757347036660132,-0.0014464960000000002,2744.5598067699107,2744.6600870480074,-3.4,2.1272,6.9,2.1102666263627645,long_nclose,14.560839721903076,0.005305346119981192,3.0
1717853460000.0,1335223,1717853460000.0,0.0,-0.01918272,2744.5406240499105,2744.1791143280075,48.0,1.9982,54.9,2.0122848765373966,long_ientry_partial,110.47443972190307,0.04025243377847485,908.0
1717854360000.0,1335238,1717854360000.0,0.29490675936564137,-0.007423944000000001,2744.8281068652764,2745.5313803840077,-18.3,2.0284,36.6,2.0122848765373966,long_nclose,73.64962648126873,0.02683214526150422,15.0
1717854720000.0,1335244,1717854720000.0,0.1966045062437609,-0.004949296,2745.01976207552,2745.4495710880074,-12.2,2.0284,24.4,2.0122848765373966,long_nclose,49.09975098751247,0.017886847907567692,6.0
1717855500000.0,1335257,1717855500000.0,0.13053250004708716,-0.003286008,2745.147008567567,2745.4651050800076,-8.1,2.0284,16.3,2.0122848765373966,long_nclose,32.80024348755957,0.011948446981232864,13.0
1717856220000.0,1335269,1717856220000.0,0.08702166669805811,-0.0021906720000000003,2745.231839562265,2745.4053144080076,-5.4,2.0284,10.9,2.0122848765373966,long_nclose,21.933905154257623,0.007989818869999353,12.0
1717857720000.0,1335294,1717857720000.0,0.05801444446537207,-0.001460448,2745.28839355873,2745.4009239600073,-3.6,2.0284,7.3,2.0122848765373966,long_nclose,14.689679598722995,0.005350869377945643,25.0
1717857780000.0,1335295,1717857780000.0,0.03867629631024805,-0.000973632,2745.3260962230406,2745.4040803280072,-2.4,2.0284,4.9,2.0122848765373966,long_nclose,9.860195895033245,0.003591630119496072,1.0
1717857900000.0,1335297,1717857900000.0,0.025784197540165366,-0.0006490880000000001,2745.351231332581,2745.4100212400076,-1.6,2.0284,3.3,2.0122848765373966,long_nclose,6.640540092573408,0.002418830791770902,2.0
1717858500000.0,1335307,1717858500000.0,0.01772663580886369,-0.00044624800000000005,2745.3685117203895,2745.4057249920074,-1.1,2.0284,2.2,2.0122848765373966,long_nclose,4.427026728382273,0.0016125437111566745,10.0
1717858980000.0,1335315,1717858980000.0,0.011280586423822347,-0.00028397599999999997,2745.379508330813,2745.403981016007,-0.7,2.0284,1.5,2.0122848765373966,long_nclose,3.018427314806095,0.0010994572173525453,8.0
1717859280000.0,1335320,1717859280000.0,0.008057561731301677,-0.00020284,2745.3873630525445,2745.4049781760073,-0.5,2.0284,1.0,2.0122848765373966,long_nclose,2.0122848765373966,0.0007329693811586482,5.0
1717956960000.0,1336948,1717956960000.0,0.004834537038781006,-0.000121704,2745.3920758855834,2745.404056472007,-0.3,2.0284,0.7,2.0122848765373966,long_nclose,1.4085994135761775,0.0005130776860430051,1628.0
1717957680000.0,1336960,1717957680000.0,0.0032230246925206707,-8.113600000000002e-05,2745.395217774276,2745.4027253360073,-0.2,2.0284,0.5,2.0122848765373966,long_nclose,1.0061424382686983,0.00036648364204713293,12.0
1717958040000.0,1336966,1717958040000.0,0.0016115123462603353,-4.056800000000001e-05,2745.3967887186222,2745.4040747680074,-0.1,2.0284,0.4,2.0122848765373966,long_nclose,0.8049139506149587,0.0002931867458731318,6.0
1717962960000.0,1337048,1717962960000.0,0.0016115123462603353,-4.056800000000001e-05,2745.3983596629687,2745.4029542000076,-0.1,2.0284,0.3,2.0122848765373966,long_nclose,0.6036854629612189,0.00021988993358156182,82.0
1717963080000.0,1337050,1717963080000.0,0.0016115123462603353,-4.056800000000001e-05,2745.399930607315,2745.4031736320076,-0.1,2.0284,0.2,2.0122848765373966,long_nclose,0.40245697530747937,0.00014659320517227924,2.0
1717966320000.0,1337104,1717966320000.0,0.0016115123462603353,-4.056800000000001e-05,2745.4015015516616,2745.4029230640076,-0.1,2.0284,0.1,2.0122848765373966,long_nclose,0.20122848765373968,7.329656064513997e-05,54.0
1717966620000.0,1337109,1717966620000.0,0.0016115123462603353,-4.056800000000001e-05,2745.403072496008,2745.403072496008,-0.1,2.0284,0.0,2.0122848765373966,long_nclose,0.0,0.0,5.0
1718070720000.0,1338844,1718070720000.0,0.0,-0.021952666,2745.381119830008,2744.764439830008,57.1,1.9223,57.1,1.9223,long_ientry_normal,109.76333,0.03998109013250461,1735.0
1718071320000.0,1338854,1718071320000.0,0.2926000000000015,-0.00736326,2745.6663565700082,2746.4474065700083,-19.0,1.9377,38.1,1.9223,long_nclose,73.23963,0.026674628483081157,10.0
1718071440000.0,1338856,1718071440000.0,0.195580000000001,-0.004921758,2745.8570148120084,2746.1770548120085,-12.7,1.9377,25.4,1.9223,long_nclose,48.82641999999999,0.01778185088903576,2.0
1718072280000.0,1338870,1718072280000.0,0.0,-0.012238116,2745.8447766960085,2744.7837266960087,31.9,1.9182,57.3,1.9200174520069806,long_ientry_partial,110.01699999999998,0.04006672224654304,14.0
1718076420000.0,1338939,1718076420000.0,0.2938066666666708,-0.007393228000000001,2746.131190134675,2746.764643468008,-19.1,1.9354,38.2,1.9200174520069806,long_nclose,73.34466666666667,0.026708362269855623,69.0
1718079960000.0,1338998,1718079960000.0,0.0,-0.007444472000000001,2746.123745662675,2745.619478996008,19.6,1.8991,57.8,1.912924336793541,long_ientry_partial,110.56702666666666,0.04026294402839644,59.0
1718111040000.0,1339516,1718111040000.0,0.0,-0.022067392,2746.101678270675,2743.4611916040085,59.2,1.8638,117.0,1.8880682621082618,long_rentry,220.90398666666664,0.08044275578527678,518.0
1718120400000.0,1339672,1718120400000.0,0.0,-0.022145788000000003,2746.079532482675,2737.0254158160083,60.7,1.8242,177.7,1.8662516976177077,long_rentry,331.63292666666666,0.12076595843050622,156.0
1718195400000.0,1340922,1718195400000.0,0.8849395010317029,-0.022273408,2746.9421985757067,2751.0835724080084,-59.2,1.8812,118.5,1.8662516976177077,long_nclose,221.15082616769837,0.08050800132684459,1250.0
1718195400000.0,1340922,1718195400000.0,1.8854195010316979,-0.022473504000000002,2748.8051445727383,2750.8775789040083,-59.2,1.8981,59.3,1.8662516976177077,long_nclose,110.66872566873006,0.04026066594325001,0.0
1718195460000.0,1340923,1718195460000.0,2.8848443312699357,-0.022710714,2751.6672781900083,2751.6672781900083,-59.3,1.9149,0.0,1.8662516976177077,long_nclose,0.0,0.0,1.0
