timestamp,trade_id,timestamp,pnl,fee_paid,balance,equity,qty,price,psize,pprice,type,pcost,wallet_exposure,mins_since_prev_fill
1708645080000.0,3605,1708645080000.0,0.0,-0.0079884,999.9920116,1000.2020116,14.0,2.853,14.0,2.853,long_ientry_normal,39.942,0.0399423190752217,
1708646580000.0,3630,1708646580000.0,0.2274999999999998,-0.0020426000000000003,1000.2174689999999,1000.941969,-3.5,2.918,10.5,2.853,long_nclose,29.956500000000002,0.02994998680631922,25.0
1708646700000.0,3632,1708646700000.0,0.16899999999999987,-0.0015173600000000001,1000.3849516399999,1000.9379516399999,-2.6,2.918,7.9,2.853,long_nclose,22.538700000000002,0.022530027029145888,2.0
1708646880000.0,3635,1708646880000.0,0.12349999999999989,-0.00110884,1000.5073428,1000.8913428,-1.9,2.918,6.0,2.853,long_nclose,17.118000000000002,0.017109319709832323,3.0
1708646940000.0,3636,1708646940000.0,0.09749999999999992,-0.0008754000000000001,1000.6039673999999,1000.9099673999999,-1.5,2.918,4.5,2.853,long_nclose,12.838500000000002,0.012830750644892959,1.0
1708647000000.0,3637,1708647000000.0,0.14849999999999963,-0.0008856000000000001,1000.7515817999999,1000.9855818,-1.5,2.952,3.0,2.853,long_nclose,8.559000000000001,0.008552572042509662,1.0
1708647180000.0,3640,1708647180000.0,0.04549999999999996,-0.00040852000000000005,1000.7966732799999,1000.95997328,-0.7,2.918,2.3,2.853,long_nclose,6.5619,0.00655667647104991,3.0
1708647900000.0,3652,1708647900000.0,0.03249999999999997,-0.00029180000000000005,1000.82888148,1000.9350814799999,-0.5,2.918,1.8,2.853,long_nclose,5.135400000000001,0.005131146887373897,12.0
1708648260000.0,3658,1708648260000.0,0.02599999999999998,-0.00023344000000000001,1000.8546480399999,1000.9456480399999,-0.4,2.918,1.4,2.853,long_nclose,3.9942,0.003990789279763997,6.0
1708648320000.0,3659,1708648320000.0,0.019499999999999983,-0.00017508,1000.87397296,1000.9465729599999,-0.3,2.918,1.1,2.853,long_nclose,3.1383000000000005,0.003135559605690159,1.0
1708649760000.0,3683,1708649760000.0,0.029699999999999924,-0.00017711999999999998,1000.90349584,1000.98189584,-0.3,2.952,0.8,2.853,long_nclose,2.2824000000000004,0.0022803397225468927,24.0
1708649820000.0,3684,1708649820000.0,0.019799999999999953,-0.00011808000000000001,1000.92317776,1000.98437776,-0.2,2.952,0.6,2.853,long_nclose,1.7118,0.0017102211618586906,1.0
1708650120000.0,3689,1708650120000.0,0.019799999999999953,-0.00011808000000000001,1000.9428596800001,1000.9868596800001,-0.2,2.952,0.4,2.853,long_nclose,1.1412000000000002,0.0011401250220865156,5.0
1708650480000.0,3695,1708650480000.0,0.026600000000000002,-0.00011944000000000002,1000.9693402400001,1000.99534024,-0.2,2.986,0.2,2.853,long_nclose,0.5706000000000001,0.0005700474300873078,6.0
1708650540000.0,3696,1708650540000.0,0.013300000000000001,-5.972000000000001e-05,1000.98258052,1000.99358052,-0.1,2.986,0.1,2.853,long_nclose,0.28530000000000005,0.0002850199449542765,1.0
1708650720000.0,3699,1708650720000.0,0.013300000000000001,-5.972000000000001e-05,1000.9958208,1000.9958208,-0.1,2.986,0.0,2.853,long_nclose,0.0,0.0,3.0
1709141520000.0,11879,1709141520000.0,0.0,-0.00802708,1000.98779372,1000.50599372,14.6,2.749,14.6,2.749,long_ientry_normal,40.135400000000004,0.04009579362685698,8180.0
1709141520000.0,11879,1709141520000.0,0.0,-0.007995200000000001,1000.97979852,1001.8051985200001,15.2,2.63,29.8,2.6883020134228186,long_rentry,80.1114,0.08003298380092068,0.0
1709141580000.0,11880,1709141580000.0,0.4491651006711432,-0.00406852,1001.4248951006712,1003.0085300000001,-7.4,2.749,22.4,2.6883020134228186,long_nclose,60.21796510067113,0.0601322829053671,1.0
1709141580000.0,11880,1709141580000.0,0.6859651006711434,-0.004115880000000001,1002.1067443213424,1003.16721412,-7.4,2.781,15.0,2.6883020134228186,long_nclose,40.32453020134228,0.040239755325318455,0.0
1709141640000.0,11881,1709141640000.0,0.4634899328859077,-0.0027810000000000005,1002.5674532542282,1003.6144331200001,-5.0,2.781,10.0,2.6883020134228186,long_nclose,26.883020134228186,0.026814175990821105,1.0
1709141700000.0,11882,1709141700000.0,0.6284899328859073,-0.002814,1003.1931291871142,1003.9066191200001,-5.0,2.814,5.0,2.6883020134228186,long_nclose,13.441510067114093,0.013398726203403852,1.0
1709141760000.0,11883,1709141760000.0,0.7884899328859074,-0.002846,1003.9787731200001,1003.9787731200001,-5.0,2.846,0.0,2.6883020134228186,long_nclose,0.0,0.0,1.0
1709450820000.0,17034,1709450820000.0,0.0,-0.008016200000000001,1003.9707569200001,1003.9707569200001,14.9,2.69,14.9,2.69,long_ientry_normal,40.081,0.039922477546020595,5151.0
1709450880000.0,17035,1709450880000.0,0.2256999999999998,-0.0020357400000000003,1004.1944211800001,1005.51602118,-3.7,2.751,11.2,2.69,long_nclose,30.127999999999997,0.030002158311731555,1.0
1709450880000.0,17035,1709450880000.0,0.3440999999999999,-0.00205942,1004.5364617600001,1005.42146176,-3.7,2.783,7.5,2.69,long_nclose,20.175,0.02008389020011514,0.0
1709450880000.0,17035,1709450880000.0,0.4661999999999996,-0.00208384,1005.0005779200001,1005.4489779200001,-3.7,2.816,3.8,2.69,long_nclose,10.222,0.010171138429746943,0.0
1709450940000.0,17036,1709450940000.0,0.23939999999999978,-0.00107008,1005.2389078400001,1005.5011078400001,-1.9,2.816,1.9,2.69,long_nclose,5.111,0.005084363488259944,1.0
1709451060000.0,17038,1709451060000.0,0.30019999999999986,-0.00108224,1005.5380256000002,1005.5380256000002,-1.9,2.848,0.0,2.69,long_nclose,0.0,0.0,2.0
1709668560000.0,20663,1709668560000.0,0.0,-0.0080416,1005.5299840000002,1004.9539840000002,16.0,2.513,16.0,2.513,long_ientry_normal,40.208,0.039986873230823505,3625.0
1709668620000.0,20664,1709668620000.0,0.0,-0.008029360000000001,1005.5219546400002,1006.5901546400003,16.7,2.404,32.7,2.4573333333333327,long_rentry,80.35479999999998,0.0799135211610261,1.0
1709668680000.0,20665,1709668680000.0,0.4509000000000043,-0.0040710600000000005,1005.9687835800003,1007.3627835800003,-8.1,2.513,24.6,2.4573333333333327,long_nclose,60.45039999999999,0.060091725495568155,1.0
1709668740000.0,20666,1709668740000.0,0.702466666666673,-0.00417052,1006.6670797266669,1008.4328130600002,-8.2,2.543,16.4,2.4573333333333327,long_nclose,40.30026666666665,0.04003336105677469,1.0
1709668800000.0,20667,1709668800000.0,0.9402666666666722,-0.00421808,1007.6031283133335,1008.6745949800002,-8.2,2.572,8.2,2.4573333333333327,long_nclose,20.150133333333326,0.01999808532458948,1.0
1709668860000.0,20668,1709668860000.0,1.1862666666666706,-0.00426728,1008.7851277000002,1008.7851277000002,-8.2,2.602,0.0,2.4573333333333327,long_nclose,0.0,0.0,1.0
1712946900000.0,75302,1712946900000.0,0.0,-0.008059920000000002,1008.7770677800002,1005.3456677800001,12.9,3.124,12.9,3.124,long_ientry_normal,40.299600000000005,0.039948965224483844,54634.0
1712946900000.0,75302,1712946900000.0,0.0,-0.0080703,1008.7689974800002,1003.5690974800002,13.5,2.989,26.4,3.0549659090909094,long_rentry,80.6511,0.079950018489341,0.0
1712946900000.0,75302,1712946900000.0,0.0,-0.0080864,1008.7609110800001,1003.1410110800001,14.0,2.888,40.4,2.9971064356435644,long_rentry,121.0831,0.12003151457401928,0.0
1712949000000.0,75337,1712949000000.0,0.6857249999999991,-0.0061913,1009.4404447800002,1012.1036197800003,-10.1,3.065,30.3,2.9971064356435644,long_nclose,90.812325,0.08996303394579346,35.0
1712949540000.0,75346,1712949540000.0,1.0493249999999994,-0.00626402,1010.4835057600002,1012.6225557600002,-10.1,3.101,20.2,2.9971064356435644,long_nclose,60.54155,0.05991344703292883,9.0
1712949660000.0,75348,1712949660000.0,0.6960868811881186,-0.00415534,1011.1754373011883,1012.5780004200001,-6.7,3.101,13.5,2.9971064356435644,long_nclose,40.46093688118812,0.04001376555306539,2.0
1712949900000.0,75352,1712949900000.0,0.4675210396039602,-0.0027909000000000002,1011.6401674407922,1012.5752095200002,-4.5,3.101,9.0,2.9971064356435644,long_nclose,26.97395792079208,0.026663589277034883,4.0
1712949960000.0,75353,1712949960000.0,0.3116806930693068,-0.0018606000000000002,1011.9499875338615,1012.5793489200001,-3.0,3.101,6.0,2.9971064356435644,long_nclose,17.982638613861386,0.017770283942277986,1.0
1712950140000.0,75356,1712950140000.0,0.2077871287128712,-0.0012404,1012.1565342625744,1012.6001085200002,-2.0,3.101,4.0,2.9971064356435644,long_nclose,11.988425742574258,0.011844438421087356,3.0
1712950260000.0,75358,1712950260000.0,0.1350616336633663,-0.00080626,1012.2907896362377,1012.5902022600001,-1.3,3.101,2.7,2.9971064356435644,long_nclose,8.092187376237625,0.007993935595468094,2.0
1712950320000.0,75359,1712950320000.0,0.18186163366336633,-0.0008156200000000001,1012.4718356499011,1012.6298866400001,-1.3,3.137,1.4,2.9971064356435644,long_nclose,4.19594900990099,0.0041442624497378035,1.0
1712950740000.0,75366,1712950740000.0,0.020368069306930667,-0.0001839,1012.492019819208,1012.5645027400001,-0.3,3.065,1.1,2.9971064356435644,long_nclose,3.296817079207921,0.0032561412975843553,7.0
1712950920000.0,75369,1712950920000.0,0.013578712871287113,-0.0001226,1012.5054759320793,1012.5656801400002,-0.2,3.065,0.9,2.9971064356435644,long_nclose,2.697395792079208,0.002664080201241454,3.0
1712951100000.0,75372,1712951100000.0,0.013578712871287113,-0.0001226,1012.5189320449506,1012.5664575400001,-0.2,3.065,0.7,2.9971064356435644,long_nclose,2.097974504950495,0.0020720348415740595,3.0
1712951760000.0,75383,1712951760000.0,0.006789356435643557,-6.13e-05,1012.5256601013863,1012.5645962400001,-0.1,3.065,0.6,2.9971064356435644,long_nclose,1.7982638613861386,0.0017760180627976131,11.0
1712951820000.0,75384,1712951820000.0,0.006789356435643557,-6.13e-05,1012.532388157822,1012.5638349400002,-0.1,3.065,0.5,2.9971064356435644,long_nclose,1.4985532178217822,0.0014800052179547712,1.0
1712951880000.0,75385,1712951880000.0,0.006789356435643557,-6.13e-05,1012.5391162142577,1012.5670736400002,-0.1,3.065,0.4,2.9971064356435644,long_nclose,1.1988425742574258,0.0011839963069671133,1.0
1712952060000.0,75388,1712952060000.0,0.006789356435643557,-6.13e-05,1012.5458442706934,1012.5710123400003,-0.1,3.065,0.3,2.9971064356435644,long_nclose,0.8991319306930693,0.0008879913297562219,3.0
1712952480000.0,75395,1712952480000.0,0.01038935643564356,-6.202e-05,1012.556171607129,1012.5771503200003,-0.1,3.101,0.2,2.9971064356435644,long_nclose,0.5994212871287129,0.0005919881819270446,7.0
1712952600000.0,75397,1712952600000.0,0.01038935643564356,-6.202e-05,1012.5664989435647,1012.5778883000004,-0.1,3.101,0.1,2.9971064356435644,long_nclose,0.29971064356435645,0.00029599107206988566,2.0
1712953320000.0,75409,1712953320000.0,0.013989356435643564,-6.274000000000001e-05,1012.5804255600004,1012.5804255600004,-0.1,3.137,0.0,2.9971064356435644,long_nclose,0.0,0.0,12.0
1713038820000.0,76834,1713038820000.0,0.0,-0.008105580000000001,1012.5723199800004,1011.5433199800004,14.7,2.757,14.7,2.757,long_ientry_normal,40.5279,0.04002469670591082,1425.0
1713038820000.0,76834,1713038820000.0,0.0,-0.00812504,1012.5641949400004,1012.2897949400004,15.4,2.638,30.1,2.6961162790697673,long_rentry,81.1531,0.08014612841885914,0.0
1713038940000.0,76836,1713038940000.0,0.0,-0.008102640000000001,1012.5560923000005,1010.3977923000004,15.9,2.548,46.0,2.6449195652173914,long_rentry,121.6663,0.12015759020681757,2.0
1713039240000.0,76841,1713039240000.0,0.6909250000000002,-0.0062215000000000005,1013.2407958000005,1015.0030708000005,-11.5,2.705,34.5,2.6449195652173914,long_nclose,91.249725,0.0900572947499159,5.0
1713039360000.0,76843,1713039360000.0,0.516691739130435,-0.0046526,1013.7528349391309,1015.6456182000005,-8.6,2.705,25.9,2.6449195652173914,long_nclose,68.50341673913043,0.06757408154941791,2.0
1713039420000.0,76844,1713039420000.0,0.7918917391304352,-0.00470764,1014.5400190382613,1016.1330105600005,-8.6,2.737,17.3,2.6449195652173914,long_nclose,45.757108478260875,0.04510133422005035,1.0
1713039480000.0,76845,1713039480000.0,0.5248584782608698,-0.00312018,1015.0617573365222,1016.0486903800005,-5.7,2.737,11.6,2.6449195652173914,long_nclose,30.68106695652174,0.03022581309439489,1.0
1713039540000.0,76846,1713039540000.0,0.0,-0.0018018,1015.0599555365222,1016.0170885800005,3.3,2.73,14.9,2.663762882988036,long_ientry_partial,39.69006695652174,0.039101204554506414,1.0
1713039540000.0,76846,1713039540000.0,0.2783010446454628,-0.0020801200000000004,1015.3361764611677,1016.0492084600005,-3.8,2.737,11.1,2.663762882988036,long_nclose,29.567768001167202,0.02912116074128483,0.0
1713039600000.0,76847,1713039600000.0,0.0,-0.0020732800000000003,1015.3341031811677,1016.1812351800005,3.8,2.728,14.9,2.6801455034340402,long_ientry_partial,39.9341680011672,0.03933106144671837,1.0
1713039600000.0,76847,1713039600000.0,0.28066163729405036,-0.00203944,1015.6127253784618,1016.2494957400006,-3.7,2.756,11.2,2.6801455034340402,long_nclose,30.017629638461248,0.02955617716120617,0.0
1713039660000.0,76848,1713039660000.0,0.0,-0.0020224200000000005,1015.6107029584618,1016.3814733200006,3.7,2.733,14.9,2.6932704455343117,long_ientry_partial,40.12972963846124,0.03951290540909407,1.0
1713039660000.0,76848,1713039660000.0,0.13364275250392746,-0.00153496,1015.7428107509658,1016.3687383600006,-2.8,2.741,12.1,2.6932704455343117,long_nclose,32.58857239096517,0.03208348810942759,0.0
1713040260000.0,76858,1713040260000.0,0.18218866339706485,-0.0016524000000000003,1015.9233470143628,1016.3212859600005,-3.0,2.754,9.1,2.6932704455343117,long_nclose,24.508761054362235,0.02412461641558843,10.0
1713040380000.0,76860,1713040380000.0,0.13360501982451423,-0.00121176,1016.0557402741872,1016.4126742000004,-2.2,2.754,6.9,2.6932704455343117,long_nclose,18.583566074186752,0.018289908060724988,2.0
1713040500000.0,76862,1713040500000.0,0.10324024259167008,-0.00093636,1016.1580441567789,1016.4842378400006,-1.7,2.754,5.2,2.6932704455343117,long_nclose,14.005006316778422,0.013782311125037599,2.0
1713040860000.0,76868,1713040860000.0,0.07894842080539477,-0.00071604,1016.2362765375843,1016.4575218000006,-1.3,2.754,3.9,2.6932704455343117,long_nclose,10.503754737583815,0.010335937596491956,6.0
1713040920000.0,76869,1713040920000.0,0.054656599019119456,-0.0004957200000000001,1016.2904374166035,1016.4366260800006,-0.9,2.754,3.0,2.6932704455343117,long_nclose,8.079811336602935,0.00795029751253166,1.0
1713041100000.0,76872,1713041100000.0,0.0425106881259818,-0.00038556,1016.3325625447294,1016.4699405200005,-0.7,2.754,2.3,2.6932704455343117,long_nclose,6.194522024728917,0.006094975456870981,3.0
1713041160000.0,76873,1713041160000.0,0.030364777232844142,-0.0002754,1016.3626519219623,1016.4683651200005,-0.5,2.754,1.8,2.6932704455343117,long_nclose,4.847886801961761,0.004769839577235851,1.0
1713041220000.0,76874,1713041220000.0,0.024291821786275314,-0.00022032000000000003,1016.3867234237485,1016.4801448000005,-0.4,2.754,1.4,2.6932704455343117,long_nclose,3.7705786237480363,0.003709787364249168,1.0
1713042120000.0,76889,1713042120000.0,0.018218866339706485,-0.00016523999999999998,1016.4047770500882,1016.4627795600005,-0.3,2.754,1.1,2.6932704455343117,long_nclose,2.962597490087743,0.002914781155088714,15.0
1713042180000.0,76890,1713042180000.0,0.012145910893137657,-0.00011016000000000002,1016.4168128009813,1016.4678694000005,-0.2,2.754,0.9,2.6932704455343117,long_nclose,2.4239434009808805,0.0023847927055644824,1.0
1713042240000.0,76891,1713042240000.0,0.012145910893137657,-0.00011016000000000002,1016.4288485518745,1016.4727592400004,-0.2,2.754,0.7,2.6932704455343117,long_nclose,1.8852893118740182,0.0018548168074529032,1.0
1713043680000.0,76915,1713043680000.0,0.0,-0.007746760000000001,1016.4211017918744,1016.3776124800004,14.6,2.653,15.3,2.654842438684576,long_ientry_partial,40.61908931187401,0.039962855198761214,24.0
1713044640000.0,76931,1713044640000.0,0.2285987329986101,-0.0020634,1016.6476371248731,1017.4314490800004,-3.8,2.715,11.5,2.654842438684576,long_nclose,30.530688044872626,0.030030747065143273,16.0
1713044940000.0,76936,1713044940000.0,0.3501987329986102,-0.00208772,1016.9957481378717,1017.7515613600004,-3.8,2.747,7.7,2.654842438684576,long_nclose,20.442286777871235,0.020100661006008377,5.0
1713045120000.0,76939,1713045120000.0,0.23039390328855935,-0.0013735,1017.2247685411603,1017.7091878600005,-2.5,2.747,5.2,2.654842438684576,long_nclose,13.805180681159797,0.01357141617870583,3.0
1713045300000.0,76942,1713045300000.0,0.3228096594201018,-0.00144508,1017.5461331205803,1017.8923427800004,-2.6,2.779,2.6,2.654842438684576,long_nclose,6.9025903405798985,0.006783565005953332,3.0
1713045420000.0,76944,1713045420000.0,0.1614048297100509,-0.00072254,1017.7068154102903,1017.8929202400004,-1.3,2.779,1.3,2.654842438684576,long_nclose,3.4512951702899493,0.003391246985899916,2.0
1713046680000.0,76965,1713046680000.0,0.07449453678925426,-0.00033348000000000004,1017.7809764670797,1017.8692867600005,-0.6,2.779,0.7,2.654842438684576,long_nclose,1.8583897070792033,0.0018259230129551486,21.0
1713046920000.0,76969,1713046920000.0,0.10931029292079665,-0.00039353999999999995,1017.8898932200004,1017.8898932200004,-0.7,2.811,0.0,2.654842438684576,long_nclose,0.0,0.0,4.0
1717783440000.0,155911,1717783440000.0,0.0,-0.0081548,1017.8817384200004,1017.3341384200004,14.8,2.755,14.8,2.755,long_ientry_normal,40.774,0.04005769870996129,78942.0
1717783800000.0,155917,1717783800000.0,0.22940000000000105,-0.00208458,1018.1090538400005,1018.9415538400004,-3.7,2.817,11.1,2.755,long_nclose,30.580499999999997,0.030036566205417357,6.0
1717783920000.0,155919,1717783920000.0,0.16740000000000077,-0.0015211800000000002,1018.2749326600004,1018.8041326600004,-2.7,2.817,8.4,2.755,long_nclose,23.142,0.022726671606799788,2.0
1717784040000.0,155921,1717784040000.0,0.0,-0.0035123200000000006,1018.2714203400004,1018.2974203400004,6.4,2.744,14.8,2.7502432432432435,long_ientry_partial,40.70360000000001,0.03997323227083118,2.0
1717784460000.0,155928,1717784460000.0,0.23219999999999952,-0.00208162,1018.5015387200004,1019.3535387200004,-3.7,2.813,11.1,2.7502432432432435,long_nclose,30.527700000000003,0.029973150593729708,7.0
1717784580000.0,155930,1717784580000.0,0.3542999999999992,-0.0021060400000000004,1018.8537326800005,1019.5993326800004,-3.7,2.846,7.4,2.7502432432432435,long_nclose,20.351800000000004,0.01997519305000383,2.0
1717785000000.0,155937,1717785000000.0,0.2298162162162157,-0.00136608,1019.0821828162167,1019.5759666000005,-2.4,2.846,5.0,2.7502432432432435,long_nclose,13.751216216216218,0.013493726461015107,7.0
1717785900000.0,155952,1717785900000.0,0.32189189189189116,-0.0014395,1019.4026352081087,1019.7170271000006,-2.5,2.879,2.5,2.7502432432432435,long_nclose,6.875608108108109,0.006744742333047304,15.0
1717786020000.0,155954,1717786020000.0,0.15450810810810775,-0.00069096,1019.5564523562167,1019.7251361400005,-1.2,2.879,1.3,2.7502432432432435,long_nclose,3.575316216216217,0.0035067368834296375,2.0
1717786200000.0,155957,1717786200000.0,0.07725405405405388,-0.00034548,1019.6333609302708,1019.7241906600005,-0.6,2.879,0.7,2.7502432432432435,long_nclose,1.9251702702702704,0.0018881005114562215,3.0
1717787160000.0,155973,1717787160000.0,0.03862702702702694,-0.00017274,1019.6718152172978,1019.7233179200005,-0.3,2.879,0.4,2.7502432432432435,long_nclose,1.1000972972972975,0.0010788738895002807,16.0
1717787280000.0,155975,1717787280000.0,0.025751351351351294,-0.00011516,1019.6974514086492,1019.7238027600005,-0.2,2.879,0.2,2.7502432432432435,long_nclose,0.5500486486486488,0.000539423382777696,2.0
1717788480000.0,155995,1717788480000.0,0.032351351351351275,-0.00011648000000000001,1019.7296862800006,1019.7296862800006,-0.2,2.912,0.0,2.7502432432432435,long_nclose,0.0,0.0,20.0
